creator_type,creator_name,title_count,movies,tv_shows
Actor,Anupam Kher,43,42,1
Actor,Shah Rukh Khan,35,35,0
Actor,Julie Tejwani,33,28,5
Actor,Takahiro Sakurai,32,7,25
Actor,Naseeruddin Shah,32,32,0
Actor,Rupa Bhimani,31,27,4
Actor,Om Puri,30,30,0
Actor,Akshay Kumar,30,30,0
Actor,Yuki Kaji,29,10,19
Actor,Amitabh Bachchan,28,28,0
Actor,Paresh Rawal,28,28,0
Actor,Boman Irani,27,27,0
Actor,Rajesh Kava,26,21,5
Actor,Vincent Tong,26,13,13
Actor,Kareena Kapoor,25,25,0
Actor,Andrea Libman,25,17,8
Actor,John Cleese,24,19,5
Actor,Samuel L. Jackson,24,22,2
Actor,Fred Tatasciore,23,17,6
Actor,Tara Strong,23,15,8
Actor,Jigna Bhardwaj,23,19,4
Actor,Daisuke Ono,22,5,17
Actor,Junichi Suwabe,21,4,17
Actor,Nicolas Cage,21,20,1
Actor,Nawazuddin Siddiqui,21,20,1
Actor,Kay Kay Menon,21,20,1
Actor,Ashleigh Ball,21,10,11
Actor,Ajay Devgn,21,21,0
Actor,David Attenborough,20,6,14
Actor,Salman Khan,20,20,0
Actor,Adam Sandler,20,20,0
Actor,Fred Armisen,19,15,4
Actor,Mamoru Miyano,19,6,13
Actor,Gulshan Grover,19,19,0
Actor,Ai Kayano,19,2,17
Actor,Yuichi Nakamura,19,3,16
Actor,Erin Fitzgerald,19,14,5
Actor,James Franco,19,19,0
Actor,Morgan Freeman,19,16,3
Actor,Seth Rogen,19,15,4
Actor,David Spade,19,17,2
Actor,Rajesh Sharma,18,16,2
Actor,Debi Derryberry,18,13,5
Actor,Laura Bailey,18,14,4
Actor,Yashpal Sharma,18,18,0
Actor,Vatsal Dubey,18,16,2
Actor,Fortune Feimster,18,13,5
Actor,Anil Kapoor,18,18,0
Actor,Diana Kaarina,18,12,6
Actor,Kana Hanazawa,18,5,13
Actor,Michela Luci,17,8,9
Actor,Jackie Shroff,17,17,0
Actor,Danny Trejo,17,16,1
Actor,Rajpal Yadav,17,17,0
Actor,Alessandro Juliani,17,10,7
Actor,Asrani,17,17,0
Actor,Bruce Willis,17,17,0
Actor,Kate Higgins,17,13,4
Actor,Saif Ali Khan,17,16,1
Actor,Molly Shannon,17,15,2
Actor,Priyanka Chopra,17,16,1
Actor,Brian Drummond,17,8,9
Actor,Tinnu Anand,16,16,0
Actor,Mike Epps,16,15,1
Actor,Hassan Hosny,16,16,0
Actor,Michael Palin,16,11,5
Actor,Manoj Joshi,16,16,0
Actor,Yoshimasa Hosoya,16,1,15
Actor,Tomokazu Sugita,16,4,12
Actor,Sanjay Mishra,16,16,0
Actor,Manoj Bajpayee,16,15,1
Actor,Amrish Puri,16,16,0
Actor,Kristen Stewart,16,16,0
Actor,Jun Fukuyama,16,1,15
Actor,Alfred Molina,16,15,1
Actor,Vijay Raaz,16,16,0
Actor,Miyuki Sawashiro,16,5,11
Actor,Hiroshi Kamiya,16,3,13
Actor,Laurence Fishburne,16,14,2
Actor,Robb Wells,16,11,5
Actor,Aamir Khan,16,16,0
Actor,Blossom Chukwujekwu,16,15,1
Actor,Maya Rudolph,16,15,1
Actor,Kari Wahlgren,16,7,9
Actor,Sam Vincent,16,7,9
Actor,Pankaj Tripathi,15,14,1
Actor,Ben Kingsley,15,14,1
Actor,Adil Hussain,15,14,1
Actor,Chris Rock,15,13,2
Actor,Keith David,15,10,5
Actor,Toyin Abraham,15,15,0
Actor,Sean Astin,15,9,6
Actor,Grey Griffin,15,5,10
Actor,Antonio Banderas,15,12,3
Actor,Richard Mofe-Damijo,15,13,2
Actor,Michael Peña,15,14,1
Actor,Kathleen Barr,15,7,8
Actor,Takehito Koyasu,15,2,13
Actor,Sanjay Dutt,15,15,0
Actor,Erin Mathews,15,10,5
Actor,Willem Dafoe,15,15,0
Actor,Sonal Kaushal,15,11,4
Actor,Eric Idle,15,10,5
Actor,John Paul Tremblay,15,10,5
Actor,Radhika Apte,15,13,2
Actor,Irrfan Khan,14,13,1
Actor,Kulbhushan Kharbanda,14,14,0
Actor,Pavan Malhotra,14,14,0
Actor,Rajkummar Rao,14,14,0
Actor,Johnny Depp,14,14,0
Actor,John Travolta,14,13,1
Actor,Sharat Saxena,14,14,0
Actor,Yoshitsugu Matsuoka,14,1,13
Actor,Shakti Kapoor,14,14,0
Actor,Helen Mirren,14,13,1
Actor,Bimbo Manuel,14,11,3
Actor,Dee Bradley Baker,14,8,6
Actor,Rosario Dawson,14,10,4
Actor,Swapnil,14,13,1
Actor,Ramsey Nouah,14,14,0
Actor,Ian James Corlett,14,10,4
Actor,Pierce Brosnan,14,14,0
Actor,Terry Jones,14,9,5
Actor,Kazuhiko Inoue,14,7,7
Actor,Mousam,14,13,1
Actor,Tabitha St. Germain,14,9,5
Actor,Guy Pearce,14,13,1
Actor,Yoko Hikasa,14,3,11
Actor,Shaffy Bello,14,13,1
Actor,Demet Akbağ,14,14,0
Actor,Woody Harrelson,14,13,1
Actor,Katrina Kaif,14,14,0
Actor,Kevin Michael Richardson,14,5,9
Actor,Natsuki Hanae,14,2,12
Actor,John Abraham,14,14,0
Actor,Samuel West,14,12,2
Actor,Liam Neeson,14,14,0
Actor,Sachin Khedekar,14,14,0
Actor,Kenjiro Tsuda,14,2,12
Actor,Tony Hale,14,9,5
Actor,Ranvir Shorey,14,13,1
Actor,Brendan Gleeson,13,13,0
Actor,Vipin Sharma,13,13,0
Actor,Ahmed Helmy,13,13,0
Actor,Ray Liotta,13,13,0
Actor,Rob Riggle,13,12,1
Actor,Amy Adams,13,13,0
Actor,Jamie Watson,13,7,6
Actor,Omoni Oboli,13,12,1
Actor,Liev Schreiber,13,13,0
Actor,Ryan Reynolds,13,13,0
Actor,Shahid Kapoor,13,13,0
Actor,Seema Biswas,13,12,1
Actor,Cindy Robinson,13,11,2
Actor,Julie Lemieux,13,6,7
Actor,Mohnish Bahl,13,13,0
Actor,Jackie Chan,13,13,0
Actor,Fumiko Orikasa,13,5,8
Actor,Saori Hayami,13,4,9
Actor,Kevin Hart,13,13,0
Actor,Jim Broadbent,13,11,2
Actor,Nana Patekar,13,13,0
Actor,Ricky Gervais,13,10,3
Actor,Terry Gilliam,13,9,4
Actor,Laura Linney,13,10,3
Actor,Maaya Sakamoto,13,6,7
Actor,David Koechner,13,11,2
Actor,Ron Perlman,13,11,2
Actor,Abhishek Bachchan,13,13,0
Actor,Joan Cusack,13,11,2
Actor,Graham Chapman,13,8,5
Actor,Rajit Kapoor,13,12,1
Actor,Rishi Kapoor,13,13,0
Actor,Mithun Chakraborty,13,13,0
Actor,Mahesh Manjrekar,13,11,2
Actor,Stanley Tucci,13,13,0
Actor,Gerard Butler,13,11,2
Actor,Will Ferrell,13,12,1
Actor,Nassar,13,13,0
Actor,Cassandra Morris,13,7,6
Actor,John C. Reilly,13,13,0
Actor,Tina Mba,13,13,0
Actor,Eric Peterson,13,7,6
Actor,James Marsden,13,12,1
Actor,Cory Doran,13,7,6
Actor,David Cross,13,9,4
Actor,Dennis Quaid,13,12,1
Actor,Tiffany Haddish,13,9,4
Actor,Nobuhiko Okamoto,12,0,12
Actor,Jeff Dunham,12,12,0
Actor,Susan Sarandon,12,10,2
Actor,America Young,12,10,2
Actor,William H. Macy,12,11,1
Actor,Christina Hendricks,12,9,3
Actor,Paul Dobson,12,5,7
Actor,Katsuyuki Konishi,12,1,11
Actor,Loretta Devine,12,10,2
Actor,Will Smith,12,10,2
Actor,Halle Berry,12,12,0
Actor,Adam Scott,12,10,2
Actor,Junko Takeuchi,12,9,3
Actor,Javed Sheikh,12,11,1
Actor,Houko Kuwashima,12,8,4
Actor,Glenn Close,12,11,1
Actor,Chris Parnell,12,9,3
Actor,Dermot Mulroney,12,11,1
Actor,Juhi Chawla,12,12,0
Actor,Jimmy Shergill,12,12,0
Actor,London Hughes,12,11,1
Actor,Robert Pattinson,12,12,0
Actor,Salma Hayek,12,12,0
Actor,Robert De Niro,12,12,0
Actor,Raghuvir Yadav,12,11,1
Actor,Paul Giamatti,12,12,0
Actor,Ben Mendelsohn,12,11,1
Actor,Jacki Weaver,12,11,1
Actor,Anton Yelchin,12,11,1
Actor,Jack Black,12,11,1
Actor,Judy Greer,12,8,4
Actor,John Dunsworth,12,9,3
Actor,Rie Kugimiya,12,2,10
Actor,Saurabh Shukla,12,12,0
Actor,Britt McKillip,12,8,4
Actor,Nick Swardson,12,10,2
Actor,Rikiya Koyama,12,6,6
Actor,Justin Long,12,9,3
Actor,Sayaka Ohara,12,1,11
Actor,Johnny Yong Bosch,12,2,10
Actor,Naomi Watts,12,11,1
Actor,Minako Kotobuki,12,8,4
Actor,Danny McBride,12,12,0
Actor,John Leguizamo,12,10,2
Actor,Tom Kenny,12,4,8
Actor,George Clooney,12,11,1
Actor,Robert Patrick,12,11,1
Actor,Steven Yeun,12,5,7
Actor,Kathryn Hahn,12,11,1
Actor,John Malkovich,12,11,1
Actor,Ken Jeong,12,11,1
Actor,Cate Blanchett,12,11,1
Actor,Patton Oswalt,12,7,5
Actor,Harrison Ford,12,12,0
Actor,Jason Schwartzman,12,8,4
Actor,Martin Lawrence,12,12,0
Actor,John Michael Higgins,12,11,1
Actor,Steve Buscemi,12,12,0
Actor,Kazuya Nakai,12,5,7
Actor,Bruce Greenwood,12,11,1
Actor,Stephanie Sheh,12,5,7
Actor,Eddie Murphy,12,10,2
Actor,Vidya Balan,12,12,0
Actor,Satoshi Hino,12,3,9
Actor,Andy Samberg,12,8,4
Actor,Stephen Fry,12,10,2
Actor,Anna Claire Bartlam,12,6,6
Actor,Elyse Maloway,12,9,3
Actor,Cedric the Entertainer,11,9,2
Actor,Tony Todd,11,9,2
Actor,Lucy Liu,11,11,0
Actor,Sylvester Stallone,11,9,2
Actor,Sunil Shetty,11,11,0
Actor,Christopher Lee,11,5,6
Actor,Kathy Bates,11,9,2
Actor,Keith Wickham,11,8,3
Actor,Gary Cole,11,8,3
Actor,Anthony Mackie,11,11,0
Actor,Konkona Sen Sharma,11,11,0
Actor,Megumi Han,11,4,7
Actor,Ben Stiller,11,9,2
Actor,Sathyaraj,11,11,0
Actor,Viola Davis,11,10,1
Actor,Kevin James,11,10,1
Actor,Manisha Koirala,11,11,0
Actor,Arjun Rampal,11,11,0
Actor,Michael Madsen,11,10,1
Actor,Abhay Deol,11,11,0
Actor,Nicole Oliver,11,8,3
Actor,Mark Hamill,11,5,6
Actor,Anthony Anderson,11,10,1
Actor,Tusshar Kapoor,11,11,0
Actor,Kenta Miyake,11,4,7
Actor,Steve Zahn,11,9,2
Actor,Tay Ping Hui,11,0,11
Actor,Emile Hirsch,11,10,1
Actor,Mike Smith,11,7,4
Actor,Aoi Yuki,11,3,8
Actor,Sean Bean,11,9,2
Actor,Elizabeth Banks,11,9,2
Actor,Divya Dutta,11,11,0
Actor,James Cromwell,11,8,3
Actor,Alok Nath,11,11,0
Actor,Don Cheadle,11,11,0
Actor,Ryohei Kimura,11,0,11
Actor,Stephen Lang,11,10,1
Actor,Julia Roberts,11,11,0
Actor,Matt Damon,11,11,0
Actor,Harvey Keitel,11,11,0
Actor,Terry Crews,11,9,2
Actor,Satish Shah,11,11,0
Actor,Sabina Malik,11,8,3
Actor,Meryl Streep,11,10,1
Actor,Kaito Ishikawa,11,0,11
Actor,Alec Baldwin,11,10,1
Actor,Jessica Chastain,11,11,0
Actor,Toshiyuki Morikawa,11,4,7
Actor,Michael Shannon,11,11,0
Actor,Julianne Moore,11,11,0
Actor,Danny Glover,11,11,0
Actor,Denzel Washington,11,11,0
Actor,Rob Schneider,11,10,1
Actor,Paul Rudd,11,8,3
Actor,Steve Coogan,11,10,1
Actor,Alison Brie,11,7,4
Actor,Nicole Anthony,11,9,2
Actor,Mario Casas,11,9,2
Actor,Frank Grillo,11,10,1
Actor,Jay Baruchel,11,7,4
Actor,Jane Krakowski,11,9,2
Actor,Koichi Yamadera,11,8,3
Actor,Dalip Tahil,11,11,0
Actor,Patrick Warburton,11,9,2
Actor,Keanu Reeves,11,11,0
Actor,Johny Lever,11,11,0
Actor,Daisuke Namikawa,11,1,10
Actor,Jigna Bharadhwaj,11,9,2
Actor,Kathryn Bernardo,11,10,1
Actor,Tracy Morgan,11,7,4
Actor,Sam Shepard,11,10,1
Actor,Carla Gugino,11,9,2
Actor,Michael Jai White,11,11,0
Actor,Gary Oldman,11,11,0
Actor,Bobby Cannavale,11,9,2
Actor,Will Forte,11,9,2
Actor,Peter Facinelli,11,9,2
Actor,Keegan-Michael Key,11,8,3
Actor,Rani Mukerji,11,11,0
Actor,Amber Heard,11,11,0
Actor,B.N. Sharma,11,11,0
Actor,Tim Blake Nelson,10,9,1
Actor,Amrita Rao,10,10,0
Actor,Hrithik Roshan,10,10,0
Actor,Nat Faxon,10,6,4
Actor,Paul Schrier,10,4,6
Actor,Jeff Bennett,10,7,3
Actor,Sonam Kapoor,10,10,0
Actor,Vera Farmiga,10,7,3
Actor,Reza Rahadian,10,10,0
Actor,Lake Bell,10,7,3
Actor,Brijendra Kala,10,10,0
Actor,Preity Zinta,10,10,0
Actor,Luke Wilson,10,10,0
Actor,Atul Kulkarni,10,10,0
Actor,T.J. Miller,10,9,1
Actor,Yuri Lowenthal,10,3,7
Actor,Chie Nakamura,10,9,1
Actor,Idris Elba,10,9,1
Actor,Kevin Corrigan,10,9,1
Actor,Rahul Bose,10,9,1
Actor,Andy Richter,10,7,3
Actor,Johnny Lever,10,10,0
Actor,Cam Clarke,10,8,2
Actor,Jennifer Garner,10,9,1
Actor,Nobunaga Shimazaki,10,2,8
Actor,Chris O'Dowd,10,7,3
Actor,Colin Farrell,10,10,0
Actor,Luis Guzmán,10,10,0
Actor,Raj Babbar,10,10,0
Actor,Romi Park,10,2,8
Actor,Kappei Yamaguchi,10,7,3
Actor,Bruce Dern,10,9,1
Actor,Sardar Sohi,10,10,0
Actor,John Goodman,10,9,1
Actor,Luis Tosar,10,9,1
Actor,Natalie Dormer,10,8,2
Actor,Sam Neill,10,9,1
Actor,Kate Walsh,10,5,5
Actor,Dustin Hoffman,10,8,2
Actor,Sonali Kulkarni,10,10,0
Actor,Jonah Hill,10,9,1
Actor,Alia Shawkat,10,8,2
Actor,Adesua Etomi,10,9,1
Actor,Donnie Yen,10,10,0
Actor,David Oyelowo,10,9,1
Actor,Yukari Tamura,10,2,8
Actor,Terrence Howard,10,10,0
Actor,Cameron Diaz,10,8,2
Actor,Oprah Winfrey,10,9,1
Actor,Supriya Pathak,10,10,0
Actor,Amy Poehler,10,7,3
Actor,Nick Offerman,10,8,2
Actor,Anna Kendrick,10,10,0
Actor,Prakash Raj,10,8,2
Actor,Karamjit Anmol,10,10,0
Actor,Nicole Kidman,10,10,0
Actor,Maria Bello,10,10,0
Actor,Bayoumi Fouad,10,9,1
Actor,Louis Koo,10,10,0
Actor,Ewan McGregor,10,9,1
Actor,Ali Nuhu,10,10,0
Actor,Kalki Koechlin,10,9,1
Actor,M・A・O,10,1,9
Actor,Topher Grace,10,8,2
Actor,Arshad Warsi,10,10,0
Actor,Segun Arinze,10,10,0
Actor,Jane Lynch,10,9,1
Actor,Neil Patrick Harris,10,8,2
Actor,Patrick Wilson,10,10,0
Actor,Jon Lovitz,10,9,1
Actor,Zakir Hussain,10,10,0
Actor,Kohsuke Toriumi,10,1,9
Actor,Nolan North,10,6,4
Actor,Emraan Hashmi,10,9,1
Actor,Mukesh Tiwari,10,10,0
Actor,Kim Coates,10,9,1
Actor,Shraddha Kapoor,10,10,0
Actor,David Harbour,10,7,3
Actor,Rebecca Shoichet,10,5,5
Actor,Reina Ueda,10,3,7
Actor,Manav Kaul,10,9,1
Actor,Neha Dhupia,10,10,0
Actor,Mikako Komatsu,10,2,8
Actor,Helena Bonham Carter,10,9,1
Actor,Shreyas Talpade,10,10,0
Actor,Zoe Saldana,10,10,0
Actor,Prem Chopra,10,10,0
Actor,Vivek Oberoi,10,10,0
Actor,Shannon Chan-Kent,10,6,4
Actor,Alan Cumming,10,10,0
Actor,Eddie Marsan,10,9,1
Actor,Cezmi Baskın,10,9,1
Actor,Anthony Hopkins,10,10,0
Actor,Taylor Lautner,10,9,1
Actor,Janeane Garofalo,10,7,3
Actor,Tamannaah Bhatia,10,10,0
Actor,Benedict Cumberbatch,10,9,1
Actor,John Carroll Lynch,10,10,0
Actor,James Remar,10,8,2
Actor,Jason Isaacs,10,8,2
Actor,Jide Kosoko,10,9,1
Actor,Manoj Pahwa,10,8,2
Actor,Mohammed Tharwat,10,9,1
Actor,Christopher Meloni,10,7,3
Actor,Greg Kinnear,10,10,0
Actor,Will Arnett,10,6,4
Actor,Kurt Russell,10,9,1
Actor,Hiroki Yasumoto,10,1,9
Actor,Grey DeLisle,10,5,5
Actor,Kazuyuki Okitsu,10,1,9
Actor,Joke Silva,10,10,0
Actor,Ramya Krishnan,10,10,0
Actor,Zach Galifianakis,10,10,0
Actor,Beverly Naya,10,9,1
Actor,Teresa Gallagher,10,6,4
Actor,Jada Pinkett Smith,10,7,3
Actor,Lena Headey,10,5,5
Actor,Mike Vogel,10,8,2
Actor,Russell Peters,10,7,3
Actor,Murli Sharma,9,9,0
Actor,Makrand Deshpande,9,9,0
Actor,Bill Hader,9,8,1
Actor,Mary Elizabeth Winstead,9,8,1
Actor,Manu Rishi Chadha,9,9,0
Actor,Sarah Natochenny,9,4,5
Actor,Mahershala Ali,9,5,4
Actor,Steve Blum,9,4,5
Actor,Giancarlo Esposito,9,5,4
Actor,Carlos Alazraqui,9,8,1
Actor,Rob Rackstraw,9,7,2
Actor,Jim Cummings,9,8,1
Actor,Dakota Fanning,9,9,0
Actor,Sam Worthington,9,9,0
Actor,Judi Dench,9,9,0
Actor,Koji Yusa,9,0,9
Actor,Richard Jenkins,9,9,0
Actor,Manish Chaudhary,9,7,2
Actor,Mike Myers,9,6,3
Actor,Craig Robinson,9,9,0
Actor,Bill Murray,9,9,0
Actor,Ashley Greene,9,9,0
Actor,Farida Jalal,9,9,0
Actor,Frank Welker,9,4,5
Actor,Walton Goggins,9,7,2
Actor,Catherine O'Hara,9,7,2
Actor,Uma Thurman,9,8,1
Actor,James Hong,9,9,0
Actor,Alexx Ekubo,9,9,0
Actor,Mike Colter,9,2,7
Actor,Sacha Baron Cohen,9,8,1
Actor,George Lopez,9,9,0
Actor,Adam Pally,9,6,3
Actor,Satsuki Yukino,9,8,1
Actor,Aishwarya Rai Bachchan,9,9,0
Actor,Vikram Gokhale,9,9,0
Actor,J.K. Simmons,9,8,1
Actor,Chloë Grace Moretz,9,9,0
Actor,Daniel Padilla,9,8,1
Actor,Joross Gamboa,9,9,0
Actor,Clancy Brown,9,8,1
Actor,Maudy Koesnaedi,9,9,0
Actor,Lotfy Labib,9,9,0
Actor,Randeep Hooda,9,9,0
Actor,Lam Suet,9,9,0
Actor,Nicolas Aqui,9,7,2
Actor,Patricia Clarkson,9,8,1
Actor,Sam Rockwell,9,8,1
Actor,Akio Otsuka,9,5,4
Actor,Yuhko Kaida,9,1,8
Actor,Gillian Jacobs,9,8,1
Actor,Reema Lagoo,9,9,0
Actor,Tetsuya Kakihara,9,1,8
Actor,Kangana Ranaut,9,9,0
Actor,Michael Douglas,9,7,2
Actor,Carmen Machi,9,8,1
Actor,Pedro Casablanc,9,5,4
Actor,Michael Sheen,9,9,0
Actor,Kiernan Shipka,9,5,4
Actor,Scoot McNairy,9,7,2
Actor,Gurpreet Guggi,9,9,0
Actor,Jack Whitehall,9,7,2
Actor,Vir Das,9,8,1
Actor,Terence Stamp,9,9,0
Actor,Jennifer Coolidge,9,8,1
Actor,Martin Short,9,8,1
Actor,Thomas Jane,9,9,0
Actor,Deepak Dobriyal,9,9,0
Actor,Jay O. Sanders,9,8,1
Actor,Kevin Costner,9,9,0
Actor,Shinichiro Miki,9,3,6
Actor,Kazuhiro Yamaji,9,3,6
Actor,Vivica A. Fox,9,8,1
Actor,Kikuko Inoue,9,3,6
Actor,Zachary Quinto,9,8,1
Actor,Keith Silverstein,9,1,8
Actor,Joel McHale,9,6,3
Actor,Bill Burr,9,8,1
Actor,Salli Saffioti,9,9,0
Actor,Leonardo DiCaprio,9,9,0
Actor,Rajendranath Zutshi,9,9,0
Actor,Jessica Alba,9,8,1
Actor,Scott Adkins,9,9,0
Actor,Cam Gigandet,9,9,0
Actor,Rashida Jones,9,7,2
Actor,Andrew Bachelor,9,7,2
Actor,Jake Gyllenhaal,9,9,0
Actor,Kelsey Grammer,9,6,3
Actor,Mae Whitman,9,7,2
Actor,Jennifer Jason Leigh,9,7,2
Actor,Maria Bamford,9,6,3
Actor,Oscar Isaac,9,9,0
Actor,Bassem Samra,9,8,1
Actor,Paul Bettany,9,9,0
Actor,Jenny Slate,9,7,2
Actor,Ireti Doyle,9,7,2
Actor,Shawn Yue,9,9,0
Actor,Erica Lindbeck,9,7,2
Actor,Chris Pine,9,7,2
Actor,Parker Posey,9,6,3
Actor,Danny Denzongpa,9,9,0
Actor,Jim Gaffigan,9,9,0
Actor,Bruce McGill,9,8,1
Actor,Kunal Kapoor,9,9,0
Actor,Marc Maron,9,6,3
Actor,Gugu Mbatha-Raw,9,7,2
Actor,Sola Sobowale,9,8,1
Actor,Christopher Plummer,9,9,0
Actor,Karisma Kapoor,9,9,0
Actor,Cherami Leigh,9,2,7
Actor,Colm Feore,9,6,3
Actor,Salih Kalyon,9,8,1
Actor,Michelle Yeoh,9,8,1
Actor,Aubrey Plaza,9,7,2
Actor,Cathy Weseluck,9,7,2
Actor,Wanda Sykes,9,6,3
Actor,Diedrich Bader,9,7,2
Actor,Jennifer Ehle,9,9,0
Actor,John DiMaggio,9,4,5
Actor,Common,9,8,1
Actor,Amanda Seyfried,9,9,0
Actor,Eri Kitamura,9,0,9
Actor,Seth Green,9,8,1
Actor,Gabriel Iglesias,9,7,2
Actor,Joe Pantoliano,9,8,1
Actor,Iliza Shlesinger,9,8,1
Actor,Haruka Tomatsu,9,1,8
Actor,Forest Whitaker,9,9,0
Actor,Ben Diskin,9,4,5
Actor,Alfre Woodard,9,8,1
Actor,Sheeba Chaddha,9,8,1
Actor,Joseph Gordon-Levitt,9,8,1
Actor,Kristen Bell,9,8,1
Actor,Rob Corddry,9,6,3
Actor,Hugh Bonneville,9,6,3
Actor,Rosamund Pike,9,7,2
Actor,Sandra Oh,9,6,3
Actor,Frank Langella,9,9,0
Actor,Michael Stuhlbarg,9,8,1
Actor,Toni Collette,9,7,2
Actor,Govind Namdeo,9,9,0
Actor,Stephen Tobolowsky,9,8,1
Actor,Javed Jaffrey,9,9,0
Actor,Lacey Chabert,9,7,2
Actor,Jesse Plemons,8,6,2
Actor,Lillete Dubey,8,8,0
Actor,Femi Adebayo,8,8,0
Actor,John Mulaney,8,7,1
Actor,Bradley Cooper,8,7,1
Actor,Riley Keough,8,8,0
Actor,Stephen Root,8,5,3
Actor,Macon Blair,8,8,0
Actor,Hiroyuki Yoshino,8,0,8
Actor,Emma Stone,8,6,2
Actor,Kumiko Watanabe,8,7,1
Actor,Crispin Glover,8,8,0
Actor,Melanie Lynskey,8,8,0
Actor,Ken Marino,8,4,4
Actor,Jesse Eisenberg,8,8,0
Actor,Nicholas Hoult,8,7,1
Actor,Stellan Skarsgård,8,8,0
Actor,Tituss Burgess,8,6,2
Actor,Mindy Sterling,8,8,0
Actor,Riteish Deshmukh,8,8,0
Actor,Amy Sedaris,8,6,2
Actor,Paul Reiser,8,6,2
Actor,Arya Babbar,8,8,0
Actor,Missi Pyle,8,8,0
Actor,Kishore Kadam,8,8,0
Actor,Rooney Mara,8,8,0
Actor,Ezzat Abou Aouf,8,8,0
Actor,Arbaaz Khan,8,8,0
Actor,Jeff Garlin,8,8,0
Actor,Koji Tsujitani,8,7,1
Actor,Aaron Paul,8,6,2
Actor,Bob Odenkirk,8,4,4
Actor,Karen Strassman,8,2,6
Actor,Jon Favreau,8,7,1
Actor,Robert Forster,8,8,0
Actor,Zeenat Aman,8,8,0
Actor,Imran Khan,8,8,0
Actor,Nasser,8,8,0
Actor,Sarah Gadon,8,6,2
Actor,Soma Saito,8,1,7
Actor,Josh Duhamel,8,5,3
Actor,Mamiko Noto,8,3,5
Actor,Mark Wahlberg,8,8,0
Actor,Dimple Kapadia,8,8,0
Actor,Yogi Babu,8,7,1
Actor,Emma Roberts,8,7,1
Actor,Evan Smith,8,7,1
Actor,John Cusack,8,8,0
Actor,Ayo Makun,8,8,0
Actor,Simon Pegg,8,7,1
Actor,Ben Whishaw,8,7,1
Actor,Neena Gupta,8,7,1
Actor,Vanessa Hudgens,8,8,0
Actor,John Rhys-Davies,8,6,2
Actor,Aditi Rao Hydari,8,8,0
Actor,Sharon Stone,8,7,1
Actor,Reese Witherspoon,8,6,2
Actor,Rio Dewanto,8,8,0
Actor,Jason Bateman,8,6,2
Actor,Kate Winslet,8,8,0
Actor,Selma Blair,8,6,2
Actor,Ryotaro Okiayu,8,2,6
Actor,Jeanette Aw,8,1,7
Actor,Anushka Shetty,8,8,0
Actor,Jeff Bridges,8,8,0
Actor,Bobby Deol,8,8,0
Actor,Sarah Paulson,8,5,3
Actor,Alyson Leigh Rosenfeld,8,3,5
Actor,Tom Hanks,8,8,0
Actor,Bob Balaban,8,5,3
Actor,Jon Bernthal,8,5,3
Actor,Bea Alonzo,8,8,0
Actor,David Schwimmer,8,4,4
Actor,Vijay Sethupathi,8,7,1
Actor,Rana Daggubati,8,8,0
Actor,Melissa Leo,8,7,1
Actor,Heather Graham,8,7,1
Actor,James Cosmo,8,8,0
Actor,Kat Graham,8,7,1
Actor,Emory Cohen,8,7,1
Actor,Smita Malhotra,8,8,0
Actor,Nirmal Rishi,8,8,0
Actor,Kiron Kher,8,8,0
Actor,Sahajak Boonthanakit,8,7,1
Actor,Sarah Jessica Parker,8,8,0
Actor,Leslie Bibb,8,7,1
Actor,Aki Toyosaki,8,5,3
Actor,Seann William Scott,8,8,0
Actor,Philip Baker Hall,8,8,0
Actor,Manav Vij,8,8,0
Actor,Tomokazu Seki,8,1,7
Actor,Satish Kaushik,8,8,0
Actor,James Fox,8,7,1
Actor,T.I.,8,6,2
Actor,Natasha Lyonne,8,6,2
Actor,Farhan Akhtar,8,8,0
Actor,Maaya Uchida,8,0,8
Actor,Shia LaBeouf,8,8,0
Actor,Hugo Weaving,8,8,0
Actor,Purab Kohli,8,7,1
Actor,Ratna Pathak Shah,8,7,1
Actor,Tommy Lee Jones,8,8,0
Actor,Kumud Mishra,8,8,0
Actor,Dylan McDermott,8,6,2
Actor,Kristen Schaal,8,5,3
Actor,Josh Lucas,8,7,1
Actor,Mark Strong,8,7,1
Actor,Vincent D'Onofrio,8,7,1
Actor,Kevin Spacey,8,7,1
Actor,Octavia Spencer,8,7,1
Actor,Martin Sheen,8,6,2
Actor,Tannishtha Chatterjee,8,8,0
Actor,Thomas Mann,8,8,0
Actor,Kellan Lutz,8,8,0
Actor,Jeffrey Wright,8,7,1
Actor,Deon Cole,8,5,3
Actor,Himani Shivpuri,8,8,0
Actor,Gael García Bernal,8,8,0
Actor,Alison Pill,8,7,1
Actor,Carrie-Anne Moss,8,6,2
Actor,Oliver Platt,8,7,1
Actor,Christopher Mintz-Plasse,8,6,2
Actor,Vinnie Jones,8,7,1
Actor,Vinay Pathak,8,7,1
Actor,Lisa Kudrow,8,4,4
Actor,Urmila Matondkar,8,8,0
Actor,Enyinna Nwigwe,8,7,1
Actor,Arjun Mathur,8,8,0
Actor,Ben Affleck,8,8,0
Actor,Olivia Colman,8,4,4
Actor,Atsuko Tanaka,8,0,8
Actor,Cengiz Bozkurt,8,6,2
Actor,Samy Maghawry,8,8,0
Actor,Keiji Fujiwara,8,0,8
Actor,Madhuri Dixit,8,8,0
Actor,Bipasha Basu,8,7,1
Actor,Brittany Snow,8,7,1
Actor,Audu Paden,8,7,1
Actor,Nse Ikpe-Etim,8,7,1
Actor,Snoop Dogg,8,7,1
Actor,Pran,8,8,0
Actor,Smita Jaykar,8,8,0
Actor,Wale Ojo,8,6,2
Actor,Michael Dobson,8,5,3
Actor,Santosh Juvekar,8,8,0
Actor,Tabu,8,8,0
Actor,Jennifer Aniston,8,7,1
Actor,Subodh Bhave,8,8,0
Actor,Shizuka Ito,8,0,8
Actor,Al Pacino,8,8,0
Actor,Falz,8,8,0
Actor,Ed Helms,8,6,2
Actor,Allison Janney,8,7,1
Actor,Madhavan,8,8,0
Actor,Jake Johnson,8,5,3
Actor,Ben Schwartz,8,5,3
Actor,Hiroaki Hirata,8,0,8
Actor,Michelle Buteau,8,6,2
Actor,Brad Pitt,8,8,0
Actor,Leonardo Sbaraglia,8,8,0
Actor,Ludacris,8,8,0
Actor,Bryce Papenbrook,8,1,7
Actor,Haluk Bilginer,8,5,3
Actor,Chris Attoh,8,7,1
Actor,Demián Bichir,8,7,1
Actor,Kader Khan,8,8,0
Actor,Jon Hamm,8,4,4
Actor,Kristin Scott Thomas,8,8,0
Actor,David Strathairn,8,8,0
Actor,Iko Uwais,8,7,1
Actor,Ciarán Hinds,8,8,0
Actor,Yılmaz Erdoğan,8,8,0
Actor,Toby Huss,8,7,1
Actor,Chadwick Boseman,8,8,0
Actor,Rekha,8,8,0
Actor,Rasika Dugal,8,6,2
Actor,Michael Cera,8,5,3
Actor,Tatsuhisa Suzuki,8,3,5
Actor,Michael Gross,8,8,0
Actor,Lara Dutta,8,8,0
Actor,Elle Fanning,8,8,0
Actor,Roger Craig Smith,8,4,4
Actor,Jason Flemyng,8,7,1
Actor,Jackson Rathbone,8,8,0
Actor,Prabhas,8,8,0
Actor,Deepika Padukone,8,8,0
Actor,David Kaye,8,3,5
Actor,Hiro Shimono,8,0,8
Actor,Kensho Ono,8,2,6
Actor,Saurav Chakraborty,8,8,0
Actor,Shabana Azmi,8,8,0
Actor,Matt Hill,8,2,6
Actor,Ami Koshimizu,8,0,8
Actor,Michiel Huisman,8,7,1
Actor,Yui Horie,8,1,7
Actor,Teresa Palmer,7,7,0
Actor,Nana Mizuki,7,3,4
Actor,Jacqueline Fernandez,7,7,0
Actor,Wataru Takagi,7,0,7
Actor,Sanjay Kapoor,7,7,0
Actor,Akshay Oberoi,7,6,1
Actor,Candi Milo,7,3,4
Actor,Saeed Jaffrey,7,7,0
Actor,Paul Reubens,7,5,2
Actor,Natalie Portman,7,7,0
Actor,Kazumi Evans,7,4,3
Actor,Imanol Arias,7,6,1
Actor,Martin Freeman,7,5,2
Actor,Smita Tambe,7,7,0
Actor,Molly Ringwald,7,5,2
Actor,Cuba Gooding Jr.,7,4,3
Actor,Randall Park,7,6,1
Actor,Fatih Artman,7,5,2
Actor,Rhys Darby,7,5,2
Actor,Ranbir Kapoor,7,7,0
Actor,Eric Bauza,7,4,3
Actor,Akhilendra Mishra,7,7,0
Actor,Bradley Whitford,7,5,2
Actor,Donald Faison,7,6,1
Actor,Rory Kinnear,7,3,4
Actor,Bill Camp,7,6,1
Actor,Jerry Seinfeld,7,6,1
Actor,Maurice LaMarche,7,3,4
Actor,Ron Livingston,7,6,1
Actor,Haley Bennett,7,7,0
Actor,Bernie Mac,7,7,0
Actor,Zac Efron,7,6,1
Actor,Trevor Devall,7,5,2
Actor,Neil Nitin Mukesh,7,7,0
Actor,Kal Penn,7,5,2
Actor,Daniel Brühl,7,6,1
Actor,Sambasa Nzeribe,7,7,0
Actor,Odunlade Adekola,7,7,0
Actor,Giovanni Ribisi,7,6,1
Actor,Matthias Schoenaerts,7,7,0
Actor,Peter Mullan,7,4,3
Actor,Sharman Joshi,7,7,0
Actor,Hisako Kanemoto,7,0,7
Actor,Bella Thorne,7,7,0
Actor,Nicole Byer,7,3,4
Actor,Jamie Bell,7,6,1
Actor,Wilmer Valderrama,7,4,3
Actor,José Coronado,7,5,2
Actor,Kehinde Bankole,7,7,0
Actor,Rachel McAdams,7,7,0
Actor,John Turturro,7,6,1
Actor,Zhang Zhenhuan,7,0,7
Actor,Diego Luna,7,5,2
Actor,Whoopi Goldberg,7,6,1
Actor,Joju George,7,7,0
Actor,Eddie Izzard,7,5,2
Actor,Erika Fong,7,5,2
Actor,Matt Walsh,7,7,0
Actor,Arcelia Ramírez,7,3,4
Actor,Louis C.K.,7,7,0
Actor,Kevin Bacon,7,7,0
Actor,Joel Courtney,7,6,1
Actor,Burt Young,7,7,0
Actor,Ata Demirer,7,7,0
Actor,Dale Dickey,7,6,1
Actor,Sigourney Weaver,7,5,2
Actor,Andy Serkis,7,7,0
Actor,Satomi Sato,7,1,6
Actor,Kemi Lala Akindoju,7,6,1
Actor,Damandeep Singh Baggan,7,7,0
Actor,Colin Quinn,7,7,0
Actor,Emily Mortimer,7,7,0
Actor,Andrea Riseborough,7,5,2
Actor,Chris Evans,7,7,0
Actor,Chandan Roy Sanyal,7,6,1
Actor,Karra Elejalde,7,7,0
Actor,Aislinn Derbez,7,5,2
Actor,Billy Burke,7,7,0
Actor,Michael Ironside,7,6,1
Actor,Billy Zane,7,7,0
Actor,Robbie Daymond,7,4,3
Actor,Rose McIver,7,5,2
Actor,Sanjay Suri,7,6,1
Actor,Suhasini Mulay,7,6,1
Actor,Shernaz Patel,7,7,0
Actor,Doug Jones,7,7,0
Actor,Johnathon Schaech,7,7,0
Actor,Gigi Saul Guerrero,7,7,0
Actor,Najee De-Tiege,7,5,2
Actor,Merritt Wever,7,4,3
Actor,Darshan Jariwala,7,7,0
Actor,Scott Porter,7,3,4
Actor,Kate Berlant,7,4,3
Actor,Funke Akindele,7,7,0
Actor,Jay Duplass,7,6,1
Actor,Troy Baker,7,5,2
Actor,Elise Neal,7,7,0
Actor,Riccardo Scamarcio,7,6,1
Actor,Noriaki Sugiyama,7,3,4
Actor,Maryke Hendrikse,7,4,3
Actor,Tantoo Cardinal,7,6,1
Actor,Victor Garber,7,5,2
Actor,Aaron Eckhart,7,7,0
Actor,Alia Bhatt,7,7,0
Actor,Ogie Banks,7,6,1
Actor,Omari Hardwick,7,6,1
Actor,Diane Keaton,7,6,1
Actor,Brie Larson,7,7,0
Actor,Jeff Daniels,7,6,1
Actor,Adrian Petriw,7,2,5
Actor,Harby Sangha,7,7,0
Actor,Hirotaka Suzuoki,7,5,2
Actor,Dayci Brookshire,7,4,3
Actor,Marlon Wayans,7,6,1
Actor,Bryce Dallas Howard,7,6,1
Actor,Lee Tockar,7,5,2
Actor,Rajesh Kawa,7,6,1
Actor,Clive Owen,7,7,0
Actor,Emilio Gutiérrez Caba,7,7,0
Actor,Tom Wilkinson,7,6,1
Actor,Aziz Ansari,7,5,2
Actor,Ayako Kawasumi,7,2,5
Actor,Retta,7,4,3
Actor,Noriko Hidaka,7,5,2
Actor,Molly Parker,7,4,3
Actor,Christina Ricci,7,6,1
Actor,Shammi Kapoor,7,7,0
Actor,Kenyu Horiuchi,7,2,5
Actor,Helen,7,7,0
Actor,Alicia Vikander,7,6,1
Actor,Rob Lowe,7,4,3
Actor,Ahmed Rateb,7,7,0
Actor,Christopher Walken,7,7,0
Actor,Dibyendu Bhattacharya,7,5,2
Actor,Catherine Keener,7,6,1
Actor,Mike Birbiglia,7,7,0
Actor,Paoli Dam,7,7,0
Actor,Kelly Sheridan,7,5,2
Actor,Brittany Anne Pirtle,7,5,2
Actor,Sora Amamiya,7,2,5
Actor,Charlie Sheen,7,7,0
Actor,Josh Charles,7,4,3
Actor,Jim Sturgess,7,7,0
Actor,Cem Yılmaz,7,7,0
Actor,Donald Sutherland,7,7,0
Actor,Lily Collins,7,6,1
Actor,James Wen,7,0,7
Actor,Deepti Naval,7,7,0
Actor,Olga Kurylenko,7,7,0
Actor,Ahmed Fathy,7,7,0
Actor,Sonali Bendre,7,7,0
Actor,Patrick Stewart,7,6,1
Actor,David Thewlis,7,7,0
Actor,Logan Marshall-Green,7,5,2
Actor,Henry Thomas,7,4,3
Actor,Fred Willard,7,5,2
Actor,Daryl Sabara,7,6,1
Actor,Sarah Shahi,7,4,3
Actor,Sonu Sood,7,7,0
Actor,Sterling K. Brown,7,4,3
Actor,Anamaya Verma,7,5,2
Actor,Robert Downey Jr.,7,7,0
Actor,Hector David Jr.,7,5,2
Actor,James Arnold Taylor,7,5,2
Actor,Rose Byrne,7,7,0
Actor,Chiwetel Ejiofor,7,7,0
Actor,Ethan Hawke,7,7,0
Actor,Ini Dima-Okojie,7,6,1
Actor,Natasha Leggero,7,3,4
Actor,Um Sang-hyun,7,1,6
Actor,Jude Law,7,6,1
Actor,Stephen Campbell Moore,7,5,2
Actor,Joe Don Baker,7,7,0
Actor,Lochlyn Munro,7,6,1
Actor,Daniel Craig,7,7,0
Actor,Ashton Kutcher,7,5,2
Actor,Shuichi Ikeda,7,5,2
Actor,David Tennant,7,2,5
Actor,Sudhi Koppa,7,7,0
Actor,Channing Tatum,7,7,0
Actor,Nick Kroll,7,6,1
Actor,John Lloyd Cruz,7,7,0
Actor,Wally Wingert,7,6,1
Actor,Jason Mantzoukas,7,5,2
Actor,Youssef Eid,7,7,0
Actor,Angela Bassett,7,6,1
Actor,Kanwaljeet Singh,7,7,0
Actor,Blanca Suárez,7,4,3
Actor,Jim Parsons,7,6,1
Actor,James Caan,7,7,0
Actor,Avtar Gill,7,7,0
Actor,Rajat Kapoor,7,7,0
Actor,Jamie Foxx,7,6,1
Actor,Bill Smitrovich,7,7,0
Actor,James Purefoy,7,4,3
Actor,Akshaye Khanna,7,7,0
Actor,Mahie Gill,7,7,0
Actor,Sunny Leone,7,6,1
Actor,Kenji Nojima,7,1,6
Actor,Mohan Joshi,7,7,0
Actor,Bobby Moynihan,7,6,1
Actor,Benjamin Flores Jr.,7,6,1
Actor,Annabeth Gish,7,5,2
Actor,Showtaro Morikubo,7,4,3
Actor,Elizabeth Reaser,7,6,1
Actor,Sawsan Badr,7,4,3
Actor,Alex Heartman,7,5,2
Actor,Henley Hii,7,4,3
Actor,Christian Bale,7,7,0
Actor,Todd Haberkorn,7,2,5
Actor,Kevin Pollak,7,7,0
Actor,Lin Shaye,7,7,0
Actor,America Ferrera,7,4,3
Actor,Jeffrey Tambor,7,6,1
Actor,Benjamin Bratt,7,7,0
Actor,Vince Vaughn,7,7,0
Actor,Lili Taylor,7,5,2
Actor,Katt Williams,7,7,0
Actor,Ernesto Alterio,7,4,3
Actor,Rene Naufahu,7,4,3
Actor,Dakore Akande,7,5,2
Actor,Mary Steenburgen,7,7,0
Actor,Sharon Ooja,7,7,0
Actor,Belén Cuesta,7,6,1
Actor,Alain Hernández,7,6,1
Actor,Ryota Osaka,7,0,7
Actor,Eva Mendes,7,7,0
Actor,Mark Ruffalo,7,7,0
Actor,Cliff Curtis,7,7,0
Actor,Sarah Silverman,7,6,1
Actor,Maxi Iglesias,7,2,5
Actor,Ricardo Quevedo,7,7,0
Actor,Bill Pullman,7,5,2
Actor,Taraji P. Henson,7,5,2
Actor,Shea Whigham,7,7,0
Actor,Büşra Pekin,7,7,0
Actor,Matthew Goode,7,5,2
Actor,Laura Dern,7,6,1
Actor,Ashley Judd,7,7,0
Actor,Kiana Madeira,7,6,1
Actor,Michael Kenneth Williams,7,5,2
Actor,Yuki Ono,7,0,7
Actor,Chinatsu Akasaki,7,0,7
Actor,Jason Sudeikis,7,7,0
Actor,Jorge Diaz,7,4,3
Actor,Vikrant Massey,7,7,0
Actor,Hugo Silva,7,4,3
Actor,Johnny Knoxville,7,7,0
Actor,Dave Chappelle,7,4,3
Actor,Noah Centineo,7,7,0
Actor,Álvaro Cervantes,7,5,2
Actor,Mark Duplass,7,7,0
Actor,Angelina Jolie,7,6,1
Actor,Kaori Nazuka,7,0,7
Actor,Ryan Phillippe,7,5,2
Actor,Michael Keaton,7,7,0
Actor,Marcia Gay Harden,7,7,0
Actor,Anna Faris,7,7,0
Actor,Jonathan Pryce,7,7,0
Actor,Tapsee Pannu,7,7,0
Actor,Tim Roth,7,6,1
Actor,Toni Tones,7,5,2
Actor,Derek McGrath,7,5,2
Actor,Tom Sizemore,7,6,1
Actor,Phoebe Waller-Bridge,6,4,2
Actor,Simon Greenall,6,3,3
Actor,Isha Koppikar,6,6,0
Actor,Tom Segura,6,5,1
Actor,Hiroki Touchi,6,0,6
Actor,Nikki Glaser,6,3,3
Actor,Hugh Jackman,6,6,0
Actor,Eugenio Derbez,6,5,1
Actor,John Ortiz,6,5,1
Actor,Melissa McCarthy,6,4,2
Actor,Michael Smiley,6,5,1
Actor,Darcy Rose Byrnes,6,2,4
Actor,Kana Ueda,6,1,5
Actor,Khaled El Sawy,6,6,0
Actor,Huma Qureshi,6,5,1
Actor,Mohamed Ramadan,6,5,1
Actor,Jim Jefferies,6,6,0
Actor,Francesc Orella,6,5,1
Actor,Malin Akerman,6,4,2
Actor,Ray Winstone,6,6,0
Actor,Kotono Mitsuishi,6,2,4
Actor,Dan Aykroyd,6,6,0
Actor,Sonakshi Sinha,6,6,0
Actor,Domhnall Gleeson,6,5,1
Actor,Jared Harris,6,4,2
Actor,Mel Brooks,6,6,0
Actor,Tarık Ünlüoğlu,6,6,0
Actor,Jonathan Holmes,6,5,1
Actor,Brian White,6,5,1
Actor,Erdal Tosun,6,6,0
Actor,Lauren Lapkus,6,4,2
Actor,Deyemi Okanlawon,6,5,1
Actor,Mariya Ise,6,1,5
Actor,Marta Etura,6,5,1
Actor,Amanda Chou,6,0,6
Actor,Mark Webber,6,6,0
Actor,Jonathan Van Ness,6,3,3
Actor,Jude Chukwuka,6,2,4
Actor,Brian Cox,6,6,0
Actor,Tom Green,6,5,1
Actor,Ángela Molina,6,3,3
Actor,Misaki Kuno,6,1,5
Actor,Max Martini,6,5,1
Actor,Vijay Maurya,6,6,0
Actor,Famke Janssen,6,5,1
Actor,Kajol,6,6,0
Actor,Anne Hathaway,6,6,0
Actor,Emily Watson,6,6,0
Actor,Joey King,6,6,0
Actor,Jaden Smith,6,5,1
Actor,Zachary Levi,6,5,1
Actor,Sadie Sink,6,3,3
Actor,Michael Gambon,6,6,0
Actor,Jonathan Banks,6,3,3
Actor,Abby Trott,6,4,2
Actor,John Cho,6,6,0
Actor,Gulshan Devaiah,6,6,0
Actor,Paul Sorvino,6,5,1
Actor,Djimon Hounsou,6,6,0
Actor,Yayan Ruhian,6,6,0
Actor,Brían F. O'Byrne,6,4,2
Actor,Connie Britton,6,2,4
Actor,Nao Toyama,6,0,6
Actor,Sohail Khan,6,6,0
Actor,Christine Baranski,6,6,0
Actor,Penélope Cruz,6,5,1
Actor,Gippy Grewal,6,6,0
Actor,John Corbett,6,6,0
Actor,Jon Heder,6,6,0
Actor,Gina Rodriguez,6,4,2
Actor,Junya Enoki,6,0,6
Actor,Charles Dance,6,5,1
Actor,Vice Ganda,6,6,0
Actor,Meagan Good,6,6,0
Actor,Joseph May,6,6,0
Actor,Wendy Crewson,6,4,2
Actor,Sydney Park,6,3,3
Actor,Michael Eklund,6,4,2
Actor,Pamela Reed,6,5,1
Actor,Roy Chiu,6,3,3
Actor,Alexa PenaVega,6,6,0
Actor,Jacek Koman,6,4,2
Actor,Amruta Subhash,6,5,1
Actor,Tanuja,6,6,0
Actor,Tuppence Middleton,6,4,2
Actor,Takuma Terashima,6,0,6
Actor,Parvin Dabas,6,6,0
Actor,Daveed Diggs,6,3,3
Actor,Riz Ahmed,6,4,2
Actor,RZA,6,6,0
Actor,Macarena García,6,4,2
Actor,Kabir Bedi,6,5,1
Actor,Ravi Kishan,6,5,1
Actor,Pearl Thusi,6,4,2
Actor,Jack McBrayer,6,5,1
Actor,Masakazu Morita,6,2,4
Actor,Alexandra Jiménez,6,5,1
Actor,Girish Kulkarni,6,5,1
Actor,Amrita Singh,6,6,0
Actor,Nick Nolte,6,6,0
Actor,Al Tantay,6,6,0
Actor,Pevita Pearce,6,6,0
Actor,William Fichtner,6,6,0
Actor,Jouji Nakata,6,1,5
Actor,Javier Gutiérrez,6,6,0
Actor,Sean Penn,6,6,0
Actor,Shubha Khote,6,6,0
Actor,DeRay Davis,6,6,0
Actor,Luis Callejo,6,5,1
Actor,Richard Ian Cox,6,1,5
Actor,Felicity Jones,6,6,0
Actor,Belçim Bilgin,6,5,1
Actor,Brett Gelman,6,4,2
Actor,Burt Reynolds,6,6,0
Actor,Evan Peters,6,4,2
Actor,Freida Pinto,6,5,1
Actor,Bryan Cranston,6,5,1
Actor,Margaret Cho,6,6,0
Actor,Alfonso Herrera,6,3,3
Actor,Vincent Kartheiser,6,5,1
Actor,Verne Troyer,6,5,1
Actor,Patrick Diabuah,6,4,2
Actor,Siddarth Jadhav,6,6,0
Actor,Ellen Page,6,5,1
Actor,Megumi Ogata,6,2,4
Actor,Bárbara Lennie,6,5,1
Actor,Robbie Amell,6,6,0
Actor,Charles Grodin,6,6,0
Actor,Kelly Macdonald,6,4,2
Actor,Victoria Justice,6,5,1
Actor,Juan Pablo Urrego,6,0,6
Actor,Miranda Otto,6,5,1
Actor,Anita Devgan,6,6,0
Actor,Ram Kapoor,6,5,1
Actor,Manolo Cardona,6,3,3
Actor,Alexander Siddig,6,2,4
Actor,Scarlett Johansson,6,6,0
Actor,Billy Crudup,6,5,1
Actor,Kristin Chenoweth,6,6,0
Actor,Liam Cunningham,6,4,2
Actor,Brian Dobson,6,2,4
Actor,Denzil Smith,6,6,0
Actor,Mohan Agashe,6,6,0
Actor,Dominic West,6,4,2
Actor,Corey Johnson,6,5,1
Actor,Sayed Rajab,6,4,2
Actor,Rahul Singh,6,6,0
Actor,Sue Ramirez,6,6,0
Actor,Kirsten Dunst,6,6,0
Actor,Colin Firth,6,6,0
Actor,Mai Nakahara,6,0,6
Actor,Embeth Davidtz,6,6,0
Actor,Kharaj Mukherjee,6,5,1
Actor,Anthony LaPaglia,6,5,1
Actor,Anjelica Huston,6,5,1
Actor,Pitobash,6,6,0
Actor,Jim Iyke,6,6,0
Actor,Wesley Snipes,6,6,0
Actor,Serkan Keskin,6,4,2
Actor,Kyle Chandler,6,4,2
Actor,Jitendra Joshi,6,4,2
Actor,Zach Callison,6,4,2
Actor,Javier Rey,6,3,3
Actor,Harold Perrineau,6,6,0
Actor,Ali Larter,6,6,0
Actor,Dilip Prabhavalkar,6,6,0
Actor,Theo James,6,5,1
Actor,Shefali Shah,6,5,1
Actor,Matthew Modine,6,5,1
Actor,Yousra,6,5,1
Actor,Queen Latifah,6,6,0
Actor,Liza Soberano,6,5,1
Actor,Kate Mara,6,4,2
Actor,Garry Chalk,6,5,1
Actor,Nkem Owoh,6,6,0
Actor,Prakash Belawadi,6,6,0
Actor,Julie Maddalena,6,4,2
Actor,Emma Thompson,6,6,0
Actor,Neil Bhoopalam,6,5,1
Actor,Lucy Boynton,6,4,2
Actor,Thomas Brodie-Sangster,6,4,2
Actor,Aura Garrido,6,4,2
Actor,Dulquer Salmaan,6,6,0
Actor,Malcolm McDowell,6,6,0
Actor,Michelle Rodriguez,6,6,0
Actor,Mohamed Lotfy,6,6,0
Actor,Matt Berry,6,2,4
Actor,Jason Mewes,6,4,2
Actor,Chino Darín,6,4,2
Actor,Eamon Farren,6,4,2
Actor,Johnny Simmons,6,5,1
Actor,Cassandra Ciangherotti,6,6,0
Actor,Winona Ryder,6,5,1
Actor,Richard Gere,6,6,0
Actor,Dani Rovira,6,6,0
Actor,Devrim Yakut,6,6,0
Actor,David Bradley,6,2,4
Actor,John Lithgow,6,5,1
Actor,Shamier Anderson,6,4,2
Actor,Michael Kopsa,6,5,1
Actor,Steve Carell,6,4,2
Actor,Ian McKellen,6,6,0
Actor,Chris Elliott,6,5,1
Actor,Juan Pablo Raba,6,2,4
Actor,Tina Fey,6,4,2
Actor,Enrique Gil,6,6,0
Actor,Yuki Yamada,6,5,1
Actor,Narendra Jha,6,6,0
Actor,Hochu Otsuka,6,0,6
Actor,Soha Ali Khan,6,6,0
Actor,Jean-Claude Van Damme,6,6,0
Actor,Jim Sarbh,6,6,0
Actor,Angelica Panganiban,6,6,0
Actor,Paco León,6,5,1
Actor,Travis Turner,6,2,4
Actor,Renée Zellweger,6,5,1
Actor,Edgar Ramírez,6,5,1
Actor,Hassan Abdulfattah,6,6,0
Actor,Charlie Tahan,6,5,1
Actor,Edward Norton,6,6,0
Actor,Maisie Benson,6,5,1
Actor,Yul Vazquez,6,5,1
Actor,Ethan Suplee,6,6,0
Actor,Robert Redford,6,6,0
Actor,André Holland,6,4,2
Actor,Courtney B. Vance,6,4,2
Actor,Bindu,6,6,0
Actor,Shiv Pandit,6,6,0
Actor,Cole Hauser,6,5,1
Actor,Alice Krige,6,5,1
Actor,Timothy Olyphant,6,5,1
Actor,Adrien Brody,6,5,1
Actor,Hong Bum-ki,6,1,5
Actor,Zainab Balogun,6,6,0
Actor,Avan Jogia,6,5,1
Actor,Hilary Swank,6,5,1
Actor,Nikki Reed,6,5,1
Actor,Genevieve Nnaji,6,6,0
Actor,Michael Ealy,6,6,0
Actor,Kouki Uchiyama,6,0,6
Actor,Jayma Mays,6,4,2
Actor,David Lodge,6,2,4
Actor,Eda Ece,6,5,1
Actor,Nancy Isime,6,5,1
Actor,Toru Okawa,6,1,5
Actor,Kristin Davis,6,6,0
Actor,Fumihiko Tachiki,6,4,2
Actor,Toru Furuya,6,4,2
Actor,Shahana Goswami,6,5,1
Actor,William Shatner,6,5,1
Actor,Indrans,6,6,0
Actor,Jennifer Beals,6,4,2
Actor,Ron Funches,6,3,3
Actor,Zoey Deutch,6,5,1
Actor,Adrián Lastra,6,3,3
Actor,Taye Diggs,6,4,2
Actor,Allen Covert,6,6,0
Actor,Jack Nicholson,6,6,0
Actor,Craig Sechler,6,6,0
Actor,Will Yun Lee,6,5,1
Actor,Drew Barrymore,6,5,1
Actor,Damián Alcázar,6,2,4
Actor,Laraine Newman,6,0,6
Actor,Patrick Roach,6,5,1
Actor,Liam O'Brien,6,5,1
Actor,Thandie Newton,6,6,0
Actor,Erica Schroeder,6,2,4
Actor,Yograj Singh,6,6,0
Actor,Felix Ryan,6,4,2
Actor,Paul Killam,6,5,1
Actor,Ian McShane,6,6,0
Actor,Derek Jacobi,6,4,2
Actor,Cut Mini Theo,6,6,0
Actor,Vanessa Redgrave,6,5,1
Actor,Ikue Otani,6,2,4
Actor,Frank Donga,6,6,0
Actor,Alex Zahara,6,4,2
Actor,Matthew Gray Gubler,6,5,1
Actor,Scott Glenn,6,4,2
Actor,Melissa Bolona,6,6,0
Actor,Amit Sial,6,5,1
Actor,Henry Cavill,6,3,3
Actor,Danny DeVito,6,5,1
Actor,Zooey Deschanel,6,5,1
Actor,Asami Seto,6,0,6
Actor,Chelsea Islan,6,6,0
Actor,Chris D'Elia,6,5,1
Actor,Ayelet Zurer,6,4,2
Actor,Gabriel Byrne,6,4,2
Actor,Rajendra Gupta,6,6,0
Actor,Jules De Jongh,6,4,2
Actor,Bill Nighy,6,6,0
Actor,Graham McTavish,6,4,2
Actor,Gabrielle Union,6,4,2
Actor,Jennifer Lopez,6,6,0
Actor,Chris Cooper,6,6,0
Actor,Indraneil Sengupta,6,5,1
Actor,Emily Ratajkowski,6,5,1
Actor,Simon Yam,6,6,0
Actor,Eddie Redmayne,6,6,0
Actor,Kerry Washington,6,5,1
Actor,Jaideep Ahlawat,6,5,1
Actor,Nylon Chen,6,0,6
Actor,Sung Dong-il,6,1,5
Actor,Taapsee Pannu,6,6,0
Actor,Kenan Thompson,6,6,0
Actor,Jessica Biel,6,5,1
Actor,Eric André,6,5,1
Actor,Benedict Wong,6,3,3
Actor,Philip Seymour Hoffman,6,6,0
Actor,Eric Bana,6,5,1
Actor,Ari Ozawa,6,2,4
Actor,Vinod Khanna,6,6,0
Actor,Kirti Kulhari,6,5,1
Actor,Humberto Busto,6,4,2
Actor,Maggie Gyllenhaal,6,6,0
Actor,Katherine Heigl,6,4,2
Actor,Tony Goldwyn,6,4,2
Actor,Sarah-Jane Dias,6,4,2
Actor,Mélanie Laurent,6,6,0
Actor,Marton Csokas,6,5,1
Actor,Russell Brand,6,6,0
Actor,Tress MacNeille,6,3,3
Actor,Raima Sen,6,6,0
Actor,Theo Rossi,6,5,1
Actor,Daryl Hannah,6,5,1
Actor,Jim Carrey,6,6,0
Actor,Taissa Farmiga,6,5,1
Actor,Peter Gallagher,6,6,0
Actor,Ellie Kemper,6,5,1
Actor,Fionnula Flanagan,6,6,0
Actor,Dave Bautista,6,6,0
Actor,Tom Berenger,6,6,0
Actor,Amy Smart,6,5,1
Actor,Marina Inoue,6,0,6
Actor,Yvette Nicole Brown,6,5,1
Actor,Chicco Jerikho,6,6,0
Actor,Ted Danson,6,4,2
Actor,Harriet Walter,6,2,4
Actor,Thomas Haden Church,6,6,0
Actor,Manjot Singh,6,5,1
Actor,Dylan Baker,6,5,1
Actor,Broda Shaggi,6,6,0
Actor,Matthew Mercer,6,2,4
Actor,Angad Bedi,6,6,0
Actor,Harland Williams,6,5,1
Actor,Michael McElhatton,6,6,0
Actor,David Carradine,6,6,0
Actor,Carlo Aquino,6,6,0
Actor,Uzo Aduba,6,5,1
Actor,Frederick Lee,6,0,6
Actor,Grant George,6,3,3
Actor,Andy Garcia,6,5,1
Actor,Nina Kulkarni,6,6,0
Actor,Masaki Terasoma,6,3,3
Actor,Julia Stiles,6,6,0
Actor,Jagapathi Babu,6,5,1
Actor,Abigail Breslin,6,6,0
Actor,Ryo Hirohashi,6,0,6
Actor,Anjan Srivastav,6,6,0
Actor,Tomoaki Maeno,6,0,6
Actor,Yuuichirou Umehara,6,1,5
Actor,Ganesh Divekar,6,5,1
Actor,Emiri Kato,6,0,6
Actor,Leslie Mann,6,6,0
Actor,Lynn Whitfield,6,5,1
Actor,Somkele Iyamah,6,6,0
Actor,Allen Maldonado,6,4,2
Actor,Siddharth,6,5,1
Actor,Phil LaMarr,6,2,4
Actor,Akira Ishida,6,3,3
Actor,Jason Ritter,6,3,3
Actor,Kerry Gudjohnsen,6,5,1
Actor,Masood Akhtar,6,6,0
Actor,Makenzie Moss,6,5,1
Actor,Method Man,6,5,1
Actor,Joaquín Furriel,6,5,1
Actor,Mira Sorvino,6,3,3
Actor,Matet De Leon,6,6,0
Actor,Ronit Roy,6,6,0
Actor,Sushmita Mukherjee,6,6,0
Actor,Aasif Mandvi,6,4,2
Actor,Robin Wright,6,5,1
Actor,Samantha Ruth Prabhu,6,6,0
Actor,Jason Lee,6,5,1
Actor,Parambrata Chatterjee,6,6,0
Actor,Michael Adamthwaite,6,3,3
Actor,Elliott Gould,6,5,1
Actor,Tom Hardy,6,5,1
Actor,Hugh Laurie,6,4,2
Actor,Omar Sy,6,5,1
Actor,Rosemarie DeWitt,6,5,1
Actor,Xing Yu,6,6,0
Actor,Cecilia Suárez,6,4,2
Actor,Christina Masterson,6,4,2
Actor,Kate Bosworth,6,5,1
Actor,Ignacia Allamand,6,5,1
Actor,Jaya Bhaduri,6,6,0
Actor,Amber Frank,6,2,4
Actor,Daniel Wu,6,4,2
Actor,Girish Karnad,5,5,0
Actor,Andrea Frigerio,5,5,0
Actor,Lorraine Toussaint,5,4,1
Actor,Clint Eastwood,5,5,0
Actor,Texas Battle,5,5,0
Actor,Jyoti Subhash,5,5,0
Actor,Neeru Bajwa,5,5,0
Actor,John Mark Loudermilk,5,3,2
Actor,Vrajesh Hirjee,5,5,0
Actor,Tsai Chen-nan,5,2,3
Actor,Amaia Salamanca,5,3,2
Actor,Clayne Crawford,5,4,1
Actor,Frances McDormand,5,5,0
Actor,Park Shin-hye,5,2,3
Actor,Omar Epps,5,4,1
Actor,Essence Atkins,5,3,2
Actor,Danny Huston,5,4,1
Actor,Liv Tyler,5,5,0
Actor,Chris Tucker,5,5,0
Actor,Esha Deol,5,5,0
Actor,Soichiro Hoshi,5,0,5
Actor,Chevy Chase,5,4,1
Actor,Lalit Agarwal,5,4,1
Actor,Damilola Adegbite,5,4,1
Actor,Annu Kapoor,5,5,0
Actor,Yatin Karyekar,5,5,0
Actor,Wendell Pierce,5,5,0
Actor,Michael Sinterniklaas,5,0,5
Actor,Talia Shire,5,5,0
Actor,Joely Richardson,5,5,0
Actor,Cho,5,2,3
Actor,Timothée Chalamet,5,5,0
Actor,Ted Levine,5,5,0
Actor,Rajendra Sethi,5,5,0
Actor,Mohamed Mamdouh,5,3,2
Actor,Colm Meaney,5,3,2
Actor,Ashley Jensen,5,3,2
Actor,Bill Milner,5,5,0
Actor,Toni Gonzaga,5,5,0
Actor,Magda Szubanski,5,3,2
Actor,Toby Jones,5,4,1
Actor,Andie MacDowell,5,5,0
Actor,Samantha Mathis,5,5,0
Actor,Steven Seagal,5,5,0
Actor,Karl Urban,5,5,0
Actor,Kim Won-hae,5,0,5
Actor,Taichi Saotome,5,5,0
Actor,Raju,5,5,0
Actor,Callan Mulvey,5,4,1
Actor,Giles Panton,5,2,3
Actor,Regina Hall,5,5,0
Actor,Hannah John-Kamen,5,2,3
Actor,Gupse Özay,5,5,0
Actor,Fardeen Khan,5,5,0
Actor,Tio Pakusadewo,5,5,0
Actor,Kengo Kawanishi,5,2,3
Actor,Michael Trucco,5,3,2
Actor,Anjali,5,3,2
Actor,Soni Razdan,5,5,0
Actor,Rahul Dev,5,5,0
Actor,Pol Monen,5,5,0
Actor,Marianne Jean-Baptiste,5,3,2
Actor,Jack Lee,5,0,5
Actor,Alvin Wong,5,1,4
Actor,Iravati Harshe,5,5,0
Actor,Osas Ighodaro,5,3,2
Actor,Garret Dillahunt,5,5,0
Actor,Razak Khan,5,5,0
Actor,Michael Chiklis,5,4,1
Actor,Benicio Del Toro,5,5,0
Actor,Misato Fukuen,5,1,4
Actor,Brian d'Arcy James,5,4,1
Actor,Elizabeth Perkins,5,4,1
Actor,Jenna Ortega,5,3,2
Actor,Deon Lotz,5,5,0
Actor,Fred Melamed,5,3,2
Actor,Joe Cole,5,3,2
Actor,Gretchen Mol,5,4,1
Actor,Kimberly Williams-Paisley,5,4,1
Actor,Andy Nyman,5,2,3
Actor,Josh Keaton,5,1,4
Actor,Roger Casamajor,5,4,1
Actor,Rahama Sadau,5,4,1
Actor,Paul Hollywood,5,0,5
Actor,Fernando Becerril,5,5,0
Actor,Rodrigo de la Serna,5,3,2
Actor,Harris Yulin,5,5,0
Actor,Jason Clarke,5,5,0
Actor,James Earl Jones,5,5,0
Actor,Bert Kreischer,5,4,1
Actor,Luis Gerardo Méndez,5,4,1
Actor,Michelle Williams,5,4,1
Actor,Nicholas Campbell,5,4,1
Actor,Dane DeHaan,5,5,0
Actor,Charlie Murphy,5,2,3
Actor,Kyeong-yeong Lee,5,4,1
Actor,Chris Chalk,5,3,2
Actor,John Hurt,5,4,1
Actor,Alice Braga,5,3,2
Actor,Eréndira Ibarra,5,1,4
Actor,Ian McElhinney,5,3,2
Actor,Swara Bhaskar,5,5,0
Actor,Connie Nielsen,5,5,0
Actor,Burgess Meredith,5,5,0
Actor,Breanna Yde,5,3,2
Actor,James D'Arcy,5,4,1
Actor,Carey Mulligan,5,4,1
Actor,Vanness Wu,5,3,2
Actor,Julie Walters,5,5,0
Actor,Emmy Rossum,5,4,1
Actor,Tim Pigott-Smith,5,3,2
Actor,Sofía Vergara,5,5,0
Actor,Celia Weston,5,5,0
Actor,Jacob Latimore,5,5,0
Actor,Ester Expósito,5,2,3
Actor,Dian Sastrowardoyo,5,5,0
Actor,Michael Angarano,5,5,0
Actor,Sarah Chalke,5,3,2
Actor,D.L. Hughley,5,4,1
Actor,Ingrid Nilson,5,2,3
Actor,Katee Sackhoff,5,3,2
Actor,Camaron Engels,5,3,2
Actor,Lucy Fry,5,4,1
Actor,Michael Rapaport,5,4,1
Actor,Luci Christian,5,2,3
Actor,Rob Paulsen,5,3,2
Actor,Alessandro Nivola,5,5,0
Actor,Ademola Adedoyin,5,5,0
Actor,Hailee Steinfeld,5,5,0
Actor,Marsai Martin,5,3,2
Actor,Maribel Verdú,5,4,1
Actor,Ciara Hanna,5,3,2
Actor,Mawuli Gavor,5,5,0
Actor,Laura Marano,5,4,1
Actor,Hiroomi Tosaka,5,5,0
Actor,Sergi López,5,4,1
Actor,JP Karliak,5,3,2
Actor,Javier Botet,5,5,0
Actor,Sunil Sukhada,5,5,0
Actor,Sammo Kam-Bo Hung,5,5,0
Actor,Bethany Brown,5,3,2
Actor,Alejandro Goic,5,3,2
Actor,Ana Wagener,5,4,1
Actor,Ai Nonaka,5,0,5
Actor,Skyler Gisondo,5,3,2
Actor,Asa Butterfield,5,4,1
Actor,Remy Ishak,5,4,1
Actor,Josh Brolin,5,5,0
Actor,Peter Dinklage,5,4,1
Actor,Cheech Marin,5,5,0
Actor,Bailee Madison,5,4,1
Actor,Farooq Shaikh,5,5,0
Actor,Ken Narita,5,5,0
Actor,Kris Kristofferson,5,5,0
Actor,Charlize Theron,5,5,0
Actor,Thomas Lennon,5,4,1
Actor,James Ransone,5,5,0
Actor,Julie Estelle,5,5,0
Actor,J.B. Smoove,5,5,0
Actor,Zhang Ziyi,5,5,0
Actor,Ralph Ineson,5,4,1
Actor,Kyle Bornheimer,5,4,1
Actor,David DeLuise,5,5,0
Actor,John Mahoney,5,4,1
Actor,Hank Azaria,5,5,0
Actor,Omowunmi Dada,5,4,1
Actor,Colin O'Donoghue,5,3,2
Actor,Tiku Talsania,5,5,0
Actor,Quincy Jones,5,5,0
Actor,Richard Masur,5,5,0
Actor,Nicole Ari Parker,5,5,0
Actor,Dylan Sprouse,5,5,0
Actor,Tom Everett Scott,5,3,2
Actor,Aidan Quinn,5,5,0
Actor,Peter Stormare,5,5,0
Actor,Erika Harlacher,5,3,2
Actor,Ben Miles,5,3,2
Actor,Miki Esparbé,5,3,2
Actor,Michael Paré,5,5,0
Actor,Kevin Kline,5,5,0
Actor,Tim Allen,5,5,0
Actor,LL Cool J,5,4,1
Actor,Aya Hirano,5,1,4
Actor,Tom Hollander,5,5,0
Actor,Kentaro Ito,5,2,3
Actor,Miranda Richardson,5,5,0
Actor,Edward James Olmos,5,5,0
Actor,Ellen Burstyn,5,5,0
Actor,Bill Hicks,5,5,0
Actor,Chelsea Handler,5,4,1
Actor,Rodger Parsons,5,2,3
Actor,Justin Timberlake,5,5,0
Actor,Neshma Chemburkar,5,4,1
Actor,Azim Rizk,5,3,2
Actor,Abhishek Banerjee,5,5,0
Actor,Michiko Neya,5,1,4
Actor,Eugene Levy,5,4,1
Actor,Michael Murphy,5,5,0
Actor,Greg Davies,5,1,4
Actor,Carlos Cuevas,5,1,4
Actor,Craig Ferguson,5,3,2
Actor,Uzor Arukwe,5,5,0
Actor,John Krasinski,5,4,1
Actor,Blanche Gardin,5,5,0
Actor,Becky Ann Baker,5,3,2
Actor,Cory Hardrict,5,5,0
Actor,Toshiyuki Toyonaga,5,2,3
Actor,Isiah Whitlock Jr.,5,3,2
Actor,Nam Joo-hyuk,5,1,4
Actor,Alicia Silverstone,5,3,2
Actor,Elijah Wood,5,5,0
Actor,Sidharth Malhotra,5,5,0
Actor,Rakul Preet Singh,5,5,0
Actor,Lily James,5,4,1
Actor,Siobhan Fallon Hogan,5,5,0
Actor,MyAnna Buring,5,2,3
Actor,John Sparkes,5,2,3
Actor,Lance Henriksen,5,5,0
Actor,Olivia Holt,5,5,0
Actor,Chang Chen,5,5,0
Actor,Lo Hoi-pang,5,5,0
Actor,Joe Pesci,5,5,0
Actor,Tammy Chen,5,0,5
Actor,Michael Caine,5,5,0
Actor,Kathy Baker,5,5,0
Actor,Kate del Castillo,5,1,4
Actor,Paulo Avelino,5,5,0
Actor,Jemima Osunde,5,5,0
Actor,Lennie James,5,3,2
Actor,Jill Talley,5,2,3
Actor,Carlos Areces,5,5,0
Actor,Jai Courtney,5,2,3
Actor,Aditya Srivastava,5,5,0
Actor,Jonathan Sadowski,5,4,1
Actor,Marie Avgeropoulos,5,4,1
Actor,Parvathi T,5,5,0
Actor,Rajesh Shukla,5,4,1
Actor,Dominic Mafham,5,5,0
Actor,Chris Messina,5,5,0
Actor,Iqbaal Ramadhan,5,5,0
Actor,Peter Sarsgaard,5,4,1
Actor,Geoffrey Rush,5,5,0
Actor,María Pedraza,5,2,3
Actor,Sherri Shepherd,5,3,2
Actor,Toby Kebbell,5,4,1
Actor,Linda Cardellini,5,3,2
Actor,Sergio Hernández,5,1,4
Actor,Bailey Gambertoglio,5,2,3
Actor,Secun de la Rosa,5,5,0
Actor,Maggie Smith,5,4,1
Actor,Mick Wingert,5,5,0
Actor,Chris Noth,5,5,0
Actor,Hema Malini,5,5,0
Actor,Daniel Grao,5,3,2
Actor,Joel Edgerton,5,5,0
Actor,Carmen Electra,5,5,0
Actor,Kento Hayashi,5,4,1
Actor,Chafurin,5,0,5
Actor,Aishwarya Rajesh,5,5,0
Actor,Dougray Scott,5,3,2
Actor,Dave Franco,5,4,1
Actor,Ray Romano,5,4,1
Actor,Tillotama Shome,5,5,0
Actor,Jason Patric,5,5,0
Actor,Miyu Irino,5,2,3
Actor,Cree Summer,5,2,3
Actor,Rati Agnihotri,5,5,0
Actor,Jonathan Bailey,5,1,4
Actor,Stephen Chow,5,5,0
Actor,Katie McGrath,5,1,4
Actor,Ray Stevenson,5,5,0
Actor,Tara Sands,5,0,5
Actor,Rina Satou,5,1,4
Actor,José Sefami,5,2,3
Actor,Dharmendra,5,5,0
Actor,Anurag Arora,5,4,1
Actor,Rui En,5,0,5
Actor,Richard Dreyfuss,5,5,0
Actor,Mallika Sherawat,5,5,0
Actor,Hidekatsu Shibata,5,0,5
Actor,Paul Panting,5,3,2
Actor,Marc Thompson,5,1,4
Actor,Shweta Tripathi,5,5,0
Actor,Will Sasso,5,5,0
Actor,Gordon Liu,5,5,0
Actor,Ramez Galal,5,5,0
Actor,Peter Coyote,5,3,2
Actor,Kazuki Yao,5,3,2
Actor,Gideon Okeke,5,5,0
Actor,Bill Rogers,5,1,4
Actor,Jake Abel,5,2,3
Actor,Amy Ryan,5,5,0
Actor,Mads Mikkelsen,5,4,1
Actor,Tig Notaro,5,3,2
Actor,Richard Gant,5,4,1
Actor,Helen Hunt,5,4,1
Actor,Paul F. Tompkins,5,2,3
Actor,Amr Youssef,5,3,2
Actor,Niecy Nash,5,3,2
Actor,Ila Arun,5,5,0
Actor,50 Cent,5,5,0
Actor,Jay Gragnani,5,3,2
Actor,Irma Adlawan,5,5,0
Actor,Nayyar Ejaz,5,5,0
Actor,Ewen Bremner,5,5,0
Actor,Travis Willingham,5,3,2
Actor,John Gallagher Jr.,5,5,0
Actor,Hideyuki Tanaka,5,0,5
Actor,Herjunot Ali,5,5,0
Actor,Mia Wasikowska,5,5,0
Actor,Macarena Gómez,5,5,0
Actor,Martin Roach,5,2,3
Actor,Sandra Bullock,5,5,0
Actor,Christopher McDonald,5,5,0
Actor,Scott Speedman,5,5,0
Actor,Adam Driver,5,5,0
Actor,Lea Thompson,5,5,0
Actor,Danielle Macdonald,5,4,1
Actor,Jason Statham,5,5,0
Actor,Chris Wang,5,0,5
Actor,Nora Navas,5,3,2
Actor,Courteney Cox,5,4,1
Actor,Billy Bob Thornton,5,5,0
Actor,Awkwafina,5,4,1
Actor,Richard Kind,5,5,0
Actor,Sameera Reddy,5,5,0
Actor,Alex Neustaedter,5,4,1
Actor,Nelsan Ellis,5,5,0
Actor,John Ratzenberger,5,4,1
Actor,Sam Spruell,5,5,0
Actor,Wyatt Russell,5,4,1
Actor,Mohamed Saad,5,5,0
Actor,Dwayne Johnson,5,5,0
Actor,Sofía Niño de Rivera,5,3,2
Actor,Tim Robbins,5,5,0
Actor,Richard E. Grant,5,4,1
Actor,Oh Jung-se,5,1,4
Actor,Sunny Deol,5,5,0
Actor,Jemaine Clement,5,5,0
Actor,Olivia Thirlby,5,5,0
Actor,Nina Dobrev,5,4,1
Actor,B.J. Novak,5,4,1
Actor,Danny Flaherty,5,5,0
Actor,Demetri Martin,5,4,1
Actor,Ayahi Takagaki,5,0,5
Actor,Shaina Magdayao,5,5,0
Actor,Mukesh Rishi,5,5,0
Actor,Deven Verma,5,5,0
Actor,Anne Heche,5,5,0
Actor,Sarah Geronimo,5,5,0
Actor,Barrie Dunn,5,4,1
Actor,Matt McGorry,5,3,2
Actor,Michelle Jenner,5,3,2
Actor,Orlando Bloom,5,4,1
Actor,Chutavuth Pattarakampol,5,0,5
Actor,Ario Bayu,5,5,0
Actor,Jo Wyatt,5,3,2
Actor,Gajraj Rao,5,4,1
Actor,Freddy Carter,5,3,2
Actor,Matt LeBlanc,5,2,3
Actor,Diane Kruger,5,5,0
Actor,Chloë Sevigny,5,2,3
Actor,Stephen Graham,5,5,0
Actor,Kevin Nealon,5,4,1
Actor,Ashish Verma,5,4,1
Actor,Hannibal Buress,5,4,1
Actor,Mithila Palkar,5,4,1
Actor,Eriq Ebouaney,5,5,0
Actor,Clifton Collins Jr.,5,5,0
Actor,Jennifer Love Hewitt,5,4,1
Actor,Sandhya Mridul,5,5,0
Actor,Kostja Ullmann,5,5,0
Actor,Dennis Haysbert,5,4,1
Actor,Makoto Furukawa,5,0,5
Actor,Reggie Watts,5,3,2
Actor,Mukul Dev,5,4,1
Actor,Hesham Ismail,5,4,1
Actor,Steven Skyler,5,4,1
Actor,Vanessa Kirby,5,3,2
Actor,Jeremy Renner,5,5,0
Actor,Rob Huebel,5,4,1
Actor,Haley Tju,5,2,3
Actor,Ashley Tisdale,5,2,3
Actor,Hrishikesh Joshi,5,5,0
Actor,Ersin Korkut,5,5,0
Actor,Alex Abbad,5,5,0
Actor,Holland Taylor,5,3,2
Actor,Kriti Sanon,5,5,0
Actor,Bill Paxton,5,5,0
Actor,Miriam Chin Wah Yeung,5,5,0
Actor,Sean Hayes,5,4,1
Actor,Logan Miller,5,5,0
Actor,Rebecca Lim,5,0,5
Actor,Gillian Anderson,5,3,2
Actor,Rosanna Arquette,5,5,0
Actor,Park Hae-joon,5,3,2
Actor,Jodelle Ferland,5,4,1
Actor,Lucy Decoutere,5,4,1
Actor,Lily Rabe,5,4,1
Actor,Lakeith Stanfield,5,5,0
Actor,Genesis Rodriguez,5,4,1
Actor,Tien Hsin,5,0,5
Actor,Lauren Holly,5,3,2
Actor,Smith Foreman,5,4,1
Actor,Elvin Ng,5,0,5
Actor,Donal Logue,5,4,1
Actor,Gemma Arterton,5,4,1
Actor,Adipati Dolken,5,5,0
Actor,Dan Fogler,5,5,0
Actor,Yu Kobayashi,5,0,5
Actor,Brian Stepanek,5,4,1
Actor,Annette Bening,5,5,0
Actor,Anson Mount,5,4,1
Actor,Paulina García,5,4,1
Actor,Mona Ambegaonkar,5,3,2
Actor,Kurt Fuller,5,4,1
Actor,Tom Alter,5,5,0
Actor,Yao Wenlong,5,0,5
Actor,Minami Takayama,5,0,5
Actor,Rhona Rees,5,1,4
Actor,Takashi Yamanaka,5,1,4
Actor,José Sacristán,5,2,3
Actor,Gregory Alan Williams,5,4,1
Actor,Skai Jackson,5,3,2
Actor,Kelson Henderson,5,0,5
Actor,David Holt,5,1,4
Actor,Sho Aoyagi,5,4,1
Actor,Eric Lange,5,1,4
Actor,John Vijay,5,5,0
Actor,Dennis Padilla,5,4,1
Actor,Megumi Hayashibara,5,2,3
Actor,Pablo Schreiber,5,4,1
Actor,Cynthia Nixon,5,4,1
Actor,Weber Yang,5,1,4
Actor,Sabyasachi Chakraborty,5,5,0
Actor,Jo Koy,5,4,1
Actor,Miguel Sandoval,5,4,1
Actor,Wendee Lee,5,2,3
Actor,Arjan Bajwa,5,5,0
Actor,Sonja Ball,5,4,1
Actor,Frances O'Connor,5,3,2
Actor,Mike Tyson,5,5,0
Actor,Dolph Lundgren,5,5,0
Actor,Neal McDonough,5,5,0
Actor,Jagdeep,5,5,0
Actor,Ayane Sakura,5,0,5
Actor,Luis Ernesto Franco,5,1,4
Actor,Mahira Khan,5,3,2
Actor,Brandon Routh,5,3,2
Actor,Alan C. Lim,5,4,1
Actor,Harry Dean Stanton,5,5,0
Actor,Greg Chun,5,1,4
Actor,Robert Tinkler,5,0,5
Actor,Nathan Lane,5,4,1
Actor,John Doman,5,4,1
Actor,Pushkar Shrotri,5,5,0
Actor,Michaela Watkins,5,4,1
Actor,Danish Husain,5,3,2
Actor,Yogendra Tikku,5,5,0
Actor,Cary-Hiroyuki Tagawa,5,5,0
Actor,Larenz Tate,5,5,0
Actor,Ian Harcourt,5,3,2
Actor,Wille Lindberg,5,5,0
Actor,Miguel A. Núñez Jr.,5,5,0
Actor,Ivy Shao,5,0,5
Actor,John Benjamin Hickey,5,5,0
Actor,Tye Sheridan,5,5,0
Actor,Naomie Harris,5,5,0
Actor,Casey Affleck,5,5,0
Actor,Nick Moran,5,4,1
Actor,Ramone Hamilton,5,3,2
Actor,Isaiah Washington,5,3,2
Actor,Ashutosh Rana,5,5,0
Actor,Michael Clarke Duncan,5,5,0
Actor,Lou Diamond Phillips,5,3,2
Actor,Timm Sharp,5,4,1
Actor,Cho Han-cheul,5,0,5
Actor,Gad Elmaleh,5,4,1
Actor,Iftekhar,5,5,0
Actor,Takahiro,5,5,0
Actor,Richard Armitage,5,2,3
Actor,Claire Holt,5,2,3
Actor,O.C. Ukeje,5,4,1
Actor,Takanori Iwata,5,5,0
Actor,Amrit Pal,5,5,0
Actor,Saumya Daan,5,4,1
Actor,Nia Long,5,5,0
Actor,Ricardo Hurtado,5,2,3
Actor,Armie Hammer,5,5,0
Actor,Kisho Taniyama,5,1,4
Actor,Michael O'Neill,5,4,1
Actor,Benoît Magimel,5,4,1
Actor,Nona Gaye,5,5,0
Actor,Ralph Macchio,5,4,1
Actor,Minissha Lamba,5,5,0
Actor,Steven Weber,5,4,1
Actor,Ganesh Yadav,5,5,0
Actor,Stephen Rea,5,4,1
Actor,Mayur Vyas,5,4,1
Actor,Sharlto Copley,5,5,0
Actor,Bridget Everett,5,2,3
Actor,Sarah Dunsworth,5,3,2
Actor,Demi Moore,5,5,0
Actor,Rick Yune,5,4,1
Actor,Justin Fletcher,5,2,3
Actor,Jodhi May,5,2,3
Actor,Ophelia Lovibond,5,3,2
Actor,Cho Seong-ha,5,0,5
Actor,Kate Hudson,5,5,0
Actor,Erica Ash,5,5,0
Actor,Michelle Pfeiffer,5,5,0
Actor,Skylar Astin,5,4,1
Actor,Billy Connolly,5,5,0
Actor,Dom DeLuise,5,5,0
Actor,Vaibhav Mangale,5,5,0
Actor,Sissy Spacek,5,4,1
Actor,Josh Gad,5,5,0
Actor,Emma Tate,5,1,4
Actor,Lauren Graham,5,3,2
Actor,Amy Landecker,5,4,1
Actor,Madan Puri,5,5,0
Actor,Sumire Morohoshi,5,1,4
Actor,Ahmed Dawood,5,2,3
Actor,Joaquín Climent,5,4,1
Actor,Tom Hiddleston,5,5,0
Actor,Marc-André Grondin,5,4,1
Actor,Mark Boone Junior,5,4,1
Actor,Mugihito,5,2,3
Actor,Wen Chen-ling,5,2,3
Actor,Jean Reno,5,5,0
Actor,Efa Iwara,5,4,1
Actor,Jane Fonda,5,4,1
Actor,Aftab Shivdasani,5,5,0
Actor,Martin Kove,5,4,1
Actor,Juan Pablo Medina,5,4,1
Actor,Ming-Na Wen,5,3,2
Actor,Varun Dhawan,5,5,0
Actor,Darren Criss,5,0,5
Actor,Nakia Burrise,5,2,3
Actor,Sushmita Sen,5,5,0
Actor,Khalil Ramos,5,5,0
Actor,Sanjay Narvekar,5,5,0
Actor,Bruce Campbell,5,4,1
Actor,Juliette Lewis,5,5,0
Actor,Eric Roberts,5,5,0
Actor,Nick Searcy,5,4,1
Actor,Aunjanue Ellis,5,3,2
Actor,Manolo Solo,5,5,0
Actor,Affion Crockett,5,4,1
Actor,Ryan Corr,5,4,1
Actor,Josh Stamberg,5,5,0
Actor,Brendan Fraser,5,5,0
Actor,Geraldine James,5,3,2
Actor,Ramón Barea,5,5,0
Actor,Wes Bentley,5,4,1
Actor,Ana de Armas,5,5,0
Actor,Cole Howard,5,4,1
Actor,Matthew Lillard,5,3,2
Actor,John Arcilla,5,5,0
Actor,Michael C. Hall,5,2,3
Actor,Dina El-Sherbiny,5,3,2
Actor,Stacy Keach,5,4,1
Actor,Ahmed Fouad Selim,5,5,0
Actor,Baba Sehgal,5,5,0
Actor,Yui Ishikawa,5,2,3
Actor,Columbus Short,5,4,1
Actor,Paintal,5,5,0
Actor,Rip Torn,5,5,0
Actor,Krysten Ritter,5,3,2
Actor,Odeya Rush,5,5,0
Actor,Elena Kampouris,5,3,2
Actor,Sam Waterston,5,2,3
Actor,Louis Mandylor,5,5,0
Actor,Freddie Highmore,5,4,1
Actor,Nick Frost,5,3,2
Actor,Christopher Abbott,5,4,1
Actor,Jeremy Piven,5,5,0
Actor,Matt Bomer,5,4,1
Actor,Andrew M. Gray,5,3,2
Actor,Justin Theroux,5,4,1
Actor,Shaun Chen,5,0,5
Actor,Clara Lago,5,4,1
Actor,Manoj Pandey,5,5,0
Actor,Pat Roach,5,4,1
Actor,Bharat Jadhav,5,5,0
Actor,Lily Tomlin,5,2,3
Actor,Nestor Serrano,5,5,0
Actor,Thora Birch,5,5,0
Actor,Fedi Nuril,5,5,0
Actor,Mila Kunis,5,4,1
Actor,Ayten Amer,5,5,0
Actor,Ali Fazal,5,4,1
Actor,Dustin Milligan,5,4,1
Actor,Tyler Labine,5,4,1
Actor,Eelyn Kok,5,0,5
Actor,Justin Chon,5,4,1
Actor,Angel Locsin,5,5,0
Actor,Subbaraju,5,5,0
Actor,Diljit Dosanjh,5,5,0
Actor,Iain Glen,5,3,2
Actor,Kevin Durand,5,4,1
Actor,Shailesh Prajapati,5,3,2
Actor,Michael Fassbender,5,5,0
Actor,Radha Mitchell,5,5,0
Actor,Tolga Çevik,5,5,0
Actor,Jessica Brown Findlay,5,3,2
Actor,Enrique Murciano,5,3,2
Actor,Rohit Saraf,5,3,2
Actor,January Jones,5,3,2
Actor,Kate McKinnon,5,3,2
Actor,Patrick Lee,5,0,5
Actor,Taylor Kitsch,5,3,2
Actor,Jack Tan,5,2,3
Actor,Olympia Dukakis,5,3,2
Actor,Nicole Sullivan,5,1,4
Actor,Kumail Nanjiani,5,5,0
Actor,Blair Underwood,5,3,2
Actor,Matthew McConaughey,5,5,0
Actor,Arjun Kapoor,5,5,0
Actor,Kishore Kumar G.,5,4,1
Actor,David Hayman,5,4,1
Actor,Laia Costa,5,5,0
Actor,Edward,5,5,0
Actor,Jared Padalecki,5,3,2
Actor,Jharrel Jerome,5,4,1
Actor,Rosie Perez,5,5,0
Actor,Akin Lewis,5,4,1
Actor,Mohammed Zeeshan Ayyub,5,5,0
Actor,Melora Walters,5,5,0
Actor,Ashish Vidyarthi,5,5,0
Actor,Natalia Dyer,5,3,2
Actor,Abhimanyu Singh,5,5,0
Actor,Chris Pratt,5,4,1
Actor,Holt McCallany,5,4,1
Actor,Dean Norris,5,4,1
Actor,Adjetey Anang,5,5,0
Actor,Raúl Méndez,5,1,4
Actor,Junji Majima,5,0,5
Actor,Pam Grier,5,4,1
Actor,Dingdong Dantes,5,5,0
Actor,Flavio Medina,5,2,3
Actor,Doug Erholtz,5,1,4
Actor,Bayyumi Fuad,5,5,0
Actor,Pedro Pascal,5,3,2
Actor,Dante Rivero,5,5,0
Actor,Frankie Faison,5,4,1
Actor,Daiki Yamashita,5,0,5
Actor,Chiara Zanni,5,3,2
Actor,Vicky Kaushal,5,5,0
Actor,Jared Leto,5,5,0
Actor,Ahmad Wafiq,5,4,1
Actor,Rebecca Husain,5,3,2
Actor,Selva Rasalingam,5,5,0
Actor,Regina King,5,3,2
Actor,Katherine McNamara,5,5,0
Actor,Anish Kuruvilla,5,4,1
Actor,Adrian Pasdar,5,4,1
Actor,Alisha Boe,5,3,2
Actor,Paz Vega,5,3,2
Actor,Aamir Bashir,5,5,0
Actor,Yusuke Kobayashi,5,0,5
Actor,Samira Wiley,5,1,4
Actor,Kate Harbour,5,1,4
Actor,Sam Claflin,5,5,0
Actor,Surya Saputra,4,4,0
Actor,Alice Eve,4,3,1
Actor,Martin Landau,4,4,0
Actor,Eoin Macken,4,2,2
Actor,Ritchie Coster,4,3,1
Actor,Jonquil Goode,4,3,1
Actor,Shashank Shende,4,4,0
Actor,Reba Buhr,4,1,3
Actor,Wang Chuan,4,0,4
Actor,Nicholas Pinnock,4,2,2
Actor,Diya Mirza,4,4,0
Actor,Guillaume Canet,4,4,0
Actor,Jajang C. Noer,4,4,0
Actor,Jodi Benson,4,4,0
Actor,Erin Matthews,4,2,2
Actor,Julia Piaton,4,2,2
Actor,Abdalah Mishrif,4,4,0
Actor,Madisen Beaty,4,3,1
Actor,Alex Medina,4,4,0
Actor,Keiynan Lonsdale,4,2,2
Actor,Patrick Fabian,4,2,2
Actor,Reina Triendl,4,0,4
Actor,Harry Lloyd,4,2,2
Actor,Hernán Mendoza,4,2,2
Actor,Michael Sorich,4,2,2
Actor,Blythe Danner,4,3,1
Actor,Tom Papa,4,4,0
Actor,Mekhi Phifer,4,2,2
Actor,Leke Maceda-Rustecki,4,3,1
Actor,Divyendu Sharma,4,4,0
Actor,Fabián Ríos,4,0,4
Actor,Natalie Martinez,4,3,1
Actor,Verónica Echegui,4,2,2
Actor,Cody Cameron,4,2,2
Actor,Dante Zee,4,0,4
Actor,Jordana Spiro,4,4,0
Actor,Sudeep,4,4,0
Actor,Mikael Persbrandt,4,4,0
Actor,Andrew Toth,4,3,1
Actor,Holly Hunter,4,4,0
Actor,Prasanna,4,3,1
Actor,Josh Hamilton,4,4,0
Actor,James Brolin,4,3,1
Actor,Sophie Kennedy Clark,4,4,0
Actor,Barry Pepper,4,4,0
Actor,Jordan Fisher,4,2,2
Actor,Frances Conroy,4,1,3
Actor,Ariel Winter,4,3,1
Actor,Alaa Morsy,4,4,0
Actor,Melissa Benoist,4,3,1
Actor,Gülhan Tekin,4,4,0
Actor,Mary Lynn Rajskub,4,4,0
Actor,Andrea Ros,4,3,1
Actor,Randall Duk Kim,4,3,1
Actor,Alejandro Trejo,4,2,2
Actor,Alejandro Speitzer,4,0,4
Actor,Jesseca Liu,4,0,4
Actor,Lee Pace,4,3,1
Actor,Amanda Peet,4,4,0
Actor,Morgan Fairchild,4,4,0
Actor,Prateeksha Lonkar,4,4,0
Actor,İpek Bilgin,4,2,2
Actor,Yuma Uchida,4,0,4
Actor,Àlex Monner,4,3,1
Actor,Vinod Mehra,4,4,0
Actor,Liss Pereira,4,4,0
Actor,Kavin Dave,4,3,1
Actor,Harry Lennix,4,3,1
Actor,Jaime King,4,2,2
Actor,Thati Lopes,4,3,1
Actor,Barun Chanda,4,4,0
Actor,Kerry Shale,4,3,1
Actor,Lars Mikkelsen,4,0,4
Actor,Tommy Chong,4,2,2
Actor,Paula Malia,4,2,2
Actor,Vanesha Prescilla,4,4,0
Actor,Joe Odagiri,4,1,3
Actor,Satyendra Kapoor,4,4,0
Actor,Neetu Singh,4,4,0
Actor,Penn Badgley,4,2,2
Actor,Donna Kimball,4,0,4
Actor,Danai Gurira,4,3,1
Actor,Anushka Sharma,4,4,0
Actor,Brianne Howey,4,3,1
Actor,Sarah Bolger,4,2,2
Actor,Fernando Solórzano,4,0,4
Actor,Alan Dale,4,1,3
Actor,Ruth Wilson,4,4,0
Actor,Scott Wilson,4,3,1
Actor,Christine Woods,4,3,1
Actor,Ketchup Eusebio,4,4,0
Actor,Sai Tamhankar,4,4,0
Actor,Natalia Tena,4,4,0
Actor,Julie Benz,4,3,1
Actor,Igal Naor,4,4,0
Actor,Timothy Simons,4,4,0
Actor,Oka Antara,4,4,0
Actor,Sam Kinison,4,4,0
Actor,Ken Watanabe,4,4,0
Actor,Guggu Gill,4,4,0
Actor,Niki Walia,4,4,0
Actor,Kate Mulgrew,4,1,3
Actor,Cillian Murphy,4,3,1
Actor,Oona Laurence,4,4,0
Actor,Wotan Wilke Möhring,4,3,1
Actor,Tracie Thoms,4,4,0
Actor,Alexander Skarsgård,4,4,0
Actor,Adam Brody,4,3,1
Actor,Philip Keung,4,3,1
Actor,Piyush Mishra,4,4,0
Actor,Hernán Del Riego,4,1,3
Actor,Ryan Kwanten,4,4,0
Actor,Coco Martin,4,4,0
Actor,Felipe Esparza,4,2,2
Actor,Constance Wu,4,3,1
Actor,Anna Paquin,4,3,1
Actor,Lalita Pawar,4,4,0
Actor,Mauricio Ochmann,4,1,3
Actor,Olivia Williams,4,4,0
Actor,Deborah Mailman,4,2,2
Actor,Zhang Hanyu,4,4,0
Actor,Masaya Matsukaze,4,0,4
Actor,Tyrone Parsons,4,2,2
Actor,Happy Salma,4,4,0
Actor,Ingrid García Jonsson,4,4,0
Actor,Elisabeth Shue,4,3,1
Actor,Nora Dunn,4,4,0
Actor,Raúl Arévalo,4,4,0
Actor,Hugh Dancy,4,3,1
Actor,Caitlin Fitzgerald,4,4,0
Actor,Arturo Castro,4,3,1
Actor,Chew Kin Wah,4,3,1
Actor,Mandy Wei,4,0,4
Actor,Subaru Kimura,4,0,4
Actor,Dan Castellaneta,4,4,0
Actor,Michael Maertens,4,4,0
Actor,Sebastian Maniscalco,4,4,0
Actor,Meng Lo,4,4,0
Actor,Dolly Ahluwalia,4,4,0
Actor,Maggie Q,4,3,1
Actor,Anya Taylor-Joy,4,2,2
Actor,Corbin Bernsen,4,4,0
Actor,Colleen Camp,4,4,0
Actor,Elias Koteas,4,4,0
Actor,Jacqueline Zhu,4,2,2
Actor,Sung Kang,4,4,0
Actor,Nicolas Cantu,4,3,1
Actor,Adel Imam,4,2,2
Actor,Luis Zahera,4,3,1
Actor,Tom Holland,4,4,0
Actor,Chiwetalu Agu,4,4,0
Actor,Jaturong Mokjok,4,2,2
Actor,Gene Hackman,4,4,0
Actor,Mourad Zaoui,4,4,0
Actor,Jamie Kennedy,4,4,0
Actor,Ernie Hudson,4,3,1
Actor,Samir Soni,4,4,0
Actor,Maged El Kedwany,4,4,0
Actor,Rachel Dratch,4,4,0
Actor,P.J. Byrne,4,3,1
Actor,Jackie Sandler,4,4,0
Actor,Frank Oz,4,4,0
Actor,Joan Chen,4,2,2
Actor,John Ralston,4,3,1
Actor,Max Casella,4,4,0
Actor,Kiran Kumar,4,4,0
Actor,Blake Lively,4,3,1
Actor,Aitana Sánchez-Gijón,4,2,2
Actor,Valarie Pettiford,4,3,1
Actor,Zayed Khan,4,4,0
Actor,Michael Rispoli,4,4,0
Actor,Bonnie Hunt,4,4,0
Actor,Vaibhav Reddy,4,4,0
Actor,Polly Walker,4,3,1
Actor,Song Kang,4,0,4
Actor,RuPaul Charles,4,2,2
Actor,Aaron Abrams,4,3,1
Actor,Rich Sommer,4,1,3
Actor,Andrew Daly,4,3,1
Actor,Amina Khalil,4,3,1
Actor,Diego Boneta,4,3,1
Actor,Ruby,4,3,1
Actor,Amanda Bynes,4,4,0
Actor,Christian Convery,4,2,2
Actor,Anggika Bolsterli,4,3,1
Actor,Michael Byrne,4,4,0
Actor,Casey Wilson,4,3,1
Actor,Kunaal Roy Kapur,4,4,0
Actor,Nina Sosanya,4,2,2
Actor,Jiro Wang,4,0,4
Actor,Matt Frewer,4,1,3
Actor,Keira Knightley,4,4,0
Actor,Chris Ellis,4,4,0
Actor,Sam Riley,4,4,0
Actor,Carol Cleveland,4,4,0
Actor,Anders Danielsen Lie,4,3,1
Actor,Vikas Kumar,4,3,1
Actor,K.K. Raina,4,4,0
Actor,Erkan Can,4,3,1
Actor,Lakshmi,4,4,0
Actor,Kiara Advani,4,4,0
Actor,Noël Wells,4,3,1
Actor,Dipannita Sharma,4,4,0
Actor,Ana Ortiz,4,3,1
Actor,Michael Gaston,4,3,1
Actor,Anna Torv,4,2,2
Actor,Paul Ben-Victor,4,4,0
Actor,Jeff Fahey,4,3,1
Actor,Honor Kneafsey,4,4,0
Actor,Jim Beaver,4,3,1
Actor,Rie Takahashi,4,1,3
Actor,Emilio Sakraya,4,3,1
Actor,Anne-Marie Duff,4,3,1
Actor,Mai Ezz El-Din,4,4,0
Actor,Mimi Rogers,4,4,0
Actor,Rasmus Hardiker,4,2,2
Actor,Abbie Cornish,4,4,0
Actor,Joe Manganiello,4,4,0
Actor,David Wenham,4,2,2
Actor,Alan Rickman,4,4,0
Actor,Danica Curcic,4,0,4
Actor,Javier Cámara,4,3,1
Actor,Kinaryosih,4,4,0
Actor,Vijay Varma,4,3,1
Actor,Ileana D'Cruz,4,4,0
Actor,Ashwin Kaushal,4,4,0
Actor,Aaron Yan,4,0,4
Actor,Gustavo Garzón,4,2,2
Actor,Kevin Clash,4,4,0
Actor,Nada Abou Farhat,4,2,2
Actor,Markus Paterson,4,4,0
Actor,Parker Sawyers,4,3,1
Actor,Rutledge Wood,4,0,4
Actor,Georgina Amorós,4,2,2
Actor,Ahd,4,3,1
Actor,Rafinha Bastos,4,2,2
Actor,Rachael Louise Miller,4,4,0
Actor,Nathalie Boltt,4,3,1
Actor,Shirley Knight,4,4,0
Actor,Belén Rueda,4,4,0
Actor,Wagner Moura,4,3,1
Actor,Sam Elliott,4,3,1
Actor,Mugdha Godse,4,4,0
Actor,Nonie Buencamino,4,4,0
Actor,Madhuri,4,4,0
Actor,Shinnosuke Mitsushima,4,1,3
Actor,Renji Panicker,4,4,0
Actor,Bican Günalan,4,4,0
Actor,Guillermo del Toro,4,3,1
Actor,Andrés Almeida,4,4,0
Actor,Rhona Mitra,4,4,0
Actor,Kirby Morrow,4,0,4
Actor,Hisao Egawa,4,1,3
Actor,Deep Raj Rana,4,4,0
Actor,Naman Jain,4,3,1
Actor,Sam Trammell,4,2,2
Actor,Saad El Soghayar,4,4,0
Actor,Lana Condor,4,4,0
Actor,Park Byung-eun,4,2,2
Actor,Eduard Fernández,4,3,1
Actor,Richard Roxburgh,4,3,1
Actor,Eileen Atkins,4,3,1
Actor,Jigna Bharadwaj,4,4,0
Actor,Junko Minagawa,4,0,4
Actor,Jordan Rodrigues,4,3,1
Actor,Cobie Smulders,4,3,1
Actor,Martin Donovan,4,4,0
Actor,Kodi Smit-McPhee,4,4,0
Actor,Keegan Connor Tracy,4,2,2
Actor,Gregg Berger,4,3,1
Actor,Shawn Faqua,4,4,0
Actor,Raúl Castillo,4,3,1
Actor,Ranjeet,4,4,0
Actor,Ike Barinholtz,4,3,1
Actor,Jenny Agutter,4,3,1
Actor,Kippei Shiina,4,3,1
Actor,Michael Parks,4,4,0
Actor,Adnan Shah,4,4,0
Actor,Kelly Metzger,4,1,3
Actor,Tumi Morake,4,3,1
Actor,Ali Wong,4,3,1
Actor,Rohini Hattangadi,4,4,0
Actor,Luis Roberto Guzmán,4,0,4
Actor,Celina Jaitly,4,4,0
Actor,Rutger Hauer,4,3,1
Actor,Henry Lloyd-Hughes,4,1,3
Actor,Tim Meadows,4,3,1
Actor,Brandon Auret,4,4,0
Actor,Whitney Cummings,4,3,1
Actor,Vandana Gupte,4,4,0
Actor,Adam Tuominen,4,3,1
Actor,Deepak Chachra,4,4,0
Actor,Casper Van Dien,4,4,0
Actor,Audrey Wasilewski,4,3,1
Actor,Ait Youssef Youssef,4,4,0
Actor,Morwenna Banks,4,2,2
Actor,Oscar Martínez,4,4,0
Actor,Amerul Affendi,4,4,0
Actor,Jason Momoa,4,3,1
Actor,Miguel Ángel Solá,4,3,1
Actor,Sophia Loren,4,4,0
Actor,Shailendra Pandey,4,4,0
Actor,Sanchit Wartak,4,3,1
Actor,Nathan Gamble,4,4,0
Actor,Nelson Polanía,4,4,0
Actor,Kelly Hu,4,4,0
Actor,Antonio de la Torre,4,4,0
Actor,Kartik Aaryan,4,4,0
Actor,Treat Williams,4,3,1
Actor,Pete Postlethwaite,4,4,0
Actor,Tetsu Inada,4,0,4
Actor,Ramya Subramanian,4,4,0
Actor,Noomi Rapace,4,4,0
Actor,Kiki Omeili,4,4,0
Actor,Kristen Wiig,4,2,2
Actor,Ayushmann Khurrana,4,4,0
Actor,Cheri Oteri,4,4,0
Actor,Judah Friedlander,4,2,2
Actor,Kit Harington,4,4,0
Actor,Freya Mavor,4,3,1
Actor,Jim Norton,4,4,0
Actor,Wolfgang Novogratz,4,4,0
Actor,Tarusuke Shingaki,4,2,2
Actor,Stefanie Scott,4,4,0
Actor,Rachael Taylor,4,2,2
Actor,Özge Borak,4,4,0
Actor,Hunter March,4,1,3
Actor,Brely Evans,4,4,0
Actor,David Morrissey,4,4,0
Actor,Pierfrancesco Favino,4,3,1
Actor,Andrew Rannells,4,4,0
Actor,Thomas Kretschmann,4,4,0
Actor,Gethin Anthony,4,2,2
Actor,Griffin Gluck,4,2,2
Actor,You,4,0,4
Actor,Carter Hastings,4,3,1
Actor,Tadanobu Asano,4,3,1
Actor,John Tartaglia,4,1,3
Actor,Isabela Moner,4,4,0
Actor,Charles Demers,4,2,2
Actor,Pooja Hegde,4,4,0
Actor,Cristina Vee,4,1,3
Actor,Diego Cadavid,4,0,4
Actor,Rakhee Gulzar,4,4,0
Actor,Takayuki Sugo,4,1,3
Actor,Paco Tous,4,3,1
Actor,Regina Cassandra,4,3,1
Actor,Lara Pulver,4,3,1
Actor,Caleb Landry Jones,4,4,0
Actor,Jimmy Bennett,4,4,0
Actor,River Huang,4,0,4
Actor,Jonathan Hyde,4,3,1
Actor,Haruka Shiraishi,4,1,3
Actor,Ciara Bravo,4,3,1
Actor,Lorenza Izzo,4,4,0
Actor,Lucy Punch,4,3,1
Actor,Burn Gorman,4,3,1
Actor,Siddique,4,4,0
Actor,Sharmila Tagore,4,4,0
Actor,Wallace Shawn,4,4,0
Actor,Dilip Joshi,4,4,0
Actor,Jet Li,4,4,0
Actor,James Norton,4,2,2
Actor,Menna Shalaby,4,4,0
Actor,Romany Malco,4,3,1
Actor,Janel Tsai,4,0,4
Actor,Maggie Cheung,4,4,0
Actor,Cristine Reyes,4,4,0
Actor,Kyle Breitkopf,4,1,3
Actor,Dascha Polanco,4,2,2
Actor,Bunga Citra Lestari,4,4,0
Actor,Jim Parrack,4,3,1
Actor,Nasir 'Nas' Jones,4,4,0
Actor,Kaitlyn Dever,4,3,1
Actor,Haley Ramm,4,4,0
Actor,Alphonso Mcauley,4,3,1
Actor,Jung Hae-in,4,1,3
Actor,Mahmoud Hemeida,4,4,0
Actor,Kalu Ikeagwu,4,4,0
Actor,Ayumi Fujimura,4,1,3
Actor,Dylan Walsh,4,4,0
Actor,Rajeshwari Sachdev,4,4,0
Actor,Ed Skrein,4,4,0
Actor,Keir Gilchrist,4,3,1
Actor,Lambert Wilson,4,4,0
Actor,Frank Whaley,4,3,1
Actor,Amanda Detmer,4,4,0
Actor,Manjari Fadnis,4,4,0
Actor,Antony Del Rio,4,1,3
Actor,Shalini Vatsa,4,4,0
Actor,Patrick Dempsey,4,3,1
Actor,Daniella Pineda,4,2,2
Actor,Tate Ellington,4,3,1
Actor,AnnaSophia Robb,4,4,0
Actor,Vito Sanz,4,2,2
Actor,Laurie Metcalf,4,3,1
Actor,Utpal Dutt,4,4,0
Actor,Jason Jones,4,4,0
Actor,A.K. Hangal,4,4,0
Actor,Chris Klein,4,3,1
Actor,Nigel Lindsay,4,1,3
Actor,Justin Bartha,4,3,1
Actor,Chad Michael Murray,4,4,0
Actor,Rajesh Tailang,4,2,2
Actor,Paul Sparks,4,4,0
Actor,Joy Sengupta,4,3,1
Actor,Na Wei-hsun,4,0,4
Actor,Pat Healy,4,4,0
Actor,Soubin Shahir,4,4,0
Actor,Chigul,4,4,0
Actor,Simon Callow,4,3,1
Actor,Reg E. Cathey,4,3,1
Actor,Kate Murphy,4,3,1
Actor,Billy Eichner,4,0,4
Actor,Brandon Jay McLaren,4,1,3
Actor,Dave Goelz,4,4,0
Actor,Rachel Weisz,4,4,0
Actor,Wendie Malick,4,2,2
Actor,Hugh Grant,4,4,0
Actor,Gwyneth Paltrow,4,2,2
Actor,Supriya Karnik,4,4,0
Actor,Yuriko Yamaguchi,4,2,2
Actor,George Hu,4,0,4
Actor,Eka Darville,4,1,3
Actor,Verónica Langer,4,3,1
Actor,Lee Il-hwa,4,0,4
Actor,Frances Fisher,4,4,0
Actor,Cheryl Hines,4,3,1
Actor,Will Patton,4,4,0
Actor,Waheeda Rehman,4,4,0
Actor,Bear Grylls,4,2,2
Actor,Freddie Fox,4,2,2
Actor,Avantika Vandanapu,4,4,0
Actor,Janel Parrish,4,4,0
Actor,Ryan Hansen,4,4,0
Actor,Natalia de Molina,4,3,1
Actor,Tony Jaa,4,4,0
Actor,Siddharth Menon,4,3,1
Actor,Pulkit Samrat,4,4,0
Actor,Carmen Villalobos,4,0,4
Actor,William Forsythe,4,4,0
Actor,Umesh Jagtap,4,4,0
Actor,Bette Midler,4,4,0
Actor,Amy Hill,4,3,1
Actor,William Baldwin,4,3,1
Actor,Rajeev Verma,4,4,0
Actor,Harbhajan Mann,4,4,0
Actor,Ayub Khan,4,4,0
Actor,James Spader,4,3,1
Actor,Ryota Takeuchi,4,1,3
Actor,Israel Broussard,4,4,0
Actor,Masako Katsuki,4,3,1
Actor,Anthony Monjaro,4,2,2
Actor,Tory Kittles,4,3,1
Actor,Sylvester Groth,4,2,2
Actor,Jimmi Simpson,4,0,4
Actor,June Squibb,4,4,0
Actor,Suki Waterhouse,4,4,0
Actor,Shira Haas,4,2,2
Actor,Paris Berelc,4,3,1
Actor,David Zayas,4,3,1
Actor,Daniel Aráoz,4,3,1
Actor,Björn Kjellman,4,2,2
Actor,Adam Levy,4,1,3
Actor,Addison Timlin,4,3,1
Actor,Arvind Swamy,4,3,1
Actor,Sedef Avcı,4,2,2
Actor,Lil Rel Howery,4,4,0
Actor,David Arquette,4,4,0
Actor,Ralph Fiennes,4,4,0
Actor,Jason David Frank,4,0,4
Actor,Graham Greene,4,3,1
Actor,Elisabeth Moss,4,3,1
Actor,Ato Essandoh,4,2,2
Actor,Tirso Cruz III,4,4,0
Actor,Jonathan Rhys Meyers,4,3,1
Actor,Nicholas Farrell,4,4,0
Actor,Aakash Dabhade,4,4,0
Actor,Badria Tolba,4,3,1
Actor,Anne Reid,4,3,1
Actor,Clarke Peters,4,2,2
Actor,Jim O'Heir,4,3,1
Actor,Sheryl Lee,4,3,1
Actor,Tamsin Greig,4,2,2
Actor,John Kassir,4,4,0
Actor,Joy Mathew,4,4,0
Actor,Jeff Gill,4,2,2
Actor,Mike Pollock,4,2,2
Actor,Abdurrahman Arif,4,3,1
Actor,Abdelilah Wahbi,4,4,0
Actor,Mary-Louise Parker,4,3,1
Actor,Wilmer Calderon,4,4,0
Actor,Willa Fitzgerald,4,1,3
Actor,Nirmiti Sawant,4,4,0
Actor,Mahmoud El Meleigy,4,4,0
Actor,Melissa Hutchison,4,1,3
Actor,Brenton Thwaites,4,4,0
Actor,Timothy Spall,4,4,0
Actor,Kanayo O. Kanayo,4,4,0
Actor,Fatima Sana Shaikh,4,4,0
Actor,Makoto Awane,4,3,1
Actor,Joe Zieja,4,0,4
Actor,Emily Morris,4,4,0
Actor,Katheryn Winnick,4,3,1
Actor,Tammy Blanchard,4,3,1
Actor,Jon Voight,4,4,0
Actor,Tom Waits,4,4,0
Actor,Mirella Pascual,4,4,0
Actor,Angus Macfadyen,4,3,1
Actor,Brian Tyree Henry,4,4,0
Actor,Jennifer Lawrence,4,4,0
Actor,Lavell Crawford,4,4,0
Actor,Lee Je-hoon,4,1,3
Actor,Ryota Yamasato,4,0,4
Actor,Debby Ryan,4,3,1
Actor,Peter Ho,4,2,2
Actor,Keita Machida,4,3,1
Actor,Josh Peck,4,4,0
Actor,Thomas Cocquerel,4,4,0
Actor,Tony Revolori,4,4,0
Actor,Adina Porter,4,1,3
Actor,Ann Kok,4,0,4
Actor,Cole Sprouse,4,3,1
Actor,Kenichi Suzumura,4,1,3
Actor,Sourav Chakraborty,4,4,0
Actor,Joanne Peh,4,0,4
Actor,Sebastian Stan,4,4,0
Actor,Ezgi Mola,4,4,0
Actor,Jishu Sengupta,4,3,1
Actor,Cloris Leachman,4,4,0
Actor,Yaser Alneyadi,4,3,1
Actor,Stanley DeSantis,4,3,1
Actor,Ben Feldman,4,3,1
Actor,Manu Bennett,4,1,3
Actor,Rana Ranbir,4,4,0
Actor,Robin Atkin Downes,4,4,0
Actor,Anthony Wong Chau-Sang,4,4,0
Actor,Charly Hübner,4,4,0
Actor,Keiji Kuroki,4,4,0
Actor,Sarah Snook,4,4,0
Actor,Bruno Ganz,4,4,0
Actor,Matt Annetts,4,4,0
Actor,Mala Emde,4,2,2
Actor,Eric Christian Olsen,4,4,0
Actor,Kyle MacLachlan,4,3,1
Actor,JM de Guzman,4,4,0
Actor,Yahya Abdul-Mateen II,4,3,1
Actor,Julian Sands,4,4,0
Actor,Joe Anderson,4,4,0
Actor,Yayo Aguila,4,4,0
Actor,Maggie Civantos,4,2,2
Actor,Dev Patel,4,4,0
Actor,Jay Chou,4,3,1
Actor,Kiran Juneja,4,4,0
Actor,Helen McCrory,4,3,1
Actor,Tenoch Huerta,4,3,1
Actor,Lili Beaudoin,4,2,2
Actor,Catherine Zeta-Jones,4,4,0
Actor,Gary Anthony Williams,4,1,3
Actor,Anne Archer,4,4,0
Actor,Gina Gershon,4,4,0
Actor,Jeff Szusterman,4,2,2
Actor,Disha,4,4,0
Actor,Katherine Ryan,4,2,2
Actor,El Mahmoudi M'Barek,4,4,0
Actor,BD Wong,4,4,0
Actor,Yoshimi Tokui,4,0,4
Actor,Oscar Nuñez,4,1,3
Actor,Mohamed Sharaf,4,4,0
Actor,Brendan Coyle,4,0,4
Actor,John Boyega,4,2,2
Actor,Arwa Gouda,4,2,2
Actor,Juana Acosta,4,2,2
Actor,Mukesh Chhabra,4,4,0
Actor,Sonam Bajwa,4,4,0
Actor,Arif Zakaria,4,3,1
Actor,Matt O'Leary,4,4,0
Actor,Carmen Ejogo,4,3,1
Actor,Barry Bostwick,4,4,0
Actor,Jon Kortajarena,4,3,1
Actor,Takayuki Yamada,4,1,3
Actor,Nobutoshi Canna,4,2,2
Actor,Steve Martin,4,4,0
Actor,Melonie Diaz,4,3,1
Actor,Eric Balfour,4,2,2
Actor,Jacinda Barrett,4,3,1
Actor,Avinash Tiwary,4,4,0
Actor,Rao Ramesh,4,4,0
Actor,Kana Asumi,4,0,4
Actor,Manish Dayal,4,3,1
Actor,Yoji Ueda,4,3,1
Actor,Piper Perabo,4,3,1
Actor,Karla Souza,4,3,1
Actor,Taron Egerton,4,2,2
Actor,Brooklyn Decker,4,3,1
Actor,Alican Yücesoy,4,1,3
Actor,Seychelle Gabriel,4,3,1
Actor,Atul Srivastava,4,4,0
Actor,Michael J. Fox,4,4,0
Actor,Shirley MacLaine,4,4,0
Actor,Jason Segel,4,4,0
Actor,Veena Jamkar,4,4,0
Actor,Tony Kgoroge,4,3,1
Actor,Zach Grenier,4,4,0
Actor,Glynn Turman,4,4,0
Actor,Camila Sodi,4,0,4
Actor,Robert Wagner,4,4,0
Actor,Kim Min-sang,4,0,4
Actor,Camryn Manheim,4,3,1
Actor,Tchéky Karyo,4,3,1
Actor,Taher Abu Lela,4,4,0
Actor,Celeste Henderson,4,4,0
Actor,Zarina Wahab,4,4,0
Actor,Azusa Babazono,4,0,4
Actor,Varun Sharma,4,4,0
Actor,Joseph Benjamin,4,4,0
Actor,Pavel Navageethan,4,4,0
Actor,Cherry Pie Picache,4,4,0
Actor,Rene Russo,4,4,0
Actor,Iddo Goldberg,4,3,1
Actor,Luccas Neto,4,4,0
Actor,Anna Cummer,4,1,3
Actor,Kira Buckland,4,0,4
Actor,Eliza Taylor,4,3,1
Actor,Max Minghella,4,4,0
Actor,Varalakshmi Sarathkumar,4,4,0
Actor,Tony Shalhoub,4,4,0
Actor,Deepak Tijori,4,4,0
Actor,Yayu Unru,4,4,0
Actor,Saúl Lisazo,4,2,2
Actor,Sienna Miller,4,4,0
Actor,Robert Longstreet,4,4,0
Actor,Thomas Dekker,4,4,0
Actor,Bex Taylor-Klaus,4,2,2
Actor,Alan Tudyk,4,4,0
Actor,Stockard Channing,4,3,1
Actor,Carol Kane,4,3,1
Actor,Diego Vásquez,4,0,4
Actor,Monica Bellucci,4,4,0
Actor,Mohamed Ragab,4,4,0
Actor,Satyadeep Misra,4,3,1
Actor,Anna Camp,4,4,0
Actor,Felicia Day,4,0,4
Actor,Altan Erkekli,4,4,0
Actor,Inma Cuesta,4,2,2
Actor,Joey Marquez,4,4,0
Actor,Kaitlyn Leeb,4,2,2
Actor,Damon Wayans Jr.,4,2,2
Actor,Rafe Spall,4,3,1
Actor,Lindsay Burdge,4,4,0
Actor,Michael Kelly,4,2,2
Actor,Miles Teller,4,4,0
Actor,Navin Nischol,4,4,0
Actor,M. Emmet Walsh,4,4,0
Actor,Sean Bridgers,4,3,1
Actor,Lukas Haas,4,4,0
Actor,Michelle Dockery,4,2,2
Actor,Sampath Raj,4,4,0
Actor,Motoko Kumai,4,1,3
Actor,Ronny Cox,4,4,0
Actor,Amyra Dastur,4,4,0
Actor,Kaden Stephen,4,3,1
Actor,Jesse Richman,4,4,0
Actor,Eyad Nassar,4,3,1
Actor,Ashley Zukerman,4,4,0
Actor,Evan Kishiyama,4,2,2
Actor,Prabhu Deva,4,4,0
Actor,Erica Luttrell,4,2,2
Actor,Pippa Bennett-Warner,4,3,1
Actor,Denny Sumargo,4,4,0
Actor,Angela Kinsey,4,2,2
Actor,DJ Qualls,4,3,1
Actor,Ayaz Khan,4,4,0
Actor,Jaswinder Bhalla,4,4,0
Actor,Liana Liberato,4,4,0
Actor,Paul Freeman,4,3,1
Actor,Aruna Irani,4,3,1
Actor,Catherine Siachoque,4,0,4
Actor,Elizabeth Marvel,4,2,2
Actor,Urvashi,4,4,0
Actor,Lina Larissa Strahl,4,4,0
Actor,Verdi Solaiman,4,3,1
Actor,Jim Caviezel,4,3,1
Actor,Erik Hayser,4,0,4
Actor,Ray Wise,4,2,2
Actor,Rahul Vohra,4,4,0
Actor,Aidan Gillen,4,3,1
Actor,Neve Campbell,4,3,1
Actor,Bel Powley,4,3,1
Actor,Barbara Goodson,4,2,2
Actor,Santhanam,4,4,0
Actor,Shenaz Treasury,4,3,1
Actor,Ariel Levy,4,3,1
Actor,Lawrence Gilliard Jr.,4,4,0
Actor,Lior Raz,4,2,2
Actor,Mikaela Blake,4,3,1
Actor,Nate Bargatze,4,3,1
Actor,Suresh Menon,4,4,0
Actor,Sameer Dharmadhikari,4,2,2
Actor,Ninad Kamat,4,4,0
Actor,Charlotte Gainsbourg,4,4,0
Actor,Danny Pudi,4,2,2
Actor,Alex Dimitriades,4,1,3
Actor,Lance E. Nichols,4,4,0
Actor,Navni Parihar,4,4,0
Actor,Stephen Kramer Glickman,4,3,1
Actor,Boyd Holbrook,4,3,1
Actor,Juno Temple,4,3,1
Actor,Cassie Clare,4,4,0
Actor,Lukman Sardi,4,4,0
Actor,Chris Diamantopoulos,4,1,3
Actor,Selena Gomez,4,3,1
Actor,Shunsuke Takeuchi,4,0,4
Actor,Mayur More,4,3,1
Actor,Yousra El Lozy,4,4,0
Actor,Matt Lanter,4,2,2
Actor,Jennifer Robertson,4,2,2
Actor,Joe Lo Truglio,4,2,2
Actor,Nedumudi Venu,4,3,1
Actor,Uche Jumbo,4,4,0
Actor,Finn Wolfhard,4,1,3
Actor,Toyin Aimakhu,4,4,0
Actor,John Heard,4,4,0
Actor,Graham Rogers,4,1,3
Actor,Raven-Symoné,4,4,0
Actor,Ben Barnes,4,2,2
Actor,Geraldine Chaplin,4,4,0
Actor,Marin Ireland,4,4,0
Actor,Michael York,4,4,0
Actor,Nam Ron,4,4,0
Actor,Shailene Woodley,4,4,0
Actor,Viggo Mortensen,4,4,0
Actor,Sebastian Koch,4,3,1
Actor,Unsho Ishizuka,4,1,3
Actor,Ariana Grande,4,2,2
Actor,Rebecca Hall,4,4,0
Actor,Asri Welas,4,4,0
Actor,Peter Kelamis,4,3,1
Actor,Lucas Till,4,4,0
Actor,Mickey Sumner,4,4,0
Actor,Sobhita Dhulipala,4,3,1
Actor,Jonathan Haagensen,4,1,3
Actor,Saiyami Kher,4,4,0
Actor,Jirayu La-ongmanee,4,2,2
Actor,Maria Dizzia,4,4,0
Actor,Jason Robards,4,3,1
Actor,Luke Kenny,4,3,1
Actor,Jeremy Irvine,4,4,0
Actor,Michael McKean,4,3,1
Actor,Ryan Gosling,4,4,0
Actor,Nehemiah Persoff,4,4,0
Actor,Peter Kurth,4,2,2
Actor,Vishal Malhotra,4,4,0
Actor,Vinod Kulkarni,4,4,0
Actor,Asif Basra,4,4,0
Actor,Gérard Depardieu,4,3,1
Actor,Santiago Segura,4,3,1
Actor,Alastair Mackenzie,4,3,1
Actor,Qavi Khan,4,2,2
Actor,Upendra Limaye,4,4,0
Actor,Richard Roundtree,4,2,2
Actor,Victor Banerjee,4,4,0
Actor,Noah Kaye Bentley,4,3,1
Actor,Leslie Jones,4,4,0
Actor,Chandan Anand,4,2,2
Actor,Sarah Michelle Gellar,4,2,2
Actor,Esai Morales,4,3,1
Actor,Kimiko Glenn,4,3,1
Actor,Skeet Ulrich,4,2,2
Actor,Ghada Adel,4,4,0
Actor,Luna Maya,4,4,0
Actor,Mohamed Henedi,4,4,0
Actor,Tony Plana,4,3,1
Actor,Angus Sampson,4,3,1
Actor,Lin Mei-hsiu,4,1,3
Actor,Sinéad Cusack,4,2,2
Actor,Tan France,4,1,3
Actor,Britt Robertson,4,3,1
Actor,Kate Beckinsale,4,4,0
Actor,Jacob Tremblay,4,4,0
Actor,Tobias Santelmann,4,1,3
Actor,Russell Tovey,4,3,1
Actor,Larry Miller,4,4,0
Actor,Hayley Atwell,4,1,3
Actor,Cicely Tyson,4,4,0
Actor,Nesta Cooper,4,2,2
Actor,Nauheed Cyrusi,4,4,0
Actor,Penelope Ann Miller,4,3,1
Actor,Steven Michael Quezada,4,3,1
Actor,Gary Lewis,4,2,2
Actor,Marcial Tagle,4,3,1
Actor,Akash Khurana,4,3,1
Actor,Alex Cazares,4,1,3
Actor,Fred Savage,4,3,1
Actor,Hesham Selim,4,2,2
Actor,Lynn Collins,4,4,0
Actor,Louis Held,4,4,0
Actor,Robbie Coltrane,4,4,0
Actor,Booboo Stewart,4,3,1
Actor,Trezzo Mahoro,4,4,0
Actor,Laura de Carteret,4,3,1
Actor,David Hyde Pierce,4,1,3
Actor,James McAvoy,4,3,1
Actor,Daniel Giménez Cacho,4,3,1
Actor,Cristina Milizia,4,3,1
Actor,Kevin Smith,4,3,1
Actor,Okey Uzoeshi,4,4,0
Actor,Soumitra Chatterjee,4,4,0
Actor,Christopher Eccleston,4,3,1
Actor,Lisa-Marie Koroll,4,4,0
Actor,Richard Coyle,4,2,2
Actor,Anika Noni Rose,4,4,0
Actor,Isla Fisher,4,4,0
Actor,Nithya Menon,4,4,0
Actor,Ann Dowd,4,4,0
Actor,Judith Light,4,3,1
Actor,Itatí Cantoral,4,1,3
Actor,Michelle Monaghan,4,3,1
Actor,Miquel Fernández,4,3,1
Actor,Revathy,4,3,1
Actor,Hannah Marks,4,4,0
Actor,Roger Guenveur Smith,4,4,0
Actor,Paul Chun,4,4,0
Actor,Ritchie Montgomery,4,4,0
Actor,Taishi Murata,4,0,4
Actor,Hector Elizondo,4,4,0
Actor,Greta Gerwig,4,4,0
Actor,Tim Curry,4,4,0
Actor,Kim Sun-young,4,0,4
Actor,Max von Sydow,4,4,0
Actor,Kyle Hebert,4,0,4
Actor,Brittney Wilson,4,3,1
Actor,Zachary Knighton,4,3,1
Actor,Loreto Peralta,4,3,1
Actor,Suzy Myers,4,1,3
Actor,Faizon Love,4,4,0
Actor,Peter Keleghan,4,3,1
Actor,Lord Frank,4,2,2
Actor,Jacqueline McKenzie,4,2,2
Actor,Jess Weixler,4,4,0
Actor,Sarayu Blue,4,2,2
Actor,Cole Sand,4,2,2
Actor,Ashish Duggal,4,4,0
Actor,Alex Brendemühl,4,3,1
Actor,Léa Seydoux,4,4,0
Actor,Adrianne Palicki,4,2,2
Actor,Fátima Molina,4,0,4
Actor,Patrick d'Assumçao,4,3,1
Actor,Nicky Whelan,4,4,0
Actor,Chaleumpol Tikumpornteerawong,4,3,1
Actor,Kerry Fox,4,4,0
Actor,Sebastián Rulli,4,0,4
Actor,Masataka Kubota,4,4,0
Actor,Gabriel Afolayan,4,4,0
Actor,David Schütter,4,3,1
Actor,Debra Winger,4,3,1
Actor,Arnold Schwarzenegger,4,4,0
Actor,Beau Knapp,4,3,1
Actor,Emy Samir Ghanim,4,4,0
Actor,Russell Crowe,4,4,0
Actor,Luis Gnecco,4,4,0
Actor,Jameel Khan,4,4,0
Actor,Charlie Carver,4,3,1
Actor,Daniel Mays,4,3,1
Actor,Koki Uchiyama,4,0,4
Actor,Engin Altan Düzyatan,4,3,1
Actor,Akira,4,4,0
Actor,Xu Bin,4,0,4
Actor,Rishabh Chaddha,4,4,0
Actor,Brennley Brown,4,3,1
Actor,Jasper Liu,4,0,4
Actor,Nushrat Bharucha,4,4,0
Actor,Juan Diego,4,3,1
Actor,Stephanie Beatriz,4,3,1
Actor,Aenie Wong,4,0,4
Actor,Llorenç González,4,1,3
Actor,Anjana Sukhani,4,4,0
Actor,Roshan Mathew,4,4,0
Actor,Omar Sharif,4,4,0
Actor,Waleed Zuaiter,4,3,1
Actor,Akari Kito,4,0,4
Actor,Katrina Bowden,4,3,1
Actor,Robert Duvall,4,4,0
Actor,Magnus Krepper,4,2,2
Actor,Alden Ehrenreich,4,4,0
Actor,Anthony Head,4,2,2
Actor,Arliss Howard,4,3,1
Actor,Adunni Ade,4,4,0
Actor,Mahir İpek,4,4,0
Actor,Lynsey Pham,4,3,1
Actor,Jon Øigarden,4,3,1
Actor,Denis O'Hare,4,3,1
Actor,Adriana Barraza,4,2,2
Actor,Tope Tedela,4,4,0
Actor,Sruthi Hariharan,4,4,0
Actor,Feng Ku,4,4,0
Actor,Jason Narvy,4,0,4
Actor,Jason Wang,4,2,2
Actor,Park Ho-san,4,2,2
Actor,Chace Crawford,4,3,1
Actor,Kent Cheng,4,4,0
Actor,Chioma Chukwuka Akpotha,4,4,0
Actor,Jaylen Barron,4,2,2
Actor,Lamar Johnson,4,3,1
Actor,Edward Bosco,4,1,3
Actor,Fuyumi Shiraishi,4,4,0
Actor,Aya Suzaki,4,1,3
Actor,Yasmin Abdulaziz,4,4,0
Actor,Andy Lau,4,4,0
Actor,James Faulkner,4,2,2
Actor,Takaya Kuroda,4,1,3
Actor,Kang Shi-hyun,4,1,3
Actor,Ariyo Wahab,4,4,0
Actor,Jodie Whittaker,4,2,2
Actor,Bharati Achrekar,4,4,0
Actor,Sarah Baker,4,3,1
Actor,John Hawkes,4,4,0
Actor,Joe Chen,4,0,4
Actor,Bisola Aiyeola,4,4,0
Actor,Daya Shankar Pandey,4,4,0
Actor,Rahul Kohli,4,1,3
Actor,David Dencik,4,1,3
Actor,Daran Norris,4,3,1
Actor,Kajal Aggarwal,4,4,0
Actor,Oabnithi Wiwattanawarang,4,1,3
Actor,Chris Mulkey,4,3,1
Actor,Edie Falco,4,3,1
Actor,Andre Robinson,4,3,1
Actor,Ravi Baswani,4,4,0
Actor,Samantha Barks,4,4,0
Actor,Toto Vega,4,0,4
Actor,Bernard Hill,4,4,0
Actor,David Paymer,4,4,0
Actor,Mark Feuerstein,4,1,3
Actor,Martin del Rosario,4,4,0
Actor,Mary Kay Place,4,3,1
Actor,Hassan El Raddad,4,4,0
Actor,Justina Machado,4,2,2
Actor,Faye Dunaway,4,4,0
Actor,Callum Keith Rennie,4,4,0
Actor,Rory Markham,4,4,0
Actor,Jean Smart,4,3,1
Actor,Karim Abdel Aziz,4,4,0
Actor,Zoe Kazan,4,3,1
Actor,Peter Fonda,4,4,0
Actor,Claire Danes,4,4,0
Actor,Moe Dunford,4,4,0
Actor,Kunal Khemu,4,4,0
Actor,Gabby Clarke,4,3,1
Actor,Scott McCord,4,0,4
Actor,Donald Glover,4,3,1
Actor,Chetan Pandit,4,3,1
Actor,Mai Selim,4,4,0
Actor,Billy Campbell,4,1,3
Actor,Alka Badola Kaushal,4,4,0
Actor,Charlie Cox,4,2,2
Actor,Paul Anderson,4,2,2
Actor,Sendhil Ramamurthy,4,2,2
Actor,Bob Saget,4,2,2
Actor,Pat Morita,4,4,0
Actor,Greg Eagles,4,3,1
Actor,Alyy Khan,4,4,0
Actor,Judah Lewis,4,4,0
Actor,Surya Ganapathy,4,4,0
Actor,Binnur Kaya,4,4,0
Actor,Tia Lee,4,0,4
Actor,Rupert Friend,4,4,0
Actor,Hannah Gadsby,4,3,1
Actor,Reid Scott,4,3,1
Actor,Min Tanaka,4,4,0
Actor,Ving Rhames,4,4,0
Actor,Josh Hutcherson,4,4,0
Actor,Jordi Mollà,4,4,0
Actor,Ahmet Mümtaz Taylan,4,3,1
Actor,Suzanne Clément,4,2,2
Actor,Milo Gibson,4,4,0
Actor,Yuka Iguchi,4,2,2
Actor,John Slattery,4,2,2
Actor,Niels Arestrup,4,4,0
Actor,Ólafur Darri Ólafsson,4,2,2
Actor,Diego Cremonesi,4,3,1
Actor,Tushar Dalvi,4,4,0
Actor,Ankush Chaudhari,4,4,0
Actor,Priyadarshi Pullikonda,4,4,0
Actor,Joel Kinnaman,4,2,2
Actor,Suresh Oberoi,4,4,0
Actor,Craig Fairbrass,4,4,0
Actor,Dave Sheridan,4,4,0
Actor,Dan Stevens,4,3,1
Actor,Christian Slater,4,4,0
Actor,Michael Jackson,4,3,1
Actor,Tony Burton,4,4,0
Actor,Freya Allan,4,2,2
Actor,Adam Godley,4,2,2
Actor,Carl Weathers,4,4,0
Actor,Vidhu,4,4,0
Actor,Rimi Sen,4,4,0
Actor,Fawad Khan,4,2,2
Actor,Lamorne Morris,4,3,1
Actor,Mohsen Mansour,4,4,0
Actor,Mel Gibson,4,4,0
Actor,Dean Winters,4,3,1
Actor,Michelle Ruff,4,0,4
Actor,Ray Chase,4,0,4
Actor,Parminder Ghumman,4,2,2
Actor,İbrahim Büyükak,4,4,0
Actor,Sheila Vand,4,4,0
Actor,Aaron Taylor-Johnson,4,4,0
Actor,Mitchell Edwards,4,3,1
Actor,Ed Begley Jr.,4,3,1
Actor,Yasuyuki Kase,4,1,3
Actor,Kim Seon-ho,4,0,4
Actor,Joshua Garcia,4,4,0
Actor,Anang Desai,4,4,0
Actor,Bryan Batt,4,3,1
Actor,Paige Chua,4,0,4
Actor,Omi Vaidya,4,3,1
Actor,Charlotte Le Bon,4,4,0
Actor,Cheng Pei-pei,4,4,0
Actor,Ritwick Chakraborty,4,4,0
Actor,Ben Daniels,4,3,1
Actor,Matt Dillon,4,4,0
Actor,Carlos Ponce,4,1,3
Actor,Sun Ke-fang,4,1,3
Actor,Takahiro Mizushima,4,0,4
Actor,Ahna O'Reilly,4,4,0
Actor,Dendrie Taylor,4,4,0
Actor,Lorraine Ashbourne,4,2,2
Actor,Entsar,4,4,0
Actor,Tzi Ma,4,3,1
Actor,Eric Edelstein,4,2,2
Actor,Fred Hechinger,4,4,0
Actor,Motomu Kiyokawa,4,2,2
Actor,Sumriddhi Shukla,4,3,1
Actor,Osas Ighodaro Ajibade,4,4,0
Actor,Gilles Marini,4,1,3
Actor,Jacob Elordi,4,4,0
Actor,Sutatta Udomsilp,4,1,3
Actor,Miguel Ángel Silvestre,4,0,4
Actor,Luke Evans,4,3,1
Actor,Govinda,4,4,0
Actor,Sudhir Pandey,4,4,0
Actor,James Rebhorn,4,4,0
Actor,Jesse Williams,4,3,1
Actor,Chris Lowell,4,2,2
Actor,Patrick Criado,4,2,2
Actor,Jun Kunimura,4,3,1
Actor,Ali Zafar,4,4,0
Actor,Seema Kaushal,4,4,0
Actor,Bill Nunn,4,4,0
Actor,Robinson Díaz,4,0,4
Actor,Anjali Patil,4,4,0
Actor,Sanae Kobayashi,4,0,4
Actor,Matt Jones,4,3,1
Actor,Liv Hewson,4,2,2
Actor,Puneet Issar,4,4,0
Actor,Cory Bowles,4,2,2
Actor,Peyton List,4,2,2
Actor,Diane Lane,4,3,1
Actor,Neeraj Kabi,4,2,2
Actor,Danny Jacobs,4,0,4
Actor,Tia Mowry-Hardrict,4,1,3
Actor,David Hasselhoff,4,3,1
Actor,Ruth Díaz,4,4,0
Actor,Danny Sapani,4,1,3
Actor,Archana Puran Singh,4,4,0
Actor,Geetika Tyagi,4,3,1
Actor,Mindy Kaling,4,2,2
Actor,Sushma Seth,4,4,0
Actor,Camila Mendes,4,3,1
Actor,Timini Egbuson,4,2,2
Actor,Kenichi Ogata,4,3,1
Actor,Dolly Parton,4,3,1
Actor,Ben Cross,4,4,0
Actor,Genelia D'Souza,4,4,0
Actor,Michael Ian Black,4,2,2
Actor,Shameik Moore,4,3,1
Actor,Michael Vartan,4,3,1
Actor,Matthew Perry,4,3,1
Actor,Brian Baumgartner,4,2,2
Actor,Steven Berkoff,4,3,1
Actor,Elden Henson,4,2,2
Actor,Scott Caan,4,4,0
Actor,Mathieu Kassovitz,4,4,0
Actor,François Civil,4,4,0
Actor,Rahul Khanna,4,3,1
Actor,Melanie Griffith,4,4,0
Actor,Daniel Radcliffe,4,3,1
Actor,Ty Consiglio,4,4,0
Actor,Julia Barretto,4,4,0
Actor,Dina Pathak,4,4,0
Actor,Sayani Gupta,4,4,0
Actor,Joseph Cross,4,3,1
Actor,Vinodhini,4,4,0
Actor,Thomas Middleditch,4,3,1
Actor,Ali Suliman,4,4,0
Actor,Darren Wang,4,4,0
Actor,Amber Valletta,4,4,0
Actor,Esha Gupta,4,4,0
Actor,Taylor Swift,4,4,0
Actor,Armand Assante,4,4,0
Actor,Rachel House,4,4,0
Actor,Chris Tong,4,0,4
Actor,Jake Lacy,4,4,0
Actor,Emma Watson,4,4,0
Actor,George MacKay,4,4,0
Actor,Xiang Yun,4,1,3
Actor,Jessica Barden,4,3,1
Actor,Coy Stewart,4,2,2
Actor,Ginnifer Goodwin,4,3,1
Actor,Nanako Mori,4,1,3
Actor,Rob Brydon,4,3,1
Actor,Jaime Lorente,4,2,2
Actor,Fernando Chien,4,4,0
Actor,Freddy Rodríguez,4,3,1
Actor,Aparshakti Khurana,4,4,0
Actor,Kate Micucci,4,4,0
Actor,Beverly Osu,4,4,0
Actor,Ng Man-Tat,4,3,1
Actor,Mitsuru Miyamoto,4,1,3
Actor,Danny Masterson,4,2,2
Actor,Koushik Sen,4,4,0
Actor,Sujata Sehgal,3,3,0
Actor,Tom Courtenay,3,3,0
Actor,Nicholle Tom,3,3,0
Actor,Şinasi Yurtsever,3,3,0
Actor,Gracia Olayo,3,3,0
Actor,Alban Ivanov,3,2,1
Actor,Kristin Booth,3,3,0
Actor,Pemy Peramin Thabkaew,3,0,3
Actor,Parker Mack,3,3,0
Actor,Barry Keoghan,3,3,0
Actor,Jackie R. Jacobson,3,2,1
Actor,Kandyse McClure,3,1,2
Actor,Sophie Thompson,3,2,1
Actor,Sushant Singh Rajput,3,3,0
Actor,Candace Cameron Bure,3,1,2
Actor,Ritesh Rajan,3,1,2
Actor,Lung Shao-hua,3,2,1
Actor,Parmeet Sethi,3,3,0
Actor,Aml Ameen,3,2,1
Actor,Imelda Staunton,3,3,0
Actor,Elvira Mínguez,3,3,0
Actor,Tony Yang,3,2,1
Actor,Kohtee Aramboy,3,3,0
Actor,Shafqat Cheema,3,3,0
Actor,Henry Czerny,3,3,0
Actor,Peter Outerbridge,3,2,1
Actor,Jamie Chung,3,2,1
Actor,Jackie Tohn,3,1,2
Actor,Clea DuVall,3,2,1
Actor,Alyssya Swales,3,2,1
Actor,Kevin Chapman,3,2,1
Actor,Guo Tao,3,3,0
Actor,Stephen Bishop,3,2,1
Actor,Rory Cochrane,3,3,0
Actor,Kareem Mahmoud Abdel Aziz,3,3,0
Actor,Mariah Carey,3,3,0
Actor,Lucien Dodge,3,1,2
Actor,Sonia Sui,3,0,3
Actor,Steve Harvey,3,3,0
Actor,Monica Dogra,3,3,0
Actor,Zach McGowan,3,3,0
Actor,Vitta Mariana Barrazza,3,3,0
Actor,Tetsuya Chiba,3,3,0
Actor,Flea,3,2,1
Actor,Adam David Thompson,3,3,0
Actor,Vincent Regan,3,2,1
Actor,Melinda Shankar,3,2,1
Actor,Jimmy Jean-Louis,3,3,0
Actor,Ella Joy Ballesteros,3,3,0
Actor,Lee Min-ho,3,0,3
Actor,Mary Berry,3,0,3
Actor,Brady Corbet,3,3,0
Actor,Jay Leno,3,3,0
Actor,Robert Finster,3,1,2
Actor,Olivia Munn,3,3,0
Actor,Kenneth Desai,3,3,0
Actor,Monica Rial,3,0,3
Actor,Michelle Gomez,3,1,2
Actor,Josh Wiggins,3,3,0
Actor,Megan Lai,3,0,3
Actor,Mansour Al Felei,3,3,0
Actor,Billy Angel,3,3,0
Actor,Lisa Ann Beley,3,1,2
Actor,Agata Kulesza,3,2,1
Actor,Kevin Dunn,3,3,0
Actor,Zhou Ying,3,0,3
Actor,Suchitra Pillai,3,2,1
Actor,Dr. Dre,3,3,0
Actor,Hill Harper,3,3,0
Actor,Roger Allam,3,3,0
Actor,Stephanie Sigman,3,2,1
Actor,Aashish Chaudhary,3,3,0
Actor,Scott Thompson,3,2,1
Actor,Julia Garner,3,1,2
Actor,Chris Hemsworth,3,3,0
Actor,Caleb McLaughlin,3,1,2
Actor,Vivian Duarte,3,3,0
Actor,Ji Jin-hee,3,1,2
Actor,Eucharia Anunobi,3,3,0
Actor,Derren Brown,3,3,0
Actor,Shohei Uno,3,1,2
Actor,Faith Seci,3,2,1
Actor,Vicente Romero,3,3,0
Actor,Tommy 'Tiny' Lister,3,3,0
Actor,Ganindra Bimo,3,3,0
Actor,Prasenjit Chatterjee,3,3,0
Actor,Jeremy Linn,3,2,1
Actor,Parthiban,3,3,0
Actor,Hsieh Kun Da,3,0,3
Actor,Harish Verma,3,3,0
Actor,Mario Cantone,3,3,0
Actor,Kim Mee-kyung,3,0,3
Actor,Prateik,3,3,0
Actor,Roberto Mateos,3,0,3
Actor,Dorien Wilson,3,1,2
Actor,Olivia Deeble,3,2,1
Actor,Nadya Arina,3,3,0
Actor,Tiffany Leong,3,0,3
Actor,Juju Chan,3,2,1
Actor,Vanessa Morgan,3,2,1
Actor,Iedil Putra,3,3,0
Actor,Joey Diaz,3,0,3
Actor,Julia Konrad,3,2,1
Actor,Alon Aboutboul,3,2,1
Actor,Charlie McDermott,3,2,1
Actor,Oliver Masucci,3,1,2
Actor,Barbara Hershey,3,3,0
Actor,James Woods,3,3,0
Actor,Jamal Mixon,3,3,0
Actor,Berat Yenilmez,3,3,0
Actor,Dylan Minnette,3,1,2
Actor,Lisa Edelstein,3,1,2
Actor,Ben Miller,3,2,1
Actor,George Kennedy,3,3,0
Actor,Judd Hirsch,3,2,1
Actor,Nafisa Ali,3,3,0
Actor,Jamie Lee Curtis,3,3,0
Actor,Brenda Song,3,3,0
Actor,Eugenia Yuan,3,2,1
Actor,Clare-Hope Ashitey,3,0,3
Actor,José Ángel Egido,3,2,1
Actor,Georgia Engel,3,3,0
Actor,Giancarlo Giannini,3,3,0
Actor,Alex Pettyfer,3,2,1
Actor,Gary Sinise,3,2,1
Actor,Alan Arkin,3,2,1
Actor,Katherine Langford,3,0,3
Actor,Desmin Borges,3,2,1
Actor,Brian Howe,3,3,0
Actor,Devon Bostick,3,2,1
Actor,Mariana Cordero,3,3,0
Actor,Peyman Moaadi,3,3,0
Actor,Adam Shapiro,3,1,2
Actor,Laverne Cox,3,1,2
Actor,Aidan Cook,3,2,1
Actor,Jeffrey Quizon,3,3,0
Actor,Danny Woodburn,3,3,0
Actor,Darrin Dewitt Henson,3,3,0
Actor,Vinod Nagpal,3,3,0
Actor,Jane Alexander,3,3,0
Actor,Trevor Tordjman,3,1,2
Actor,Ben Schnetzer,3,3,0
Actor,Tyler Ross,3,3,0
Actor,JT Neal,3,2,1
Actor,Alyssa Milano,3,1,2
Actor,Megumi Nakajima,3,1,2
Actor,Louisa Krause,3,3,0
Actor,Tony Curran,3,2,1
Actor,Domenick Lombardozzi,3,3,0
Actor,David Letterman,3,2,1
Actor,Jack Kao,3,3,0
Actor,Gina Holden,3,3,0
Actor,David Morse,3,2,1
Actor,RuPaul,3,1,2
Actor,Nafessa Williams,3,2,1
Actor,Urzila Carlson,3,2,1
Actor,Griffin Dunne,3,3,0
Actor,Katie Aselton,3,3,0
Actor,Bae Jong-ok,3,0,3
Actor,Ahmed Eid,3,3,0
Actor,Pilar Castro,3,1,2
Actor,Valentina Cervi,3,3,0
Actor,Pere Ponce,3,0,3
Actor,Rotimi,3,3,0
Actor,Cassidy Naber,3,1,2
Actor,Enver Gjokaj,3,3,0
Actor,Jyoti Joshi,3,3,0
Actor,Manuela Vellés,3,1,2
Actor,Om Shivpuri,3,3,0
Actor,AnnaLynne McCord,3,3,0
Actor,Kirstie Alley,3,1,2
Actor,Minka Kelly,3,2,1
Actor,David Sullivan,3,2,1
Actor,Song Young-chang,3,2,1
Actor,Janine Chang,3,3,0
Actor,Teeradon Supapunpinyo,3,1,2
Actor,Kelvin Harrison Jr.,3,3,0
Actor,Franco Escamilla,3,2,1
Actor,Phutharit Prombandal,3,1,2
Actor,Maggie Grace,3,3,0
Actor,Jesús Zavala,3,1,2
Actor,Leslie Nielsen,3,3,0
Actor,Dina Fouad,3,3,0
Actor,Tuba Büyüküstün,3,1,2
Actor,Raini Rodriguez,3,2,1
Actor,Stephen McHattie,3,1,2
Actor,Efren Ramirez,3,3,0
Actor,Kathleen Robertson,3,2,1
Actor,Analeigh Tipton,3,3,0
Actor,Michaela McManus,3,2,1
Actor,Michael B. Jordan,3,2,1
Actor,Rafael Portugal,3,2,1
Actor,Anand Ingale,3,3,0
Actor,Christina Pazsitzky,3,1,2
Actor,Robert Christopher Riley,3,2,1
Actor,Nicolas Duvauchelle,3,2,1
Actor,Lau Ching Wan,3,3,0
Actor,Zoë Kravitz,3,3,0
Actor,Yuko Miyamura,3,2,1
Actor,Daniel Bacon,3,1,2
Actor,Gil Bellows,3,3,0
Actor,Caitlin Gerard,3,2,1
Actor,Jason Alexander,3,3,0
Actor,Paget Brewster,3,2,1
Actor,Ragaa Al-Geddawy,3,3,0
Actor,Tamer Hosny,3,3,0
Actor,Elijah Canlas,3,2,1
Actor,Shen Yue,3,1,2
Actor,Bellamy Young,3,1,2
Actor,Myra Lucretia Taylor,3,3,0
Actor,Sami Gayle,3,3,0
Actor,Yara Shahidi,3,2,1
Actor,Elio Germano,3,3,0
Actor,Edwin Hodge,3,3,0
Actor,Laura Stahl,3,1,2
Actor,Jonathan Loughran,3,3,0
Actor,Brennan Murray,3,2,1
Actor,Victorio D'Alessandro,3,1,2
Actor,Jack Huston,3,2,1
Actor,Mónica Dionne,3,2,1
Actor,Raveena Tandon,3,3,0
Actor,Jhansi,3,3,0
Actor,Makarand Anaspure,3,3,0
Actor,Lidya Jewett,3,2,1
Actor,Eric Dane,3,2,1
Actor,Jane Turner,3,2,1
Actor,Brad Garrett,3,3,0
Actor,Olivia Taylor Dudley,3,2,1
Actor,Gao Yuanyuan,3,3,0
Actor,Elisha Cuthbert,3,1,2
Actor,Nikhil Dwivedi,3,3,0
Actor,Heidi Arena,3,2,1
Actor,Beyoncé Knowles-Carter,3,3,0
Actor,Tom Felton,3,3,0
Actor,Kaizaad Kotwal,3,3,0
Actor,Rana Jung Bahadur,3,3,0
Actor,Tim Reid,3,1,2
Actor,Ashwini Giri,3,3,0
Actor,Koji Yakusho,3,3,0
Actor,Hana Shiha,3,2,1
Actor,Jill Scott,3,2,1
Actor,Daisuke Kishio,3,1,2
Actor,Greg Bryk,3,1,2
Actor,Ricardo Montalban,3,3,0
Actor,Olimpia Melinte,3,3,0
Actor,Lotlot De Leon,3,3,0
Actor,Maria Isabel Lopez,3,3,0
Actor,Yutaka Matsushige,3,1,2
Actor,Ezra Miller,3,3,0
Actor,Greg Han,3,0,3
Actor,Justin Chatwin,3,1,2
Actor,María Pujalte,3,2,1
Actor,Christina Moore,3,3,0
Actor,Adeel Akhtar,3,2,1
Actor,Santhosh Keezhattoor,3,3,0
Actor,Yon González,3,1,2
Actor,Fele Martínez,3,2,1
Actor,Adel Bencherif,3,2,1
Actor,Bimbo Akintola,3,3,0
Actor,Sharon Lawrence,3,3,0
Actor,Gaius Charles,3,1,2
Actor,Kelly Preston,3,3,0
Actor,Shiori Izawa,3,0,3
Actor,Ayesha Raza Mishra,3,3,0
Actor,Ronaldo Valdez,3,3,0
Actor,Erica Yohn,3,3,0
Actor,Uday Tikekar,3,3,0
Actor,David Mazouz,3,2,1
Actor,Katie Crown,3,0,3
Actor,Terrence Scammell,3,3,0
Actor,Özkan Uğur,3,2,1
Actor,Anandhi,3,3,0
Actor,Danila Kozlovsky,3,3,0
Actor,Jonny Weston,3,2,1
Actor,Marian Álvarez,3,3,0
Actor,Vikas Verma,3,3,0
Actor,Jeffrey Dean Morgan,3,3,0
Actor,Kenji Hamada,3,1,2
Actor,Joaquin Phoenix,3,3,0
Actor,Carol Burnett,3,2,1
Actor,Deon Richmond,3,2,1
Actor,Kirby Bliss Blanton,3,3,0
Actor,Tim McInnerny,3,3,0
Actor,Richard Burgi,3,3,0
Actor,Amin Hajee,3,3,0
Actor,Dalal Abdelaziz,3,2,1
Actor,Kim Cattrall,3,2,1
Actor,Hans Chung,3,0,3
Actor,Lauren Cohan,3,2,1
Actor,Lan Cheng-lung,3,0,3
Actor,Scott Foley,3,2,1
Actor,Pakey Vázquez,3,0,3
Actor,Greg Wise,3,2,1
Actor,Hazal Türesan,3,0,3
Actor,Stephen Stanton,3,3,0
Actor,Carrie Keranen,3,1,2
Actor,Geena Davis,3,3,0
Actor,Aaron Douglas,3,2,1
Actor,Christina Applegate,3,2,1
Actor,Marisa Tomei,3,3,0
Actor,Neil deGrasse Tyson,3,3,0
Actor,Ebon Moss-Bachrach,3,2,1
Actor,Charlie Barnett,3,0,3
Actor,Glenn Robbins,3,2,1
Actor,Amanda Schull,3,3,0
Actor,Lilian Esoro,3,3,0
Actor,Taiki Sato,3,3,0
Actor,Se-yoon Yoo,3,0,3
Actor,Maria Doyle Kennedy,3,1,2
Actor,Annick Obonsawin,3,1,2
Actor,Settar Tanrıöğen,3,1,2
Actor,Nadiya Hussain,3,0,3
Actor,Paul Wesley,3,1,2
Actor,Joseph Chang,3,1,2
Actor,Rupinder Roopi,3,3,0
Actor,Hakeem Kae-Kazim,3,2,1
Actor,Kevin Conroy,3,1,2
Actor,Lucien Laviscount,3,3,0
Actor,Bonnie Somerville,3,3,0
Actor,Yuto Uemura,3,0,3
Actor,Francesc Garrido,3,1,2
Actor,Hayden Christensen,3,3,0
Actor,Billie Piper,3,1,2
Actor,Shone Romulus,3,2,1
Actor,Bresha Webb,3,2,1
Actor,Emilio Estevez,3,3,0
Actor,Cornelia Agatha,3,3,0
Actor,Mark Gatiss,3,2,1
Actor,Bimbo Ademoye,3,3,0
Actor,Jenna Warren,3,0,3
Actor,Alexander Ludwig,3,3,0
Actor,Ana Fernández,3,1,2
Actor,Stephen Dorff,3,3,0
Actor,Chapman To,3,3,0
Actor,Camille Hyde,3,0,3
Actor,Mandra Naih,3,3,0
Actor,Stella Maeve,3,2,1
Actor,Rajiv Thakur,3,3,0
Actor,Roman Lutterotti,3,3,0
Actor,Samuel Jouy,3,1,2
Actor,Thomas Gibson,3,1,2
Actor,Callan Potter,3,3,0
Actor,P. Balachandran,3,3,0
Actor,Madelaine Petsch,3,2,1
Actor,Jamie Bamber,3,2,1
Actor,Brittney Karbowski,3,0,3
Actor,Marissa Anita,3,2,1
Actor,Omotola Jalade-Ekeinde,3,3,0
Actor,Majid Michel,3,3,0
Actor,Mena Suvari,3,3,0
Actor,Tessho Genda,3,0,3
Actor,Vladimir Kulich,3,3,0
Actor,Emily Blunt,3,3,0
Actor,Oh Yeon-seo,3,0,3
Actor,Matthew Macfadyen,3,1,2
Actor,Kaitlyn Maher,3,3,0
Actor,John Hannah,3,2,1
Actor,Kim Mee-kyeong,3,0,3
Actor,Liu Kuan-ting,3,2,1
Actor,Shaun Toub,3,3,0
Actor,Stacey DePass,3,0,3
Actor,David Verdaguer,3,3,0
Actor,Itzik Cohen,3,2,1
Actor,Piolo Pascual,3,3,0
Actor,Adèle Exarchopoulos,3,3,0
Actor,Mark Ghanimé,3,2,1
Actor,Ned Dennehy,3,1,2
Actor,Reggie De Leon,3,3,0
Actor,Vanessa Williams,3,3,0
Actor,Saidi Balogun,3,3,0
Actor,Finn Jones,3,1,2
Actor,Michelle Obama,3,2,1
Actor,Jessica Mila,3,3,0
Actor,Karan Soni,3,3,0
Actor,Eloy Azorín,3,0,3
Actor,Shrikant Yadav,3,3,0
Actor,Trond Fausa,3,0,3
Actor,Risa Taneda,3,0,3
Actor,Zerrin Sümer,3,3,0
Actor,Wanida Termthanaporn,3,0,3
Actor,Dany Boon,3,3,0
Actor,Mano Maniam,3,0,3
Actor,Cher,3,3,0
Actor,Sandy Fox,3,3,0
Actor,Do-won Kwak,3,3,0
Actor,Tim Matheson,3,1,2
Actor,Yuen Wah,3,3,0
Actor,Callum Turner,3,3,0
Actor,Alberto Ammann,3,0,3
Actor,Rachel Crow,3,2,1
Actor,Daniel Currás,3,2,1
Actor,Hülya Duyar,3,3,0
Actor,Simon Kunz,3,2,1
Actor,Daniel Sosa,3,2,1
Actor,Paul Gross,3,0,3
Actor,Wentworth Miller,3,2,1
Actor,Megan Hilty,3,2,1
Actor,David Duchovny,3,2,1
Actor,Lili Reinhart,3,2,1
Actor,Dhritiman Chatterjee,3,3,0
Actor,Dean Stockwell,3,3,0
Actor,Mohamed Farraag,3,1,2
Actor,Tetsuji Tamayama,3,0,3
Actor,Adelaide Kane,3,1,2
Actor,Jaffer Idukki,3,3,0
Actor,Indrasish Roy,3,3,0
Actor,Doug Allen,3,2,1
Actor,Úrsula Corberó,3,2,1
Actor,Bill Bellamy,3,3,0
Actor,Pedro Armendáriz Jr.,3,3,0
Actor,Kevin O'Grady,3,3,0
Actor,Neha Chauhan,3,3,0
Actor,Alibaba Akporobome,3,3,0
Actor,Keiko Agena,3,0,3
Actor,Daniel Holguín,3,1,2
Actor,Lauren Vélez,3,2,1
Actor,Ice-T,3,3,0
Actor,Troy Gentile,3,3,0
Actor,Sherri Saum,3,1,2
Actor,Nikolai Kinski,3,2,1
Actor,Ben Lamb,3,3,0
Actor,Girija Oak,3,3,0
Actor,Sung Hoon,3,0,3
Actor,Hesham Maged,3,2,1
Actor,Mike Doyle,3,3,0
Actor,Madison Pettis,3,3,0
Actor,Mckenna Grace,3,2,1
Actor,Jack De Sena,3,1,2
Actor,Julie Bowen,3,2,1
Actor,Jonas Strand Gravli,3,2,1
Actor,Søren Malling,3,1,2
Actor,Grant Heslov,3,3,0
Actor,Sami Bouajila,3,2,1
Actor,Sean Gunn,3,1,2
Actor,Nicolás Martínez,3,2,1
Actor,Patricia López Arnaiz,3,3,0
Actor,Rajesh Khera,3,3,0
Actor,Henry Winkler,3,2,1
Actor,Derek Judge,3,0,3
Actor,Saïd Taghmaoui,3,3,0
Actor,Nichaphat Chatchaipholrat,3,0,3
Actor,Holly Taylor,3,1,2
Actor,Jameson Blake,3,3,0
Actor,Evangeline Lilly,3,3,0
Actor,Bruce Herbelin-Earle,3,2,1
Actor,Taryn Manning,3,2,1
Actor,Indya Moore,3,2,1
Actor,Jordi Sánchez,3,3,0
Actor,Paul Sambo,3,1,2
Actor,Fan Bingbing,3,3,0
Actor,Michael Blalock,3,3,0
Actor,Bae Doona,3,1,2
Actor,Dolores Fonzi,3,2,1
Actor,Laila Ezz El Arab,3,2,1
Actor,Britt Irvin,3,3,0
Actor,Anisha Ambrose,3,2,1
Actor,Éric Judor,3,2,1
Actor,Jim Rash,3,1,2
Actor,Ryo Yoshizawa,3,2,1
Actor,Asim Chaudhry,3,1,2
Actor,Sarah Fisher,3,3,0
Actor,Najwa Nimri,3,2,1
Actor,Judy Davis,3,2,1
Actor,Geoff Pierson,3,2,1
Actor,Nicholas Coombe,3,2,1
Actor,Katie Griffin,3,0,3
Actor,Mako Iwamatsu,3,2,1
Actor,Dean Cain,3,1,2
Actor,Brooke Markham,3,2,1
Actor,Natalia Valdebenito,3,3,0
Actor,Madoka Yonezawa,3,2,1
Actor,Jaleel White,3,1,2
Actor,Sakina Jaffrey,3,2,1
Actor,Alan Kuo,3,1,2
Actor,Richard Ashton,3,3,0
Actor,Silvia Alonso,3,2,1
Actor,David Chang,3,0,3
Actor,Leigh Kelly,3,1,2
Actor,Kara Hui,3,2,1
Actor,Anjana Mumtaz,3,3,0
Actor,Joselyn Dumas,3,3,0
Actor,Jena Malone,3,3,0
Actor,Han Ji-min,3,0,3
Actor,SABINA MALIK,3,3,0
Actor,Timothy Dalton,3,2,1
Actor,Martin Sensmeier,3,2,1
Actor,Liz Lobato,3,3,0
Actor,Michael Nyqvist,3,3,0
Actor,Maury Chaykin,3,2,1
Actor,Andrea Duro,3,2,1
Actor,Rio Mangini,3,1,2
Actor,Sasheer Zamata,3,2,1
Actor,Trace Adkins,3,3,0
Actor,Marsha Stephanie Blake,3,1,2
Actor,Tisca Chopra,3,3,0
Actor,Shawn Ashmore,3,3,0
Actor,Sara Waisglass,3,1,2
Actor,George Newbern,3,3,0
Actor,Christina Cole,3,2,1
Actor,Miranda Cosgrove,3,2,1
Actor,Winnie Böwe,3,3,0
Actor,Kym Whitley,3,2,1
Actor,Janhvi Kapoor,3,3,0
Actor,Mark Lewis Jones,3,3,0
Actor,Miguel Bernardeau,3,0,3
Actor,Usha Nadkarni,3,3,0
Actor,Michele Knotz,3,1,2
Actor,Goo Jin,3,1,2
Actor,Arun Bali,3,3,0
Actor,Nivetha Pethuraj,3,3,0
Actor,Jennifer Saunders,3,2,1
Actor,Gregory Ojefua,3,3,0
Actor,Richard Gomez,3,3,0
Actor,Norbert Young,3,3,0
Actor,Candice Bergen,3,3,0
Actor,Fernanda Paes Leme,3,3,0
Actor,Britt Baron,3,2,1
Actor,Gregg Henry,3,2,1
Actor,Matthew Mucci,3,3,0
Actor,Dan Bakkedahl,3,3,0
Actor,Gregorio Pernía,3,0,3
Actor,Dana Gourrier,3,3,0
Actor,Tisha Campbell,3,3,0
Actor,Johan Heldenbergh,3,2,1
Actor,Zack Lee,3,3,0
Actor,Harsh Chhaya,3,3,0
Actor,Kimberly Brooks,3,0,3
Actor,Ik Ogbonna,3,3,0
Actor,Xander Berkeley,3,3,0
Actor,Kevin Grevioux,3,3,0
Actor,Shin Yong-woo,3,1,2
Actor,Vincent Rodriguez III,3,1,2
Actor,Rupert Everett,3,2,1
Actor,Garance Marillier,3,1,2
Actor,Lauren Gottlieb,3,3,0
Actor,James Frecheville,3,2,1
Actor,Osvaldo Benavides,3,1,2
Actor,Ruth Bratt,3,0,3
Actor,Ricardo Medina Jr.,3,1,2
Actor,Gaby Hoffmann,3,3,0
Actor,K.N. Singh,3,3,0
Actor,Gerald Anderson,3,3,0
Actor,David Solomon Raja,3,3,0
Actor,Jim Meskimen,3,2,1
Actor,Tracey Ullman,3,3,0
Actor,Sonalli Sehgall,3,3,0
Actor,Kristen Johnston,3,3,0
Actor,Rami Malek,3,3,0
Actor,Belinda Effah,3,3,0
Actor,Lily-Rose Depp,3,3,0
Actor,Harshvardhan Rane,3,3,0
Actor,Kenichirou Matsuda,3,3,0
Actor,Alberto Guerra,3,1,2
Actor,Shriya Pilgaonkar,3,3,0
Actor,Birkan Sokullu,3,0,3
Actor,Michael Mosley,3,1,2
Actor,Rickman Chia,3,0,3
Actor,Diana Penty,3,3,0
Actor,Sara Sálamo,3,2,1
Actor,Inaamulhaq,3,2,1
Actor,Vanessa Bauche,3,0,3
Actor,Jamie Dornan,3,3,0
Actor,Priyanshu Painyuli,3,3,0
Actor,Josephine Langford,3,3,0
Actor,Ian Anthony Dale,3,3,0
Actor,Rosa Salazar,3,2,1
Actor,Cynthy Wu,3,3,0
Actor,Fernando Guallar,3,2,1
Actor,Lee Ingleby,3,0,3
Actor,Elisabeth Röhm,3,3,0
Actor,Manuel Ojeda,3,3,0
Actor,Oisín O'Leary,3,2,1
Actor,Rita Dominic,3,3,0
Actor,Alice Dinnean,3,0,3
Actor,Abdelaziz N'Mila,3,3,0
Actor,Greta Scarano,3,2,1
Actor,Sam Huntington,3,3,0
Actor,William Hill,3,3,0
Actor,Suty Karno,3,3,0
Actor,Mary Pat Gleason,3,3,0
Actor,Elena Anaya,3,2,1
Actor,Jesse Camacho,3,3,0
Actor,Meenakshi Dixit,3,3,0
Actor,Chitrangada Singh,3,3,0
Actor,Monet Mazur,3,2,1
Actor,Pilou Asbæk,3,2,1
Actor,Julian Ovenden,3,2,1
Actor,Philece Sampler,3,1,2
Actor,Said Tarabeek,3,3,0
Actor,Pruitt Taylor Vince,3,3,0
Actor,David Patrick Kelly,3,3,0
Actor,Simeon Henderson,3,3,0
Actor,Joonas Suotamo,3,3,0
Actor,Smita Patil,3,3,0
Actor,Amr Abdel-Geleel,3,3,0
Actor,Drake Bell,3,3,0
Actor,Ken Erics,3,3,0
Actor,Manobala,3,3,0
Actor,Evan Handler,3,3,0
Actor,Ruth Bradley,3,2,1
Actor,Tom Audenaert,3,1,2
Actor,Binnu Dhillon,3,3,0
Actor,Alex Lawther,3,1,2
Actor,Majida Issa,3,0,3
Actor,Ian Ho,3,2,1
Actor,Mercedes Morán,3,1,2
Actor,Miguel Rodarte,3,3,0
Actor,Sanya Malhotra,3,3,0
Actor,Brooke D'Orsay,3,2,1
Actor,Kartar Cheema,3,3,0
Actor,Frank Todaro,3,0,3
Actor,Andrea Martin,3,2,1
Actor,Loveleen Mishra,3,2,1
Actor,Hiroyuki Sanada,3,2,1
Actor,Dove Cameron,3,2,1
Actor,Alex Marty,3,2,1
Actor,Carlos Santos,3,2,1
Actor,Adama Niane,3,2,1
Actor,Ryan Bang,3,3,0
Actor,Natasha Henstridge,3,3,0
Actor,Lars Eidinger,3,2,1
Actor,Annie Chen,3,0,3
Actor,Jessica De Gouw,3,3,0
Actor,Sam Jay,3,2,1
Actor,Harshvardhan Kapoor,3,2,1
Actor,Priya Bapat,3,3,0
Actor,Michiyo Murase,3,0,3
Actor,Cheyenne Jackson,3,1,2
Actor,Weruche Opia,3,2,1
Actor,Sophie Robinson,3,1,2
Actor,Louis Cheung,3,2,1
Actor,Dorien Davies,3,1,2
Actor,Don Lake,3,1,2
Actor,Zaira Wasim,3,3,0
Actor,Shane Paul McGhie,3,2,1
Actor,Nicholas Saputra,3,3,0
Actor,Justin Cheung,3,1,2
Actor,Amr Saad,3,3,0
Actor,Bárbara de Regil,3,2,1
Actor,Matt Smith,3,2,1
Actor,James Russo,3,3,0
Actor,Gerald McRaney,3,0,3
Actor,Joanna Ruiz,3,0,3
Actor,Ken Mitsuishi,3,1,2
Actor,Tom Schilling,3,2,1
Actor,Gbenga Akinnagbe,3,3,0
Actor,Jason Marsden,3,2,1
Actor,Lotte Verbeek,3,1,2
Actor,Neelam,3,3,0
Actor,Shelley Hennig,3,3,0
Actor,Nick Dunning,3,1,2
Actor,Carlos Torres,3,0,3
Actor,Eddie Kaye Thomas,3,3,0
Actor,Robert Ri'chard,3,2,1
Actor,Adelfa Calvo,3,1,2
Actor,Luis Da Silva Jr.,3,3,0
Actor,Sushar Manaying,3,2,1
Actor,Kavi Shastri,3,2,1
Actor,Moon Sung-keun,3,1,2
Actor,Moneca Stori,3,1,2
Actor,Lapassalal Jiravechsoontornkul,3,0,3
Actor,Julianne Hough,3,2,1
Actor,Eligio Meléndez,3,1,2
Actor,Murari Kumar,3,3,0
Actor,Kai Lennox,3,3,0
Actor,Kandido Uranga,3,3,0
Actor,Dar Salim,3,1,2
Actor,Andrés Salas,3,3,0
Actor,Chris Bauer,3,2,1
Actor,Mohanlal,3,3,0
Actor,Graham Phillips,3,3,0
Actor,Derek Ramsay,3,2,1
Actor,Chio Su-Ping,3,2,1
Actor,Sora Ma,3,0,3
Actor,Sitaram Panchal,3,3,0
Actor,Yui Makino,3,0,3
Actor,Mimi Ndiweni,3,1,2
Actor,Dane Cook,3,3,0
Actor,Vincent Londez,3,1,2
Actor,Sam Wang,3,0,3
Actor,Erinn Hayes,3,1,2
Actor,Davide Carrera,3,3,0
Actor,Samiya Mumtaz,3,2,1
Actor,Jay Mohr,3,3,0
Actor,Robert Knepper,3,2,1
Actor,Ioan Gruffudd,3,3,0
Actor,Calum Worthy,3,1,2
Actor,Trevor St. John,3,1,2
Actor,Veerendra Saxena,3,3,0
Actor,Elvina Ibru,3,3,0
Actor,Zita Hanrot,3,2,1
Actor,Riham Abdel Ghafour,3,3,0
Actor,Sadiq Daba,3,3,0
Actor,Carrie Coon,3,3,0
Actor,Erin Moriarty,3,2,1
Actor,Abigail Cowen,3,1,2
Actor,Suhail Nayyar,3,2,1
Actor,Gina Carano,3,3,0
Actor,Adam DiMarco,3,2,1
Actor,Janet Varney,3,1,2
Actor,Spencer Locke,3,3,0
Actor,Pratap Pothen,3,3,0
Actor,Óscar Jaenada,3,2,1
Actor,Dai Xiangyu,3,0,3
Actor,Amber Tamblyn,3,3,0
Actor,Robinne Lee,3,3,0
Actor,Anthony Michael Hall,3,3,0
Actor,Rosie O'Donnell,3,3,0
Actor,Michael Welch,3,2,1
Actor,Dalal Abdel Aziz,3,2,1
Actor,Sameer Kochhar,3,2,1
Actor,Cory Michael Smith,3,2,1
Actor,Max Mittelman,3,1,2
Actor,Ray McKinnon,3,2,1
Actor,Nacho Fresneda,3,2,1
Actor,Sang-hyun Um,3,0,3
Actor,Miley Cyrus,3,3,0
Actor,Mona Singh,3,2,1
Actor,Kamlesh Sawant,3,3,0
Actor,Kainaz Motivala,3,3,0
Actor,Susi Sánchez,3,1,2
Actor,Nelly Karim,3,2,1
Actor,Kirsten Day,3,1,2
Actor,Tiphaine Daviot,3,1,2
Actor,Bahtiyar Engin,3,3,0
Actor,Caroline Abras,3,2,1
Actor,Lee Seung-gi,3,0,3
Actor,John Schneider,3,3,0
Actor,Bill Irwin,3,3,0
Actor,Neha Sharma,3,3,0
Actor,Patty Mattson,3,2,1
Actor,Kerry Bishé,3,1,2
Actor,Keppy Ekpenyong,3,1,2
Actor,Muhammed Murshed,3,3,0
Actor,Mark Dacascos,3,2,1
Actor,Zoe Hatz,3,1,2
Actor,Lesley Sharp,3,1,2
Actor,Joshua Malina,3,1,2
Actor,Ellen Barkin,3,3,0
Actor,Bhumi Pednekar,3,3,0
Actor,Carl Reiner,3,2,1
Actor,Emilio Echevarría,3,3,0
Actor,Adewale Akinnuoye-Agbaje,3,2,1
Actor,Joseph Bou Nassar,3,3,0
Actor,Tara Fitzgerald,3,2,1
Actor,DeWanda Wise,3,2,1
Actor,Lucius Hoyos,3,3,0
Actor,Tiya Sircar,3,2,1
Actor,Borja Luna,3,2,1
Actor,Anita Meet,3,3,0
Actor,Zack Pearlman,3,2,1
Actor,Mehmet Günsür,3,2,1
Actor,Mark Mitchinson,3,2,1
Actor,Jonathan Groff,3,2,1
Actor,Ben Cura,3,2,1
Actor,Diane Morgan,3,2,1
Actor,Masaya Onosaka,3,1,2
Actor,Eric Meyers,3,3,0
Actor,Ryoka Yuzuki,3,1,2
Actor,Duncan Joiner,3,2,1
Actor,Jennifer Cameron,3,3,0
Actor,Jason Mitchell,3,3,0
Actor,Grace Van Dien,3,2,1
Actor,Soleiman Eid,3,2,1
Actor,Caroline Rhea,3,3,0
Actor,Carrie Preston,3,3,0
Actor,Priyanka Bose,3,3,0
Actor,Ken Davitian,3,3,0
Actor,Okan Yalabık,3,1,2
Actor,Yeo Jin-goo,3,0,3
Actor,Brian George,3,3,0
Actor,Craig T. Nelson,3,3,0
Actor,Teyana Taylor,3,3,0
Actor,Stig Alred,3,2,1
Actor,Zak Orth,3,1,2
Actor,Charlene Choi,3,3,0
Actor,Vineet Kumar Singh,3,3,0
Actor,Jennifer Hale,3,2,1
Actor,John Estrada,3,3,0
Actor,Felicity Huffman,3,1,2
Actor,Will Friedle,3,1,2
Actor,Shelley Long,3,2,1
Actor,Rodolfo Sancho,3,1,2
Actor,Paul Rodriguez,3,3,0
Actor,Brooke Shields,3,3,0
Actor,Morena Baccarin,3,2,1
Actor,Sharad Kelkar,3,2,1
Actor,Bill Barretta,3,3,0
Actor,Usha Jadhav,3,3,0
Actor,Nobuaki Kaneko,3,0,3
Actor,Kurtwood Smith,3,2,1
Actor,Jared Abrahamson,3,3,0
Actor,Ashok Saraf,3,3,0
Actor,Linden Ashby,3,3,0
Actor,Wiradit Srimalai,3,3,0
Actor,Burcu Biricik,3,1,2
Actor,Ahmed Safwat,3,3,0
Actor,Paul Scheer,3,2,1
Actor,Vanessa Bayer,3,3,0
Actor,Dennis Hopper,3,3,0
Actor,Rajesh Vivek,3,3,0
Actor,Julián López,3,3,0
Actor,Jae Suh Park,3,1,2
Actor,Guillermo Toledo,3,1,2
Actor,José Manuel Poga,3,2,1
Actor,Patrick St. Esprit,3,3,0
Actor,Karen Fukuhara,3,1,2
Actor,Morgan Spector,3,2,1
Actor,Jennifer Stone,3,3,0
Actor,Nathalie Baye,3,2,1
Actor,Yumi Uchiyama,3,0,3
Actor,Carmina Villaroel,3,3,0
Actor,Aleyda Gallardo,3,1,2
Actor,César Bordón,3,2,1
Actor,Hayes MacArthur,3,2,1
Actor,Jennifer Darling,3,3,0
Actor,Ed Stoppard,3,1,2
Actor,Hayden Szeto,3,3,0
Actor,Paul Schneider,3,2,1
Actor,Sunny Singh,3,3,0
Actor,Liza Weil,3,0,3
Actor,Riya Sen,3,3,0
Actor,Édgar Vittorino,3,1,2
Actor,Rukiya Bernard,3,3,0
Actor,Sajjan,3,3,0
Actor,Jean-Yves Berteloot,3,3,0
Actor,Jessica Hecht,3,2,1
Actor,Rowell Santiago,3,3,0
Actor,Joe Morton,3,3,0
Actor,Mert Turak,3,2,1
Actor,Ragini Khanna,3,2,1
Actor,Samer al Masri,3,3,0
Actor,Vivi Lee,3,0,3
Actor,Asier Etxeandia,3,2,1
Actor,Martin Hancock,3,3,0
Actor,Ricardo Hoyos,3,2,1
Actor,Hiro Yuki,3,2,1
Actor,Cleo King,3,2,1
Actor,Mamoudou Athie,3,2,1
Actor,Ivana Baquero,3,1,2
Actor,Natasha Klauss,3,0,3
Actor,Fred Ward,3,3,0
Actor,Serena Fang,3,0,3
Actor,Jayson Warner Smith,3,2,1
Actor,Lisa Haydon,3,3,0
Actor,Christoph Waltz,3,3,0
Actor,Ada Pan,3,1,2
Actor,Paige Turco,3,2,1
Actor,Simone Kirby,3,2,1
Actor,Eve Best,3,1,2
Actor,Urara Takano,3,1,2
Actor,Josh Holloway,3,2,1
Actor,Zendaya,3,3,0
Actor,Claudia Cardinale,3,3,0
Actor,Juan Sebastián Calero,3,0,3
Actor,Young Dais,3,1,2
Actor,Neal Huff,3,3,0
Actor,David Wilmot,3,2,1
Actor,Krystal Jung,3,0,3
Actor,Shashikala,3,3,0
Actor,Kirill Käro,3,0,3
Actor,Branscombe Richmond,3,3,0
Actor,Maha Abou Ouf,3,3,0
Actor,Constance Zimmer,3,1,2
Actor,Burcu Gönder,3,3,0
Actor,Robin McLeavy,3,2,1
Actor,Julián Román,3,0,3
Actor,Anne Le Ny,3,2,1
Actor,Asia Mattu,3,3,0
Actor,Janet McTeer,3,2,1
Actor,Jeremy Lindsay Taylor,3,1,2
Actor,Ty Burrell,3,3,0
Actor,Katherine Waterston,3,3,0
Actor,Tanta Ginting,3,3,0
Actor,Tahar Rahim,3,2,1
Actor,Mark Chao,3,2,1
Actor,Pragathi,3,3,0
Actor,Pharrell Williams,3,2,1
Actor,Dallas Roberts,3,1,2
Actor,Idir Azougli,3,2,1
Actor,Adah Sharma,3,3,0
Actor,Ahmed El Fishawy,3,3,0
Actor,Gabriel Darku,3,0,3
Actor,Naga Shourya,3,3,0
Actor,Emilio Palacios,3,3,0
Actor,Orlando Jones,3,3,0
Actor,Sagar Deshmukh,3,3,0
Actor,Tara Morice,3,2,1
Actor,Eric Keenleyside,3,3,0
Actor,Katie Keene,3,3,0
Actor,Paz Bascuñán,3,2,1
Actor,Mark Sivertsen,3,3,0
Actor,David Lyons,3,2,1
Actor,Nassim Lyes,3,2,1
Actor,Danielle Cormack,3,0,3
Actor,Erica Hubbard,3,3,0
Actor,Apinya Sakuljaroensuk,3,0,3
Actor,Joe Keery,3,1,2
Actor,Sam Lee,3,2,1
Actor,Michael Roof,3,3,0
Actor,Tao Tsuchiya,3,1,2
Actor,Joe Mantegna,3,2,1
Actor,Michelle Dede,3,3,0
Actor,Hamish Linklater,3,2,1
Actor,Song Sun-mi,3,0,3
Actor,Benn Northover,3,3,0
Actor,Atsumi Tanezaki,3,0,3
Actor,Douglas Smith,3,3,0
Actor,Scott Bakula,3,2,1
Actor,Nimisha Sajayan,3,3,0
Actor,Takako Honda,3,1,2
Actor,Jeff Foxworthy,3,2,1
Actor,Fahadh Faasil,3,3,0
Actor,Colin Lawrence,3,1,2
Actor,Mita Vashisht,3,3,0
Actor,Louis Garrel,3,3,0
Actor,Alexandre Willaume,3,0,3
Actor,Jake Foushee,3,0,3
Actor,Adrian Holmes,3,1,2
Actor,Matt Letscher,3,2,1
Actor,Kanta Sato,3,3,0
Actor,Swastika Mukherjee,3,3,0
Actor,Seema Pahwa,3,3,0
Actor,Pedro Alonso,3,1,2
Actor,Yvan Attal,3,2,1
Actor,Florence Pugh,3,2,1
Actor,Evan Spiridellis,3,2,1
Actor,Lynda Boyd,3,2,1
Actor,Danielle Harris,3,3,0
Actor,Chung Hsin-ling,3,1,2
Actor,Maria de Medeiros,3,3,0
Actor,Olivia Cheng,3,2,1
Actor,Mackenzie Crook,3,2,1
Actor,Mem Ferda,3,3,0
Actor,Milan Peschel,3,3,0
Actor,Andrew Scott,3,2,1
Actor,Joshua Jackson,3,1,2
Actor,Sylvia Wang,3,0,3
Actor,Eku Edewor,3,2,1
Actor,Christopher Martin,3,3,0
Actor,Celine Buckens,3,2,1
Actor,Joan Allen,3,3,0
Actor,Jill Wagner,3,3,0
Actor,Corinna Harfouch,3,2,1
Actor,Jang Dong-gun,3,1,2
Actor,Ayu Laksmi,3,3,0
Actor,Mathieu Amalric,3,3,0
Actor,Lin Laishram,3,3,0
Actor,David Threlfall,3,2,1
Actor,Nozomu Sasaki,3,1,2
Actor,Campbell Scott,3,0,3
Actor,Greta Fernández,3,3,0
Actor,Matthew Beard,3,2,1
Actor,Kevin Dillon,3,3,0
Actor,Alejandro Calva,3,1,2
Actor,Francis Odega,3,3,0
Actor,Maher Essam,3,3,0
Actor,Jeanna Harrison,3,1,2
Actor,Claudette Maillé,3,1,2
Actor,Daisy Ridley,3,3,0
Actor,Robin Williams,3,3,0
Actor,Jessica Lange,3,1,2
Actor,Yasser Ali Maher,3,3,0
Actor,Ed Lauter,3,3,0
Actor,Rano Karno,3,3,0
Actor,Lu Hsueh-feng,3,2,1
Actor,Alfredo Castro,3,2,1
Actor,Bill Nye,3,2,1
Actor,Seu Jorge,3,2,1
Actor,Mikey Kelley,3,1,2
Actor,John David Washington,3,3,0
Actor,Gerardo Romano,3,2,1
Actor,Nandita Das,3,3,0
Actor,Wil Traval,3,1,2
Actor,Ashwath Bhatt,3,2,1
Actor,Joshua Sitch,3,2,1
Actor,Horeya Farghaly,3,3,0
Actor,Kenjiro Yamashita,3,3,0
Actor,Marco Gumabao,3,3,0
Actor,Mrunmayee Deshpande,3,3,0
Actor,Terele Pávez,3,3,0
Actor,Sanchana Natarajan,3,3,0
Actor,Lorene Ren,3,1,2
Actor,Ricardo Polanco,3,1,2
Actor,Donna Lynne Champlin,3,2,1
Actor,Ozan Güven,3,3,0
Actor,Ian Hanlin,3,0,3
Actor,Aparna Balamurali,3,3,0
Actor,Patrick Seitz,3,0,3
Actor,Richard McGonagle,3,3,0
Actor,David Ajala,3,2,1
Actor,James Urbaniak,3,3,0
Actor,Kanyawee Songmuang,3,0,3
Actor,Parvesh Cheena,3,1,2
Actor,Douglas Booth,3,3,0
Actor,Ruby Zhan,3,1,2
Actor,Manny Jacinto,3,0,3
Actor,Oliver Stark,3,2,1
Actor,Tyler Posey,3,2,1
Actor,Zazie Beetz,3,2,1
Actor,Patrick Bergin,3,3,0
Actor,Rufus Jones,3,1,2
Actor,Joey Batey,3,1,2
Actor,Lady Gaga,3,2,1
Actor,Rossy de Palma,3,3,0
Actor,Sonia Braga,3,2,1
Actor,Janus del Prado,3,3,0
Actor,Romeo Tan,3,0,3
Actor,Jan Bijvoet,3,2,1
Actor,Craig Parkinson,3,1,2
Actor,Stephanie Courtney,3,3,0
Actor,Lucy Hale,3,2,1
Actor,Thaneth Warakulnukroh,3,2,1
Actor,Oliver Jackson-Cohen,3,1,2
Actor,Charlie Creed-Miles,3,0,3
Actor,Kosuke Toyohara,3,2,1
Actor,Keston John,3,1,2
Actor,Jonny Lee Miller,3,3,0
Actor,Raashi Khanna,3,3,0
Actor,Rohit Roy,3,3,0
Actor,Thawat Pornrattanaprasert,3,2,1
Actor,Laura Birn,3,2,1
Actor,Raaj Kumar,3,3,0
Actor,Anna Friel,3,1,2
Actor,M.K. Raina,3,3,0
Actor,Mark Ivanir,3,2,1
Actor,Jordin Sparks,3,3,0
Actor,Keiko Toda,3,3,0
Actor,Emily Tennant,3,0,3
Actor,Nirina Zubir,3,3,0
Actor,Michael Rooker,3,3,0
Actor,Leslie Hope,3,2,1
Actor,Karina Ramil,3,2,1
Actor,Bayray McNwizu,3,3,0
Actor,Stephanie Cayo,3,2,1
Actor,Parikshat Sahni,3,3,0
Actor,Jason Butler Harner,3,2,1
Actor,Candela Peña,3,3,0
Actor,Julian Barratt,3,1,2
Actor,Kang Han-na,3,0,3
Actor,Yoshiro Matsumoto,3,3,0
Actor,Aga Muhlach,3,3,0
Actor,Olivia Wilde,3,3,0
Actor,William Moseley,3,3,0
Actor,Jenna Wang,3,0,3
Actor,Danielle Brooks,3,1,2
Actor,Loic Collomb-Patton,3,3,0
Actor,Zak Santiago,3,3,0
Actor,Ding Ning,3,2,1
Actor,Roshan Seth,3,3,0
Actor,Seo Hyun-jin,3,0,3
Actor,Steve Agee,3,2,1
Actor,Trimala Adhikari,3,3,0
Actor,Elizabeth Daily,3,2,1
Actor,Kenneth Okolie,3,3,0
Actor,Mauricio Isaac,3,0,3
Actor,Marieve Herington,3,1,2
Actor,Abby Donnelly,3,2,1
Actor,Sharon Cuneta,3,3,0
Actor,Tiger Chen,3,3,0
Actor,Anna Deavere Smith,3,2,1
Actor,Seda Bakan,3,2,1
Actor,Nicholas Tse,3,3,0
Actor,Leo Orgil,3,1,2
Actor,Telma Hopkins,3,2,1
Actor,María Cecilia Botero,3,1,2
Actor,Adjoa Andoh,3,2,1
Actor,Franka Potente,3,3,0
Actor,Jennette McCurdy,3,0,3
Actor,Go Du-sim,3,0,3
Actor,Alessandro Borghi,3,2,1
Actor,Amber Midthunder,3,3,0
Actor,Liza Lapira,3,2,1
Actor,Jameela Jamil,3,1,2
Actor,Vernon Wells,3,2,1
Actor,Anthony Bourdain,3,1,2
Actor,Salwa Mohammed,3,2,1
Actor,Udo Kroschwald,3,3,0
Actor,Natascha McElhone,3,2,1
Actor,Tiaré Scanda,3,2,1
Actor,Richard Lawson,3,3,0
Actor,Ville Virtanen,3,2,1
Actor,Vanessa Marshall,3,2,1
Actor,Teri Polo,3,2,1
Actor,İlker Aksum,3,3,0
Actor,Carlos Hipólito,3,1,2
Actor,Nahla Zaki,3,3,0
Actor,Jill Marie Jones,3,1,2
Actor,Paul Guilfoyle,3,3,0
Actor,Sasi Kalinga,3,3,0
Actor,Rhea Seehorn,3,2,1
Actor,Amol Parashar,3,1,2
Actor,Gürgen Öz,3,3,0
Actor,Jasmine Trinca,3,3,0
Actor,Val Kilmer,3,3,0
Actor,Gbenro Ajibade,3,2,1
Actor,Samantha Bond,3,2,1
Actor,Nabil Issa,3,3,0
Actor,Sonoya Mizuno,3,2,1
Actor,Edward Fouad,3,3,0
Actor,Shriya Saran,3,3,0
Actor,Jennifer Hudson,3,3,0
Actor,Carolina Gaitán,3,0,3
Actor,Jason Watkins,3,1,2
Actor,Sho Hayami,3,0,3
Actor,Logan Browning,3,2,1
Actor,Saurabh Dubey,3,3,0
Actor,Eva Longoria,3,3,0
Actor,Brett Cullen,3,2,1
Actor,David Schaal,3,3,0
Actor,Puttichai Kasetsin,3,0,3
Actor,Sridevi,3,3,0
Actor,Nobuyuki Suzuki,3,3,0
Actor,G.V. Prakash Kumar,3,3,0
Actor,Erica Mendez,3,0,3
Actor,Jonathan Torrens,3,2,1
Actor,Werner Herzog,3,3,0
Actor,Hyun Bin,3,1,2
Actor,Kaya Scodelario,3,2,1
Actor,Adria Arjona,3,3,0
Actor,Daniel Henshall,3,1,2
Actor,Shin Sae-kyeong,3,0,3
Actor,Richard Riehle,3,3,0
Actor,Adriano Zumbo,3,0,3
Actor,Rajeev Khandelwal,3,3,0
Actor,Kim Ji-won,3,0,3
Actor,Chi McBride,3,3,0
Actor,Tota Roy Chowdhury,3,3,0
Actor,Rainer Bock,3,3,0
Actor,Nora Zehetner,3,2,1
Actor,Angela Galuppo,3,2,1
Actor,Prateik Babbar,3,3,0
Actor,Hafizul Kamal,3,2,1
Actor,Eduardo Galvão,3,3,0
Actor,Arjun Gupta,3,2,1
Actor,Lorraine Gary,3,3,0
Actor,"Sean ""P. Diddy"" Combs",3,3,0
Actor,Quim Gutiérrez,3,2,1
Actor,Bo Burnham,3,3,0
Actor,Waratthaya Wongchayaporn,3,0,3
Actor,Brian Posehn,3,0,3
Actor,Kiti Mánver,3,2,1
Actor,Lee Jung-jin,3,0,3
Actor,Karan Brar,3,2,1
Actor,Omar Chaparro,3,2,1
Actor,Fredric Lehne,3,3,0
Actor,Wataru Hatano,3,0,3
Actor,Jang So-yeon,3,1,2
Actor,Lena Waithe,3,0,3
Actor,Rory Culkin,3,2,1
Actor,İştar Gökseven,3,2,1
Actor,Iretiola Doyle,3,3,0
Actor,Mark O'Brien,3,2,1
Actor,Courtney Shaw,3,1,2
Actor,Tara Emad,3,3,0
Actor,Misha Ghoshal,3,3,0
Actor,Iván Marín,3,3,0
Actor,Natasha Rastogi,3,3,0
Actor,Yingsak Chonglertjetsadawong,3,2,1
Actor,Bjarke Ingels,3,2,1
Actor,Robin Lord Taylor,3,2,1
Actor,Puff Kuo,3,0,3
Actor,Kim Sung-kyun,3,1,2
Actor,Martin Seifert,3,3,0
Actor,Xzibit,3,3,0
Actor,Kerry Ingram,3,2,1
Actor,David Harewood,3,2,1
Actor,John Early,3,1,2
Actor,Cai Cortez,3,3,0
Actor,Choi Jin-ho,3,2,1
Actor,Sabri Abdulmonem,3,3,0
Actor,Ariel Rivera,3,2,1
Actor,Martin Henderson,3,2,1
Actor,Rachel Wilson,3,1,2
Actor,A.D. Miles,3,0,3
Actor,Richard Madden,3,2,1
Actor,Shatrughan Sinha,3,3,0
Actor,Justin Kirk,3,2,1
Actor,Paul Dano,3,3,0
Actor,Henrik Mestad,3,1,2
Actor,Sarika,3,3,0
Actor,Dan Green,3,1,2
Actor,Toa Yukinari,3,3,0
Actor,Jim Carter,3,1,2
Actor,Claire Forlani,3,3,0
Actor,Gargi Roychowdhury,3,3,0
Actor,Andra Fuller,3,3,0
Actor,Sam Medina,3,3,0
Actor,Ana de la Reguera,3,3,0
Actor,Eiza González,3,3,0
Actor,Florin Opritescu,3,3,0
Actor,Mariana Gómez,3,1,2
Actor,Miles Ocampo,3,3,0
Actor,Anna Chancellor,3,3,0
Actor,Tyler Perry,3,3,0
Actor,Audrey Fleurot,3,1,2
Actor,James Hampton,3,3,0
Actor,Devon Sawa,3,2,1
Actor,Poorna Jagannathan,3,1,2
Actor,Scott McNeil,3,2,1
Actor,Mushtaq Khan,3,3,0
Actor,Sunil Grover,3,3,0
Actor,Anna Cathcart,3,3,0
Actor,Tamara Tunie,3,2,1
Actor,June Diane Raphael,3,1,2
Actor,Marissa Jaret Winokur,3,3,0
Actor,Kevin J. O'Connor,3,3,0
Actor,Benoît Allemane,3,2,1
Actor,Jakob Oftebro,3,2,1
Actor,Kıvanç Tatlıtuğ,3,2,1
Actor,Macy Gray,3,3,0
Actor,Dave Johns,3,3,0
Actor,Daisuke Sakaguchi,3,0,3
Actor,Robert Glenister,3,1,2
Actor,Han So-hee,3,0,3
Actor,Rania Yousef,3,3,0
Actor,Rizwan Manji,3,3,0
Actor,Takuya Sato,3,0,3
Actor,Héctor Holten,3,0,3
Actor,Josh Pais,3,3,0
Actor,Andrés Gertrúdix,3,2,1
Actor,Tomer Kapon,3,1,2
Actor,Melina Matthews,3,2,1
Actor,Alice Englert,3,2,1
Actor,Dori Sakurada,3,0,3
Actor,Andrene Ward-Hammond,3,3,0
Actor,Porscha Coleman,3,2,1
Actor,Nicola Peltz,3,2,1
Actor,Sutthatip Wutichaipradit,3,1,2
Actor,Mahesh Thakur,3,3,0
Actor,Ross Butler,3,2,1
Actor,Benjamin A. Onyango,3,3,0
Actor,Dagoberto Gama,3,0,3
Actor,Billy Bob Thompson,3,0,3
Actor,Lindsay Duncan,3,2,1
Actor,Wu Gang,3,3,0
Actor,Rajendraprasad,3,3,0
Actor,Isha Talwar,3,3,0
Actor,Peter Gerety,3,3,0
Actor,Norma Angélica,3,2,1
Actor,Andrés Herrera,3,3,0
Actor,Tanvi Azmi,3,3,0
Actor,Yakubu Mohammed,3,2,1
Actor,Viña Machado,3,0,3
Actor,Sergio Mur,3,1,2
Actor,Takanori Hoshino,3,2,1
Actor,Chhaya Kadam,3,3,0
Actor,Christopher Lambert,3,2,1
Actor,Oliver Hudson,3,2,1
Actor,Ed Amatrudo,3,2,1
Actor,Marguerite Moreau,3,0,3
Actor,Jordan Clark,3,0,3
Actor,William Zabka,3,2,1
Actor,Evan Jonigkeit,3,2,1
Actor,John Stamos,3,0,3
Actor,Mahmood El-Laithi,3,3,0
Actor,Imogen Poots,3,3,0
Actor,Nagarjuna Akkineni,3,3,0
Actor,Richard T. Jones,3,3,0
Actor,Katherine Barrell,3,1,2
Actor,Paula Garcés,3,2,1
Actor,Aaron Yoo,3,3,0
Actor,William Hurt,3,3,0
Actor,Jaycee Chan,3,2,1
Actor,Sue Prado,3,2,1
Actor,Wilfred Lau,3,2,1
Actor,Lydia Forson,3,3,0
Actor,Kevin Zegers,3,2,1
Actor,Chutimon Chuengcharoensukying,3,2,1
Actor,Brian Blessed,3,3,0
Actor,Emily Neves,3,1,2
Actor,Richa Chadda,3,3,0
Actor,Evelyn Castro,3,3,0
Actor,Kanae Ito,3,0,3
Actor,Juan Alfonso Baptista,3,0,3
Actor,Roschdy Zem,3,3,0
Actor,Michael Chernus,3,1,2
Actor,Nikolaj Coster-Waldau,3,3,0
Actor,Adriana Ozores,3,1,2
Actor,Peter Vack,3,2,1
Actor,Paul Schulze,3,1,2
Actor,Rachel Amanda,3,3,0
Actor,Hirofumi Nojima,3,0,3
Actor,Marta Hazas,3,1,2
Actor,Patricio Contreras,3,1,2
Actor,Álex García,3,2,1
Actor,Roberto Enríquez,3,0,3
Actor,Anthony Alabi,3,1,2
Actor,Omid Djalili,3,2,1
Actor,Amy Huberman,3,2,1
Actor,Kathy Najimy,3,3,0
Actor,Emilija Baranac,3,3,0
Actor,Fred Testot,3,2,1
Actor,Zhou Xun,3,3,0
Actor,Mitsuru Ogata,3,0,3
Actor,Amaury Nolasco,3,3,0
Actor,Ji Soo,3,0,3
Actor,Sam Heughan,3,2,1
Actor,D'Arcy Carden,3,1,2
Actor,Daniel Rigby,3,0,3
Actor,Kentaro,3,0,3
Actor,Rhea Perlman,3,2,1
Actor,Milind Pathak,3,3,0
Actor,Hou Hsiao,3,3,0
Actor,Arata Iura,3,3,0
Actor,Richard Steven Horvitz,3,1,2
Actor,Chen Bor-jeng,3,1,2
Actor,Luke Hemsworth,3,3,0
Actor,Shin Dong-mi,3,0,3
Actor,Ibrahim Al-Harbi,3,0,3
Actor,Louis Cancelmi,3,3,0
Actor,Sean Harris,3,2,1
Actor,Kimiko Yo,3,1,2
Actor,Anna Maxwell Martin,3,1,2
Actor,Nonso Anozie,3,2,1
Actor,Alencier Ley Lopez,3,3,0
Actor,Jason O'Mara,3,2,1
Actor,Paul Dooley,3,3,0
Actor,Cris Villanueva,3,3,0
Actor,Allan Paule,3,3,0
Actor,Ime Bishop Umoh,3,3,0
Actor,Joel Murray,3,3,0
Actor,Ashley Rickards,3,3,0
Actor,Zach Gilford,3,0,3
Actor,Arun Shekher,3,2,1
Actor,Adam Beach,3,3,0
Actor,Jang Seung-jo,3,0,3
Actor,Luis Bermejo,3,2,1
Actor,Song Joong-ki,3,1,2
Actor,Toby Stephens,3,1,2
Actor,Maika Monroe,3,3,0
Actor,H. Jon Benjamin,3,0,3
Actor,Gading Marten,3,3,0
Actor,Raza Murad,3,2,1
Actor,Kate Bristol,3,1,2
Actor,Kim Eun-ah,3,1,2
Actor,Arsenio Hall,3,2,1
Actor,Genelle Williams,3,2,1
Actor,R. Bruce Elliott,3,0,3
Actor,Sofia Carson,3,3,0
Actor,Lauren Weedman,3,3,0
Actor,Antonio Dechent,3,2,1
Actor,Ricky Jay,3,3,0
Actor,Lewis Black,3,3,0
Actor,Kerry Godliman,3,1,2
Actor,Yvonne Grundy,3,3,0
Actor,Aleks Paunovic,3,3,0
Actor,Miranda Raison,3,0,3
Actor,Tom Cullen,3,0,3
Actor,Shizuka Ishigami,3,0,3
Actor,Shantilal Mukherjee,3,3,0
Actor,Ty Olsson,3,2,1
Actor,Mahmoud El Gendy,3,2,1
Actor,Nina Siemaszko,3,3,0
Actor,Terence J. Rotolo,3,0,3
Actor,Yuji Ueda,3,0,3
Actor,Narupornkamol Chaisang,3,0,3
Actor,Deborah Ann Woll,3,0,3
Actor,Aly Michalka,3,2,1
Actor,Nobuyuki Hiyama,3,0,3
Actor,Daniel Webber,3,2,1
Actor,Juliana Harkavy,3,2,1
Actor,Daniel Booko,3,3,0
Actor,Bruce Spence,3,3,0
Actor,Susan Wokoma,3,1,2
Actor,Willie Garson,3,3,0
Actor,Sabrina Pitre,3,0,3
Actor,Beau Bridges,3,1,2
Actor,Tommaso Ragno,3,2,1
Actor,Arantza Ruiz,3,1,2
Actor,Kirk Thornton,3,0,3
Actor,Albert Brooks,3,3,0
Actor,Zeljko Ivanek,3,2,1
Actor,Carolina Lapausa,3,2,1
Actor,Eileen Stevens,3,1,2
Actor,Andrés Parra,3,1,2
Actor,Ardhito Pramono,3,3,0
Actor,Haley Lu Richardson,3,3,0
Actor,A.J. LoCascio,3,1,2
Actor,Christina Milian,3,3,0
Actor,Karibi Fubara,3,2,1
Actor,Leonardo Medeiros,3,2,1
Actor,Martina Gedeck,3,2,1
Actor,Radhika Madan,3,1,2
Actor,John C. McGinley,3,3,0
Actor,Janelle Monáe,3,1,2
Actor,Erdem Yener,3,3,0
Actor,Dianne Wiest,3,3,0
Actor,Darby Camp,3,3,0
Actor,Lego Lee,3,0,3
Actor,Gul Panag,3,3,0
Actor,Hobby Dhaliwal,3,3,0
Actor,Pankaj Kapur,3,3,0
Actor,Jassim Al Nabhan,3,3,0
Actor,Babou Ceesay,3,2,1
Actor,Herry Tangri,3,3,0
Actor,Bronwen Mantel,3,3,0
Actor,Ray Panthaki,3,1,2
Actor,Sam Richardson,3,1,2
Actor,Tsahi Halevi,3,2,1
Actor,Liliane Nemri,3,3,0
Actor,Beverly D'Angelo,3,3,0
Actor,Marguerite McNeil,3,2,1
Actor,Sheheryar Munawar,3,2,1
Actor,Martin Starr,3,3,0
Actor,Pramod Moutho,3,3,0
Actor,Navneet Nishan,3,3,0
Actor,Tae-yeol Jeon,3,0,3
Actor,Jorge Bosch,3,1,2
Actor,Ethan Juan,3,1,2
Actor,Saleem Mairaj,3,3,0
Actor,Roger Bart,3,3,0
Actor,Ximena Romo,3,3,0
Actor,Margaret Qualley,3,3,0
Actor,Giorgino Abraham,3,3,0
Actor,Ali Afshar,3,3,0
Actor,Keiko Han,3,2,1
Actor,Shelley Thompson,3,2,1
Actor,Chris Penn,3,3,0
Actor,Sanaa Lathan,3,2,1
Actor,Erica Tremblay,3,3,0
Actor,Pietro Sibille,3,3,0
Actor,François Chau,3,3,0
Actor,Lauren Ash,3,0,3
Actor,José María Yazpik,3,1,2
Actor,Emir Mahira,3,3,0
Actor,Rie Tanaka,3,0,3
Actor,Kamini Khanna,3,3,0
Actor,Ted McGinley,3,2,1
Actor,Rajneesh Duggal,3,3,0
Actor,David Rudman,3,2,1
Actor,Jeon Seok-ho,3,0,3
Actor,Shashank Arora,3,3,0
Actor,Alice Ko,3,0,3
Actor,Anee Icha,3,1,2
Actor,Takahiro Fujiwara,3,3,0
Actor,Ghorour,3,0,3
Actor,Siobhan Finneran,3,0,3
Actor,Marlon Dance-Hooi,3,2,1
Actor,Shantel VanSanten,3,1,2
Actor,Christian Tappan,3,1,2
Actor,Ali Marhyar,3,2,1
Actor,Enchong Dee,3,3,0
Actor,Cristabel Goddy,3,3,0
Actor,Wil Wheaton,3,1,2
Actor,Happy Raikoti,3,3,0
Actor,Marta Larralde,3,2,1
Actor,Michelle Nolden,3,1,2
Actor,Neil Maskell,3,2,1
Actor,Ahn Nae-sang,3,0,3
Actor,Wes Studi,3,3,0
Actor,Entessar,3,3,0
Actor,Tiera Skovbye,3,3,0
Actor,Luis Brandoni,3,3,0
Actor,Johnny Flynn,3,2,1
Actor,Ayana Taketatsu,3,1,2
Actor,Victoria Hamilton,3,1,2
Actor,Alain Moussi,3,3,0
Actor,Satish Alekar,3,3,0
Actor,Perizaad Zorabian,3,3,0
Actor,Mare Winningham,3,2,1
Actor,Kim Yeo-jin,3,0,3
Actor,Sasha Alexander,3,2,1
Actor,Luke Mockridge,3,0,3
Actor,Ikkyu Juku,3,3,0
Actor,Rupert Grint,3,2,1
Actor,Kim Kap-soo,3,0,3
Actor,Bill Tangradi,3,3,0
Actor,Lisa Hagmeister,3,3,0
Actor,Lotus Wang,3,2,1
Actor,Unax Ugalde,3,1,2
Actor,Sarah Jeffery,3,2,1
Actor,Pamela Adlon,3,3,0
Actor,Eric Bogosian,3,2,1
Actor,Birgitte Hjort Sørensen,3,2,1
Actor,Karen David,3,2,1
Actor,Syndy Emade,3,3,0
Actor,Loni Anderson,3,3,0
Actor,Ben Platt,3,2,1
Actor,David Dawson,3,0,3
Actor,Garrett Hedlund,3,3,0
Actor,Tomoyuki Shimura,3,0,3
Actor,Ryan Wiesbrock,3,1,2
Actor,Sally Field,3,2,1
Actor,Ashley Chin,3,3,0
Actor,Cas Anvar,3,3,0
Actor,Daniel Day-Lewis,3,3,0
Actor,Miguel Herrán,3,1,2
Actor,Donia Samir Ghanim,3,3,0
Actor,Jeremie Harris,3,3,0
Actor,Yo Inoue,3,3,0
Actor,Taylor Tomlinson,3,2,1
Actor,Eric Tsang,3,3,0
Actor,Brian Regan,3,2,1
Actor,Sean O'Bryan,3,3,0
Actor,Haley Joel Osment,3,3,0
Actor,Alexandra Maria Lara,3,3,0
Actor,Alexander Petrov,3,0,3
Actor,Bob Gunton,3,2,1
Actor,Vinessa Shaw,3,3,0
Actor,Riva Arora,3,2,1
Actor,Tamar Novas,3,1,2
Actor,Ed Harris,3,3,0
Actor,Sarah Burns,3,2,1
Actor,Nick Cheung,3,3,0
Actor,Bérénice Bejo,3,3,0
Actor,Derek Luke,3,1,2
Actor,Bertrand-Xavier Corbi,3,3,0
Actor,Alessandra de Rossi,3,3,0
Actor,Mario Zaragoza,3,1,2
Actor,Clint Dyer,3,2,1
Actor,Tom McGrath,3,2,1
Actor,Cihan Ercan,3,3,0
Actor,Zhang Jin,3,3,0
Actor,Ratnabali Bhattacharjee,3,2,1
Actor,Toshio Furukawa,3,3,0
Actor,Carlos Alcántara,3,3,0
Actor,Jeremy Shada,3,1,2
Actor,K.P.A.C. Lalitha,3,3,0
Actor,Billy Boyd,3,3,0
Actor,Jennifer Schwalbach,3,3,0
Actor,Peter Rowsthorn,3,2,1
Actor,Namit Das,3,3,0
Actor,Richard Harris,3,3,0
Actor,Ai-Ai de las Alas,3,3,0
Actor,Pete Davidson,3,3,0
Actor,Emily Alyn Lind,3,3,0
Actor,Max von der Groeben,3,3,0
Actor,Lubna Azabal,3,2,1
Actor,Dolores Heredia,3,1,2
Actor,Elvis Nolasco,3,1,2
Actor,Dante Basco,3,1,2
Actor,Noah Schnapp,3,1,2
Actor,Park Bo-young,3,0,3
Actor,Yoo Ah-in,3,2,1
Actor,Pets Tseng,3,0,3
Actor,Micah Hauptman,3,3,0
Actor,Tovino Thomas,3,3,0
Actor,Jon Abrahams,3,3,0
Actor,Acha Septriasa,3,3,0
Actor,Dominic Purcell,3,2,1
Actor,Sasha Pieterse,3,3,0
Actor,Kira Tozer,3,2,1
Actor,Montse Hernandez,3,1,2
Actor,Ben Shenkman,3,3,0
Actor,Marc Evan Jackson,3,1,2
Actor,Riaad Moosa,3,2,1
Actor,Jim Watson,3,1,2
Actor,Antonio Sanint,3,2,1
Actor,Damian Young,3,2,1
Actor,Chunky Pandey,3,3,0
Actor,Daniel Doheny,3,3,0
Actor,Eric Godon,3,3,0
Actor,Busta Rhymes,3,3,0
Actor,Kathryn Prescott,3,3,0
Actor,Shane Harper,3,3,0
Actor,Anthony Edwards,3,3,0
Actor,Maurice Compte,3,2,1
Actor,Tobey Maguire,3,3,0
Actor,Berta Vázquez,3,2,1
Actor,Wallie Ruy,3,0,3
Actor,Sally Kirkland,3,3,0
Actor,Tetsu Shiratori,3,0,3
Actor,Ernesto Benjumea,3,0,3
Actor,Gregg Spiridellis,3,1,2
Actor,Jake Busey,3,2,1
Actor,Joe Pingue,3,2,1
Actor,Margaret Avery,3,2,1
Actor,Joshua Leonard,3,3,0
Actor,Bryana Salaz,3,1,2
Actor,Kelly Bishop,3,0,3
Actor,Jeannie Elias,3,2,1
Actor,Ayumu Murase,3,0,3
Actor,David Wain,3,1,2
Actor,Kim Richards,3,3,0
Actor,Aaron Jakubenko,3,0,3
Actor,Gordon Brown,3,3,0
Actor,Jessie Li,3,3,0
Actor,Siddhant Karnick,3,1,2
Actor,Sabrina Ouazani,3,2,1
Actor,Suhas Palshikar,3,3,0
Actor,Akeno Watanabe,3,0,3
Actor,César Mora,3,0,3
Actor,Rupert Evans,3,2,1
Actor,Bill Sage,3,2,1
Actor,Bahar Şahin,3,3,0
Actor,Kerrigan Mahan,3,0,3
Actor,Anil Dhawan,3,3,0
Actor,Eva Green,3,2,1
Actor,Neelu Kohli,3,3,0
Actor,Divya Seth,3,3,0
Actor,Yuka Terasaki,3,1,2
Actor,Charles Etubiebi,3,3,0
Actor,Inma Cuevas,3,2,1
Actor,Elizabeth Debicki,3,3,0
Actor,Desmond Llewelyn,3,3,0
Actor,Elizabeth Taylor,3,3,0
Actor,Dee Wallace,3,3,0
Actor,Kaoru Kobayashi,3,0,3
Actor,Arisara Thongborisut,3,3,0
Actor,Farid Shawqy,3,3,0
Actor,Collin Chou,3,3,0
Actor,Ravi Jhankal,3,3,0
Actor,Verónica Castro,3,2,1
Actor,Rukman Rosadi,3,3,0
Actor,Christopher Heyerdahl,3,0,3
Actor,Jake Green,3,1,2
Actor,Tanner Buchanan,3,1,2
Actor,Hala,3,0,3
Actor,Yoko Soumi,3,0,3
Actor,Hikaru Midorikawa,3,0,3
Actor,Lal,3,3,0
Actor,Catherine Sutherland,3,0,3
Actor,Dal-su Oh,3,3,0
Actor,Shakeel Khan,3,3,0
Actor,Atsushi Abe,3,0,3
Actor,Suneel Sinha,3,3,0
Actor,Gina DeCesare,3,3,0
Actor,David Alan Grier,3,2,1
Actor,Gabriel Casseus,3,3,0
Actor,Felix Mallard,3,1,2
Actor,Katie Holmes,3,2,1
Actor,Lynn Hung,3,3,0
Actor,Michelle Trachtenberg,3,3,0
Actor,Keeley Hawes,3,2,1
Actor,Dominique McElligott,3,2,1
Actor,Kevin Eldon,3,1,2
Actor,Berto Romero,3,3,0
Actor,Vennela Kishore,3,3,0
Actor,Satwant Kaur,3,3,0
Actor,Steven Mackintosh,3,2,1
Actor,Anshuman Jha,3,3,0
Actor,Nazareno Casero,3,2,1
Actor,Hiten Tejwani,3,3,0
Actor,Martha Claudia Moreno,3,1,2
Actor,Shawn Mendes,3,3,0
Actor,Daniella Rahme,3,0,3
Actor,Reno Wilson,3,2,1
Actor,Royce Pierreson,3,0,3
Actor,Tahirah Sharif,3,2,1
Actor,Jesse Moss,3,2,1
Actor,Dennis Andres,3,2,1
Actor,Robin de Jesús,3,3,0
Actor,Adam Rose,3,2,1
Actor,Jonah Wineberg,3,0,3
Actor,Rachelle Lefevre,3,3,0
Actor,Dharmajan Bolgatty,3,3,0
Actor,Betiana Blum,3,3,0
Actor,Jay Brazeau,3,3,0
Actor,Adriana Ugarte,3,2,1
Actor,Jay Hernandez,3,3,0
Actor,Aldo Escalante,3,1,2
Actor,Joe Dempsie,3,2,1
Actor,Anant Nag,3,3,0
Actor,Dax Shepard,3,3,0
Actor,Patrick Fischler,3,1,2
Actor,Layton Williams,3,2,1
Actor,Darby Stanchfield,3,1,2
Actor,Robert Więckiewicz,3,2,1
Actor,Kim Go-eun,3,1,2
Actor,Lizzy Caplan,3,3,0
Actor,Sachin,3,3,0
Actor,Gabriel Basso,3,3,0
Actor,Jermaine Love,3,3,0
Actor,Donnell Rawlings,3,1,2
Actor,Kiyonobu Suzuki,3,3,0
Actor,Lucas Jade Zumann,3,2,1
Actor,Adan Canto,3,2,1
Actor,Karen Gillan,3,3,0
Actor,Kenneth Welsh,3,3,0
Actor,Kevin Sizemore,3,3,0
Actor,Charmaine Fong,3,3,0
Actor,Abigail Spencer,3,2,1
Actor,Nishka Raheja,3,0,3
Actor,Tan Ai-Chen,3,0,3
Actor,Neil Brown Jr.,3,3,0
Actor,Johnny Rose,3,1,2
Actor,Rumiko Ukai,3,3,0
Actor,Nadia Ramlee,3,2,1
Actor,Lee Jun-hyuk,3,0,3
Actor,Juan Pablo Llano,3,0,3
Actor,Natassha,3,3,0
Actor,Banky Wellington,3,3,0
Actor,Clark Duke,3,3,0
Actor,Gina Riley,3,2,1
Actor,Omar Ayuso,3,0,3
Actor,Adriana Paz,3,2,1
Actor,Trevante Rhodes,3,3,0
Actor,Tora Sudiro,3,3,0
Actor,Hugo Becker,3,1,2
Actor,Tom Rhys Harries,3,2,1
Actor,Yoo Yeon-seok,3,0,3
Actor,Matthew Broderick,3,2,1
Actor,Heather Morris,3,2,1
Actor,Amin Joseph,3,3,0
Actor,Luis Rábago,3,0,3
Actor,Mandy Patinkin,3,2,1
Actor,Betty White,3,3,0
Actor,Flynn Curry,3,2,1
Actor,Grégory Gadebois,3,2,1
Actor,Paul Hamy,3,3,0
Actor,Kenneth Okonkwo,3,3,0
Actor,Aida Sabra,3,3,0
Actor,Jon Tenney,3,3,0
Actor,Yanic Truesdale,3,1,2
Actor,Victor Rasuk,3,2,1
Actor,Matthew Davis,3,1,2
Actor,Jo Woo-jin,3,2,1
Actor,David Suchet,3,3,0
Actor,Peter Hastings,3,2,1
Actor,Carla Gallo,3,3,0
Actor,James Wilby,3,2,1
Actor,Paul Kaye,3,1,2
Actor,Chelan Simmons,3,3,0
Actor,Goran Visnjic,3,3,0
Actor,Wu Chien-ho,3,1,2
Actor,Mykelti Williamson,3,3,0
Actor,Vincent Elbaz,3,3,0
Actor,Aditya Roy Kapoor,3,3,0
Actor,Aminah Tjendrakasih,3,3,0
Actor,Martha MacIsaac,3,3,0
Actor,Elyas M'Barek,3,3,0
Actor,Gabby Padilla,3,3,0
Actor,Sarah Jones,3,1,2
Actor,Li Nanxing,3,0,3
Actor,Pandji Pragiwaksono,3,3,0
Actor,Jason Marnocha,3,0,3
Actor,Ramzy Bedia,3,2,1
Actor,Note Chern-Yim,3,3,0
Actor,Cress Williams,3,1,2
Actor,William Sadler,3,3,0
Actor,Frances de la Tour,3,3,0
Actor,Shin-il Kang,3,1,2
Actor,Omari Newton,3,2,1
Actor,Jimmy Tatro,3,2,1
Actor,Evelyn Sharma,3,3,0
Actor,Adrian Grenier,3,2,1
Actor,Nermin Maher,3,3,0
Actor,Annie Potts,3,2,1
Actor,Jessica Henwick,3,0,3
Actor,Alycia Delmore,3,3,0
Actor,Bokeem Woodbine,3,2,1
Actor,Tracy Letts,3,3,0
Actor,Jonathan Lipow,3,3,0
Actor,Nazim Othman,3,0,3
Actor,Tony Darrow,3,3,0
Actor,Christine Taylor,3,3,0
Actor,Ron Howard,3,1,2
Actor,Alex Borstein,3,3,0
Actor,Colin Morgan,3,1,2
Actor,Kingone Wang,3,0,3
Actor,Nicholas Woodeson,3,3,0
Actor,Greg Finley,3,2,1
Actor,Fatima Al Safi,3,0,3
Actor,Wallace Huo,3,1,2
Actor,Rajnikanth,3,3,0
Actor,Tilda Swinton,3,3,0
Actor,Ameesha Patel,3,3,0
Actor,Elizabeth Olsen,3,3,0
Actor,Margot Robbie,3,3,0
Actor,Elly,3,3,0
Actor,Omkar Das Manikpuri,3,3,0
Actor,Allison Munn,3,0,3
Actor,Mela Lee,3,1,2
Actor,Esteban Lamothe,3,2,1
Actor,Jordyn DiNatale,3,3,0
Actor,Maisie Richardson-Sellers,3,2,1
Actor,Kunle Afolayan,3,3,0
Actor,Ruth Negga,3,3,0
Actor,Karan Kundra,3,3,0
Actor,Paulina Goto,3,2,1
Actor,Tanju Tuncel,3,3,0
Actor,Madison Lu,3,2,1
Actor,Emayatzy Corinealdi,3,3,0
Actor,Leah Remini,3,2,1
Actor,Elena Kazan,3,3,0
Actor,Lily Franky,3,1,2
Actor,Meg Otanwa,3,2,1
Actor,Pierce Gagnon,3,2,1
Actor,Crystal Lowe,3,3,0
Actor,Clara Segura,3,3,0
Actor,Thomas Vandenberghe,3,2,1
Actor,Alan Sabbagh,3,3,0
Actor,Jeri Ryan,3,1,2
Actor,Rasim Öztekin,3,3,0
Actor,Neena-Sinaii Simpo,3,2,1
Actor,Pip Torrens,3,1,2
Actor,Kathleen Rose Perkins,3,1,2
Actor,Billy Magnussen,3,2,1
Actor,Carmen Maura,3,2,1
Actor,Juan Pablo Shuk,3,0,3
Actor,Satomi Arai,3,0,3
Actor,Tatiana Maslany,3,2,1
Actor,Thorbjørn Harr,3,3,0
Actor,Ajay Naidu,3,2,1
Actor,Thanapob Leeratanakajorn,3,0,3
Actor,Ruby Ruiz,3,2,1
Actor,Anne Winters,3,1,2
Actor,Jóhannes Haukur Jóhannesson,3,1,2
Actor,Roy Sungkono,3,2,1
Actor,Toshihiko Seki,3,0,3
Actor,Satya Dev,3,2,1
Actor,Marwan Kenzari,3,3,0
Actor,Melissa Fahn,3,1,2
Actor,Amanda Crew,3,3,0
Actor,Padmavati Rao,3,3,0
Actor,Rotem Keinan,3,3,0
Actor,Hugo Ng,3,1,2
Actor,Mayling Ng,3,3,0
Actor,Ian Ziering,3,2,1
Actor,Dylan Robert,3,2,1
Actor,D.B. Sweeney,3,3,0
Actor,Clark Backo,3,2,1
Actor,Sean Jindachot,3,1,2
Actor,Nandu,3,3,0
Actor,Yun Seo-hyun,3,0,3
Actor,Tahir Raj Bhasin,3,3,0
Actor,Jeremy Northam,3,2,1
Actor,Vidyut Jammwal,3,1,2
Actor,Miki Nagasawa,3,2,1
Actor,Hsieh Ying-xuan,3,2,1
Actor,Tom Kane,3,3,0
Actor,Lung Wei Wang,3,3,0
Actor,Don Johnson,3,1,2
Actor,Margo Martindale,3,3,0
Actor,Lorne Cardinal,3,3,0
Actor,Preechaya Pongthananikorn,3,2,1
Actor,J.C. MacKenzie,3,2,1
Actor,Emily Osment,3,1,2
Actor,LaMonica Garrett,3,2,1
Actor,Jeff Ross,3,1,2
Actor,Prachi Desai,3,3,0
Actor,Tatsuya Nakamura,3,3,0
Actor,Khaled Al-Nuaimi,3,3,0
Actor,Rick Gonzalez,3,2,1
Actor,Rita Wilson,3,3,0
Actor,Andre Royo,3,3,0
Actor,Ahmed Bedir,3,3,0
Actor,Mandy Moore,3,3,0
Actor,Mille Dinesen,3,1,2
Actor,Joey Lauren Adams,3,3,0
Actor,Omar El-Hariri,3,3,0
Actor,Rade Serbedzija,3,2,1
Actor,Richard Griffiths,3,3,0
Actor,Rain,3,2,1
Actor,Gage Golightly,3,3,0
Actor,Park Hyuk-kwon,3,0,3
Actor,Shine Tom Chacko,3,3,0
Actor,Song Kang-ho,3,3,0
Actor,Killian Scott,3,1,2
Actor,Antonio Durán 'Morris',3,1,2
Actor,Neville Archambault,3,3,0
Actor,Alwyn Uytingco,3,3,0
Actor,Takuya Eguchi,3,0,3
Actor,Wu Kang-jen,3,0,3
Actor,Blake Clark,3,3,0
Actor,Chelsea Peretti,3,3,0
Actor,Tat-Ming Cheung,3,3,0
Actor,Andree Vermeulen,3,2,1
Actor,Shiney Ahuja,3,3,0
Actor,Téa Leoni,3,2,1
Actor,Woo Do‑hwan,3,0,3
Actor,Jess Harnell,3,0,3
Actor,Lee Jung-jae,3,1,2
Actor,Dele Odule,3,2,1
Actor,Angélica Aragón,3,3,0
Actor,Parveen Babi,3,3,0
Actor,Ana Polvorosa,3,2,1
Actor,Abbi Jacobson,3,2,1
Actor,Ricardo Vesga,3,0,3
Actor,Carlos Ballarta,3,3,0
Actor,İrem Sak,3,3,0
Actor,Carmi Martin,3,3,0
Actor,Ama K. Abebrese,3,3,0
Actor,Zack Orji,3,3,0
Actor,Alicyn Packard,3,1,2
Actor,Josh Hartnett,3,2,1
Actor,Aditya Roy Kapur,3,3,0
Actor,Lota Chukwu,3,2,1
Actor,Abhay Mahajan,3,3,0
Actor,Yasser El Tobgy,3,3,0
Actor,Liam McIntyre,3,2,1
Actor,Jane Adams,3,1,2
Actor,Alexander Arnold,3,3,0
Actor,Morakot Liu,3,0,3
Actor,Tasha Smith,3,3,0
Actor,Sebastian Arcelus,3,0,3
Actor,Mary Beth Hurt,3,3,0
Actor,Rob Morgan,3,2,1
Actor,Gilbert Gottfried,3,2,1
Actor,Rick Overton,3,3,0
Actor,Evan Jones,3,3,0
Actor,Raad Rawi,3,3,0
Actor,Adarsh Gourav,3,2,1
Actor,Lee Taylor,3,1,2
Actor,Meera Syal,3,3,0
Actor,Tyler Jon Olson,3,3,0
Actor,Sushant Singh,3,3,0
Actor,Edward Furlong,3,3,0
Actor,Shivaji Satham,3,3,0
Actor,Elysia Markou,3,3,0
Actor,Sebastian Pigott,3,2,1
Actor,Fairuza Balk,3,3,0
Actor,Emma Suárez,3,2,1
Actor,Diaa El Merghany,3,3,0
Actor,Mads Sjøgård Pettersen,3,1,2
Actor,Kasumi Arimura,3,3,0
Actor,Hana Mae Lee,3,3,0
Actor,Taylor John Smith,3,3,0
Actor,Ann Hsu,3,1,2
Actor,Belén Chavanne,3,2,1
Actor,Luis Gatica,3,3,0
Actor,Johnny Lu,3,0,3
Actor,So-hui Yoon,3,0,3
Actor,Chris Wu,3,0,3
Actor,Amy Hargreaves,3,2,1
Actor,Sean Pertwee,3,2,1
Actor,Antoni Porowski,3,1,2
Actor,Tamzin Merchant,3,3,0
Actor,Devon Terrell,3,2,1
Actor,Pål Sverre Hagen,3,3,0
Actor,Miriam Margolyes,3,2,1
Actor,Tülin Özen,3,1,2
Actor,Alexandra Daddario,3,3,0
Actor,Rupert Graves,3,2,1
Actor,Femi Jacobs,3,3,0
Actor,Prince Kanwaljit Singh,3,3,0
Actor,Simon Foster,3,2,1
Actor,Gustavo Sánchez Parra,3,1,2
Actor,Chad Michael Collins,3,3,0
Actor,Ann-Margret,3,2,1
Actor,Danny Webb,3,2,1
Actor,Yoichi Masukawa,3,3,0
Actor,Olgun Toker,3,2,1
Actor,Andreas Apergis,3,3,0
Actor,Rinku Rajguru,3,3,0
Actor,Kris Cuppens,3,1,2
Actor,Saksit Tangtong,3,0,3
Actor,Dalton Vigh,3,3,0
Actor,Tate Donovan,3,3,0
Actor,Piaa Bajpai,3,3,0
Actor,Phylicia Rashad,3,3,0
Actor,Eduardo Franco,3,1,2
Actor,David Kross,3,3,0
Actor,Brad Dourif,3,3,0
Actor,Jodie Foster,3,3,0
Actor,James Van Der Beek,3,1,2
Actor,Jéssica Diehl,3,3,0
Actor,Sulakshana Pandit,3,3,0
Actor,Matt Chow,3,3,0
Actor,Anya Chalotra,3,1,2
Actor,Kunle Remi,3,3,0
Actor,Jassi Gill,3,3,0
Actor,Marlon Brando,3,3,0
Actor,Yeom Hye-ran,3,0,3
Actor,David Collins,3,1,2
Actor,Mie Sonozaki,3,2,1
Actor,Ramón Llao,3,3,0
Actor,Raline Shah,3,3,0
Actor,Donald Moffat,3,2,1
Actor,Jesse McCartney,3,2,1
Actor,Max Thieriot,3,2,1
Actor,Harley Morenstein,3,3,0
Actor,Sermiyan Midyat,3,3,0
Actor,Christian Navarro,3,1,2
Actor,Chyler Leigh,3,1,2
Actor,Adinia Wirasti,3,2,1
Actor,Samuthirakani,3,3,0
Actor,Augusto Madeira,3,1,2
Actor,Christopher Knights,3,1,2
Actor,Noah Segan,3,3,0
Actor,Edward Holcroft,3,0,3
Actor,Verónica Forqué,3,2,1
Actor,Tini Tom,3,3,0
Actor,Scout Taylor-Compton,3,3,0
Actor,Sue Perkins,3,0,3
Actor,Mattea Conforti,3,1,2
Actor,Sean Connery,3,3,0
Actor,Mohamed Abd El Azim,3,3,0
Actor,Lung Ti,3,3,0
Actor,Michaela Coel,3,1,2
Actor,Honduras,3,2,1
Actor,Dwight Yoakam,3,3,0
Actor,Lesley Manville,3,2,1
Actor,Savika Chaiyadej,3,2,1
Actor,Jack O'Connell,3,2,1
Actor,Lee Gyoung-young,3,0,3
Actor,Julián Villagrán,3,2,1
Actor,Aimee Teegarden,3,1,2
Actor,Mackenzie Foy,3,3,0
Actor,Carolina Acevedo,3,0,3
Actor,Elizabeth Hurley,3,3,0
Actor,Rick Jones,3,2,1
Actor,Fabrizio Copano,3,3,0
Actor,Spike Spencer,3,0,3
Actor,Catalina Sandino Moreno,3,3,0
Actor,Beth Dover,3,1,2
Actor,Andy Lucas,3,3,0
Actor,Raymond Thiry,3,2,1
Actor,Vinayakan,3,3,0
Actor,Khaled El Nabawy,3,3,0
Actor,James Corden,3,3,0
Actor,José Zúñiga,3,3,0
Actor,Baron Vaughn,3,1,2
Actor,Shelley Winters,3,3,0
Actor,Peter Capaldi,3,2,1
Actor,Bobby Lee,3,2,1
Actor,David Banner,3,3,0
Actor,Rakesh Bedi,3,3,0
Actor,Chandrachoor Rai,3,3,0
Actor,Ser'Darius Blain,3,2,1
Actor,Jerome Kurnia,3,3,0
Actor,Teja Sajja,3,3,0
Actor,Khary Payton,3,2,1
Actor,Birva Pandya,3,2,1
Actor,Alan Oppenheimer,3,1,2
Actor,Kevin Sorbo,3,3,0
Actor,Aksel Hennie,3,2,1
Actor,Shoko Takada,3,3,0
Actor,Bertie Carvel,3,0,3
Actor,Kelly Rutherford,3,2,1
Actor,Arieh Worthalter,3,2,1
Actor,Eui-sung Kim,3,3,0
Actor,Sara Wijayanto,3,3,0
Actor,Shohreh Aghdashloo,3,3,0
Actor,Neil Ross,3,3,0
Actor,Sakura Tange,3,0,3
Actor,Gaten Matarazzo,3,0,3
Actor,Daniel Kaluuya,3,1,2
Actor,Harry Melling,3,2,1
Actor,David Theune,3,2,1
Actor,Mahima Chaudhry,3,3,0
Actor,Chris Zylka,3,2,1
Actor,Adeline Chetail,3,0,3
Actor,Nargis Fakhri,3,3,0
Actor,Jimmy Carr,3,2,1
Actor,Dylan Arnold,3,3,0
Actor,Itziar Aizpuru,3,3,0
Actor,Victor Yerrid,3,0,3
Actor,Mutsumi Tamura,3,1,2
Actor,Kristine Froseth,3,2,1
Actor,David Abraham,3,3,0
Actor,Henry Rollins,3,1,2
Actor,Jason Hsu,3,0,3
Actor,Utkarsh Ambudkar,3,1,2
Actor,Tyrese Gibson,3,3,0
Actor,Hannah Simone,3,2,1
Actor,Tsubasa Yonaga,3,1,2
Actor,Zhou Dongyu,3,3,0
Actor,Richard Grieve,3,2,1
Actor,Benjamin Helstad,3,1,2
Actor,Engin Günaydın,3,3,0
Actor,Manon Azem,3,2,1
Actor,Lucy Lawless,3,1,2
Actor,Mishqah Parthiephal,3,2,1
Actor,Maisa Abd Elhadi,3,3,0
Actor,Billy West,3,1,2
Actor,Summer Meng,3,1,2
Actor,Paulina Andreeva,3,0,3
Actor,Kang Ha-neul,3,0,3
Actor,Fabian Buch,3,3,0
Actor,James Gaylyn,3,0,3
Actor,Devika Daftardar,3,3,0
Actor,Connie Booth,3,2,1
Actor,Tom Bennett,3,3,0
Actor,Neil Sandilands,3,0,3
Actor,Taylor Schilling,3,2,1
Actor,Koye Kekere Ekun,3,3,0
Actor,Parvathy,3,2,1
Actor,Viineet Kumar,3,1,2
Actor,Sofía Gala,3,2,1
Actor,Pasupathy,3,3,0
Actor,Arinzé Kene,3,2,1
Actor,Hsia Teng-hung,3,0,3
Actor,Dia Mirza,3,3,0
Actor,Richard McCabe,3,3,0
Actor,Jürgen Prochnow,3,3,0
Actor,Amrita Puri,3,3,0
Actor,Mark Harmon,3,2,1
Actor,Amjad Khan,3,3,0
Actor,Tim Robinson,3,1,2
Actor,Hiroaki Iwanaga,3,3,0
Actor,Chu Chung-heng,3,0,3
Actor,Jason Scott Lee,3,3,0
Actor,Penelope Wilton,3,2,1
Actor,Tom Burke,3,3,0
Actor,Shraddha Srinath,3,3,0
Actor,Madhura Velankar,3,3,0
Actor,Arturo Ríos,3,2,1
Actor,Eli Morse,3,2,1
Actor,Onur Buldu,3,3,0
Actor,Karuna Pandey,3,2,1
Actor,Ghanshyam Shukla,3,2,1
Actor,Helen Carey,3,3,0
Actor,Harley Quinn Smith,3,2,1
Actor,Sunny Suwanmethanont,3,2,1
Actor,Lyriq Bent,3,2,1
Actor,Christopher Von Uckermann,3,1,2
Actor,James Gandolfini,3,3,0
Actor,Cameron Jack,3,3,0
Actor,Ryoko Shiraishi,3,0,3
Actor,Danna Paola,3,1,2
Actor,Tobias Menzies,3,2,1
Actor,Angie Cepeda,3,1,2
Actor,Angela Trimbur,3,3,0
Actor,Isaac C. Singleton Jr.,3,3,0
Actor,Connor Paolo,3,2,1
Actor,Alex Barima,3,1,2
Actor,Eugenie Liu,3,1,2
Actor,Teri Hatcher,3,3,0
Actor,Brenda Vaccaro,3,2,1
Actor,Arón Piper,3,0,3
Actor,Cho Jung-seok,3,1,2
Actor,Hrishitaa Bhatt,3,3,0
Actor,Luke Youngblood,3,0,3
Actor,Michael Raymond-James,3,3,0
Actor,Rachael Stirling,3,3,0
Actor,Halston Sage,3,3,0
Actor,Anthony Jeselnik,3,3,0
Actor,Santiago Korovsky,3,1,2
Actor,Kate Siegel,3,1,2
Actor,Eijaz Khan,3,3,0
Actor,Brooklynn Proulx,3,3,0
Actor,Thabo Malema,3,2,1
Actor,Jeanne Tripplehorn,3,2,1
Actor,Jung Eun-chae,3,1,2
Actor,Jordan Chan,3,2,1
Actor,Joshua Rush,3,2,1
Actor,Shay Mitchell,3,1,2
Actor,Renée Elise Goldsberry,3,1,2
Actor,Madeline Brewer,3,1,2
Actor,Nattapong Chartpong,3,2,1
Actor,Nassar Abdulla,3,3,0
Actor,Kelly Reilly,3,3,0
Actor,Bob Ross,3,1,2
Actor,Lisa Vidal,3,1,2
Actor,Josh Brener,3,1,2
Actor,Jack Conley,3,3,0
Actor,Liam Hemsworth,3,3,0
Actor,Eduardo Noriega,3,1,2
Actor,Sumeet Raghvan,3,3,0
Actor,Linsay Rousseau,3,0,3
Actor,Tae-im Lee,3,0,3
Actor,David Denman,3,1,2
Actor,Randy Couture,3,3,0
Actor,Max Jenkins,3,0,3
Actor,Michael Stahl-David,3,2,1
Actor,Thanabordee Jaiyen,3,0,3
Actor,Singh Hartihan Bitto,3,3,0
Actor,Manpreet Bambra,3,2,1
Actor,Virginia Madsen,3,3,0
Actor,Millie Bobby Brown,3,1,2
Actor,Rajesh Jais,3,3,0
Actor,Chen Liping,3,0,3
Actor,Karen Allen,3,3,0
Actor,Sikander Kher,3,3,0
Actor,Jennifer Grey,3,3,0
Actor,Saeed Tarabeek,3,3,0
Actor,Anna Chlumsky,3,3,0
Actor,Olivia Scott Welch,3,3,0
Actor,Gary Daniels,3,3,0
Actor,Chonnikan Netjui,3,0,3
Actor,Tessa Thompson,3,3,0
Actor,Jeffrey Donovan,3,3,0
Actor,Sonia Mann,3,3,0
Actor,Ricardo O'Farrill,3,2,1
Actor,Kirsten Robek,3,2,1
Actor,Paula Patton,3,2,1
Actor,Paco Ignacio Taibo II,3,2,1
Actor,Javier Bardem,3,3,0
Actor,Ana Layevska,3,1,2
Actor,Corey Stoll,3,2,1
Actor,Chloe Webb,3,2,1
Actor,Melis Birkan,3,1,2
Actor,R. Kelly,3,1,2
Actor,Alan Alda,3,3,0
Actor,Oulaya Amamra,3,2,1
Actor,Patrick Doyle,3,2,1
Actor,Christine Lahti,3,2,1
Actor,Supanart Jittaleela,3,3,0
Actor,Anne-Solenne Hatte,3,3,0
Actor,Michael Landes,3,3,0
Actor,Cameron Esposito,3,3,0
Actor,Carmen Lebbos,3,3,0
Actor,Ben Lawson,3,0,3
Actor,Dave Fennoy,3,2,1
Actor,Gloria Diaz,3,3,0
Actor,Farah Zeynep Abdullah,3,2,1
Actor,Gabriela Roel,3,0,3
Actor,Paulina Matos,3,1,2
Actor,Leela Samson,3,3,0
Actor,Doona Bae,3,1,2
Actor,Harry Shum Jr.,3,2,1
Actor,Zanjoe Marudo,3,3,0
Actor,Lin-Manuel Miranda,3,2,1
Actor,Rene Auberjonois,3,2,1
Actor,Enzo Cilenti,3,2,1
Actor,Haviland Stillwell,3,1,2
Actor,Lexi Medrano,3,1,2
Actor,Peter Michael Goetz,3,3,0
Actor,Simran,3,2,1
Actor,David Walliams,3,2,1
Actor,Seo Yi-sook,3,0,3
Actor,Kurush Deboo,3,3,0
Actor,Paula Rhodes,3,2,1
Actor,Joey Camen,3,3,0
Actor,Leticia Huijara,3,1,2
Actor,Jayaprakash,3,3,0
Actor,Christopher Reid,3,3,0
Actor,Kim Young-min,3,0,3
Actor,Sam Louwyck,3,2,1
Actor,Itzan Escamilla,3,0,3
Actor,Randy Wayne,3,3,0
Actor,Alexis G. Zall,3,1,2
Actor,Leonardo Daniel,3,0,3
Actor,Aaron Jeffery,3,2,1
Actor,Alanna Ubach,3,2,1
Actor,Brad William Henke,3,2,1
Actor,Freddie Webb,3,3,0
Actor,Paul Newman,3,3,0
Actor,Tutie Kirana,3,3,0
Actor,Hal Holbrook,3,3,0
Actor,Refal Hady,3,3,0
Actor,Ana Gasteyer,3,1,2
Actor,Johnny Messner,3,3,0
Actor,Noah Taylor,3,2,1
Actor,Amy Brenneman,3,2,1
Actor,Goldie Hawn,3,3,0
Actor,Anita Mui,3,3,0
Actor,Raj Arjun,3,3,0
Actor,Maya Angelou,3,3,0
Actor,Rita Moreno,3,2,1
Actor,Chloe Pirrie,3,0,3
Actor,Beth Grant,3,3,0
Actor,Daniel Stern,3,3,0
Actor,Shozo Iizuka,3,2,1
Actor,Jamie McShane,3,2,1
Actor,Edi Gathegi,3,2,1
Actor,Yashaswini Dayama,3,2,1
Actor,Liza Lorena,3,3,0
Actor,Bront Palarae,3,3,0
Actor,Emma Booth,3,2,1
Actor,Kim Eui-sung,3,1,2
Actor,Mary Elizabeth McGlynn,3,2,1
Actor,Aïssa Maïga,3,3,0
Actor,Dawood Hussain,3,3,0
Actor,Blessing Onwukwe,3,3,0
Actor,Aoi Morikawa,3,1,2
Actor,Lee Dong-wook,3,0,3
Actor,Ryo Ishibashi,3,1,2
Actor,Hairul Azreen,3,3,0
Actor,Sibulele Gcilitshana,3,1,2
Actor,Yosuke Sugino,3,0,3
Actor,Aishwarya,3,3,0
Actor,Christian Chávez,3,1,2
Actor,Christine Hakim,3,3,0
Actor,Cary Elwes,3,3,0
Actor,Isaiah Russell-Bailey,3,2,1
Actor,José María de Tavira,3,0,3
Actor,Lisa Durupt,3,3,0
Actor,Glen Powell,3,2,1
Actor,Cohen Holloway,3,3,0
Actor,Keri Russell,3,3,0
Actor,Carmen Beato,3,2,1
Actor,Michelle Fairley,3,2,1
Actor,Stephanie Anne Mills,3,0,3
Actor,Uru Eke,3,2,1
Actor,Mumtaz Sorcar,3,3,0
Actor,Ted Raimi,3,2,1
Actor,Joseph Millson,3,2,1
Actor,Idina Menzel,3,3,0
Actor,Percy Hynes White,3,2,1
Actor,Aya Endo,3,0,3
Actor,Chris Wood,3,0,3
Actor,Fernanda Urrejola,3,2,1
Actor,Malik Nejer,3,1,2
Actor,Jonny Gray,3,3,0
Actor,Alkoya Brunson,3,2,1
Actor,Bruce Hopkins,3,1,2
Actor,Daniel Sharman,2,1,1
Actor,Elizabeth Hawthorne,2,2,0
Actor,Jonathan Cherry,2,2,0
Actor,Mary Holland,2,1,1
Actor,Iván Sánchez,2,0,2
Actor,Berkan Şal,2,0,2
Actor,Ko Kyoung-pyo,2,0,2
Actor,Hope Levy,2,1,1
Actor,Alan Saldaña,2,2,0
Actor,Zohar Shtrauss,2,1,1
Actor,Sam Lin,2,0,2
Actor,Kerr Smith,2,1,1
Actor,Charlie Heaton,2,0,2
Actor,Mandy Sekiguchi,2,2,0
Actor,Syna Anand,2,1,1
Actor,Kwon Yul,2,0,2
Actor,Bobby Berk,2,0,2
Actor,Andre Braugher,2,2,0
Actor,Shahkrit Yamnarm,2,0,2
Actor,Chris Gethard,2,1,1
Actor,Jiang Mengjie,2,2,0
Actor,Rufus Sewell,2,2,0
Actor,Kishori Shahane,2,2,0
Actor,Selah Victor,2,1,1
Actor,Peter MacNicol,2,2,0
Actor,Camille Japy,2,2,0
Actor,Jun Jong-seo,2,2,0
Actor,Brett Dier,2,1,1
Actor,Bridget Hoffman,2,1,1
Actor,Badr Nofal,2,2,0
Actor,Kenneth Mitchell,2,1,1
Actor,Minori Chihara,2,0,2
Actor,Shujoon,2,0,2
Actor,Shaun Pye,2,0,2
Actor,Aya Cash,2,1,1
Actor,Jack Fisher,2,1,1
Actor,Vicky Krieps,2,2,0
Actor,Selton Mello,2,1,1
Actor,Kim Sung-ryoung,2,1,1
Actor,Attharut Krongrasri,2,0,2
Actor,Jack Weston,2,2,0
Actor,Morgan Lily,2,2,0
Actor,Adam Bartley,2,0,2
Actor,Luke Baines,2,2,0
Actor,Edi Patterson,2,1,1
Actor,Jaye Davidson,2,2,0
Actor,Greg Hsu,2,1,1
Actor,Lee Ji-eun (IU),2,0,2
Actor,Vaibhav Thakkar,2,1,1
Actor,Saúl Craviotto,2,0,2
Actor,Beau Garrett,2,0,2
Actor,Michael Wright,2,2,0
Actor,Yukana,2,0,2
Actor,Benedetta Porcaroli,2,1,1
Actor,Sophia Bush,2,2,0
Actor,Suliane Brahim,2,1,1
Actor,Dennis Adhiswara,2,2,0
Actor,Twinkle Khanna,2,2,0
Actor,Jodie Sweetin,2,1,1
Actor,Tanveer Ghani,2,2,0
Actor,Sapthagiri,2,2,0
Actor,Luis Alfredo Velasco,2,0,2
Actor,Omar Mustafa Metwally,2,2,0
Actor,Lekh Tandon,2,2,0
Actor,Belinda Stewart-Wilson,2,0,2
Actor,Antonio de la Vega,2,0,2
Actor,Matt Long,2,1,1
Actor,Shama Deshpande,2,2,0
Actor,In Gyo-jin,2,0,2
Actor,Ethan Embry,2,1,1
Actor,Abdullah Al-Ramsi,2,2,0
Actor,Jamie Timony,2,0,2
Actor,T.C. Stallings,2,2,0
Actor,Hans Matheson,2,2,0
Actor,Alex Sharp,2,2,0
Actor,Juana Viale,2,1,1
Actor,Carol Sutton,2,2,0
Actor,Amala Paul,2,1,1
Actor,David Andrews,2,2,0
Actor,Celile Toyon Uysal,2,2,0
Actor,Janyse Jaud,2,1,1
Actor,Antonio Aakeel,2,1,1
Actor,Toshiki Ayata,2,0,2
Actor,Niek Roozen,2,2,0
Actor,Tyler Patrick Jones,2,2,0
Actor,David Yost,2,0,2
Actor,Dianna Agron,2,1,1
Actor,Alan Ritchson,2,2,0
Actor,Vidit Kumar,2,1,1
Actor,Zynnell Zuh,2,1,1
Actor,Richard Cordery,2,2,0
Actor,Fuju Kamio,2,1,1
Actor,Pavadee Komchokpaisan,2,0,2
Actor,Sumeet Vyas,2,2,0
Actor,Kerry O'Malley,2,2,0
Actor,Lee Se-young,2,0,2
Actor,Kenza Fortas,2,2,0
Actor,Jeffrey Jones,2,2,0
Actor,Jenny McCarthy,2,2,0
Actor,Lila Lacombe,2,2,0
Actor,Nico Vink,2,2,0
Actor,Yugan Naidoo,2,2,0
Actor,Gong Myoung,2,0,2
Actor,Vishesh Tiwari,2,2,0
Actor,Renata Toscano,2,1,1
Actor,Manikandan,2,2,0
Actor,Yaani King Mondschein,2,1,1
Actor,Gonzalo de Castro,2,1,1
Actor,Iván Morales,2,0,2
Actor,Naomi Campbell,2,2,0
Actor,Chika Anzai,2,0,2
Actor,Bobb'e J. Thompson,2,2,0
Actor,Deng Lun,2,1,1
Actor,Sajal Ali,2,2,0
Actor,K. Todd Freeman,2,1,1
Actor,Amy Schumer,2,2,0
Actor,Joan Pera,2,1,1
Actor,Joey Lotsko,2,1,1
Actor,Muriel Santa Ana,2,1,1
Actor,Lee Hak Joo,2,0,2
Actor,Jason Gray-Stanford,2,1,1
Actor,Jas Arora,2,2,0
Actor,Yo Taichi,2,0,2
Actor,Lisa Emery,2,1,1
Actor,Choi Yoon-young,2,0,2
Actor,Ravi Patel,2,1,1
Actor,Taylor Mosby,2,1,1
Actor,Dae-Myung Kim,2,1,1
Actor,Álvaro Bayona,2,0,2
Actor,Taiten Kusunoki,2,0,2
Actor,Matthew Del Negro,2,1,1
Actor,Tito Wilson,2,2,0
Actor,S. Epatha Merkerson,2,1,1
Actor,Rajat Barmecha,2,2,0
Actor,Nikitin Dheer,2,2,0
Actor,Julie Ann Emery,2,2,0
Actor,Amit Behl,2,0,2
Actor,Karima Mokhtar,2,2,0
Actor,Nikhila Vimal,2,2,0
Actor,Jelson Bay,2,2,0
Actor,Jessie Buckley,2,2,0
Actor,Tina Pica,2,2,0
Actor,Marco Luque,2,2,0
Actor,Nora Arnezeder,2,2,0
Actor,Mel Lisboa,2,0,2
Actor,Rebecca De Mornay,2,2,0
Actor,Sharib Hashmi,2,2,0
Actor,Marcel Iures,2,2,0
Actor,Naoto Takenaka,2,1,1
Actor,Guilherme Briggs,2,0,2
Actor,Eneko Sagardoy,2,2,0
Actor,Isaac Jay,2,2,0
Actor,Lars Ranthe,2,0,2
Actor,Jonathan Frakes,2,1,1
Actor,Clive Standen,2,1,1
Actor,Priscilla Presley,2,2,0
Actor,Jorma Taccone,2,2,0
Actor,Paramej Noiam,2,0,2
Actor,Ernest Borgnine,2,2,0
Actor,Dina Meyer,2,2,0
Actor,Lee Hyun-wook,2,0,2
Actor,Christopher Gorham,2,1,1
Actor,Kamini Kaushal,2,2,0
Actor,Qi Yu Wu,2,0,2
Actor,Kida Khodr Ramadan,2,2,0
Actor,Dominic Monaghan,2,2,0
Actor,Albee Huang,2,0,2
Actor,Heidi Klum,2,2,0
Actor,Jiang Guangtao,2,0,2
Actor,Ak Akarat,2,0,2
Actor,Ming Dao,2,0,2
Actor,David Eigenberg,2,2,0
Actor,Aytaç Uşun,2,2,0
Actor,KRS-One,2,2,0
Actor,Chuck Liddell,2,2,0
Actor,Kate Elliot,2,2,0
Actor,Iskandar Zulkarnain,2,2,0
Actor,Manmeet Singh,2,2,0
Actor,Djimo,2,1,1
Actor,Marie Kondo,2,0,2
Actor,Craig McLachlan,2,1,1
Actor,Shaun Jindachote,2,0,2
Actor,Jay Hatton,2,1,1
Actor,Annie Jacob,2,2,0
Actor,Grace Kaufman,2,1,1
Actor,Rachael Okonkwo,2,2,0
Actor,Christie Laing,2,2,0
Actor,Erasmo Carlos,2,2,0
Actor,Emily Alatalo,2,2,0
Actor,Zeina,2,2,0
Actor,Anthony Lemke,2,0,2
Actor,Wojciech Solarz,2,1,1
Actor,Kenny Bee,2,2,0
Actor,Mai Cat Vi,2,2,0
Actor,Zeno Robinson,2,0,2
Actor,Susie Abromeit,2,1,1
Actor,Reo Sano,2,2,0
Actor,Wayne Knight,2,2,0
Actor,Rajeev Panday,2,2,0
Actor,David Berni,2,0,2
Actor,Vincent Kok,2,2,0
Actor,Fary,2,1,1
Actor,Charlie Trairat,2,2,0
Actor,Nobuo Tobita,2,1,1
Actor,Carice van Houten,2,2,0
Actor,Meher Vij,2,2,0
Actor,Steve-O,2,2,0
Actor,Ahmet Kural,2,2,0
Actor,Sanjay Mone,2,2,0
Actor,Nash Edgerton,2,2,0
Actor,Yu Hewei,2,1,1
Actor,Pamu Pamorada,2,2,0
Actor,Manish Bhavan,2,1,1
Actor,Adam Jagwani,2,2,0
Actor,Sandeep Pathak,2,2,0
Actor,S.P. Balasubrahmanyam,2,2,0
Actor,José Rubens Chachá,2,1,1
Actor,Sebastián Wainraich,2,1,1
Actor,Delfina Chaves,2,1,1
Actor,Darío Yazbek,2,1,1
Actor,Leila Ezz Al Arab,2,0,2
Actor,Brennan Clost,2,0,2
Actor,Liliane Rovère,2,0,2
Actor,Ali Yoğurtçuoğlu,2,2,0
Actor,Zhang Yi,2,2,0
Actor,Jung Yu-mi,2,0,2
Actor,Ford Kiernan,2,0,2
Actor,Kate Flannery,2,1,1
Actor,Mohamed Abdel-Rahman,2,2,0
Actor,Nawab Shah,2,2,0
Actor,Jairo Camargo,2,0,2
Actor,Stanley Moore,2,2,0
Actor,Julian Cheung,2,2,0
Actor,Chris Wylde,2,2,0
Actor,Kim Byung-choon,2,0,2
Actor,RJ Balaji,2,2,0
Actor,Chalad Na Songkhla,2,2,0
Actor,Sandy Andolong,2,2,0
Actor,Peter Mensah,2,1,1
Actor,Andrew Howard,2,2,0
Actor,Tommy Vasquez,2,0,2
Actor,Mais Hamdan,2,2,0
Actor,Elodie Yung,2,0,2
Actor,Jay Pharoah,2,2,0
Actor,Thassapak Hsu,2,0,2
Actor,Damian Chapa,2,2,0
Actor,Tim Rozon,2,0,2
Actor,Sujan Mukherjee,2,2,0
Actor,Yu Aoi,2,2,0
Actor,Shiro Saito,2,0,2
Actor,Algee Smith,2,1,1
Actor,Caroline Brazier,2,0,2
Actor,Gurmeet Sajan,2,2,0
Actor,Thiago Ventura,2,1,1
Actor,Cerina Vincent,2,1,1
Actor,Armin Shimerman,2,1,1
Actor,Bess Armstrong,2,2,0
Actor,Yusuf Akgün,2,1,1
Actor,Jack Reynor,2,2,0
Actor,Chan Fong,2,0,2
Actor,Megan Follows,2,0,2
Actor,Supoj Chancharoen,2,0,2
Actor,Jackie Earle Haley,2,2,0
Actor,Sunita Dhir,2,2,0
Actor,Kim Tae-ri,2,1,1
Actor,Cameron J. Wright,2,1,1
Actor,İnanç Konukçu,2,0,2
Actor,Rohit Chaudhury,2,2,0
Actor,Rhys Ifans,2,2,0
Actor,Casey Mongillo,2,0,2
Actor,David Calder,2,2,0
Actor,Edward Asner,2,1,1
Actor,Alexis Bledel,2,0,2
Actor,Metin Coşkun,2,1,1
Actor,Christopher Larkin,2,0,2
Actor,Sairi Ito,2,0,2
Actor,Sanchari Vijay,2,2,0
Actor,Ignacio Serricchio,2,0,2
Actor,Claes Malmberg,2,2,0
Actor,Lizzie Waterworth,2,0,2
Actor,Lee Eddy,2,2,0
Actor,Tim Gunn,2,1,1
Actor,Gim Yeong-seon,2,2,0
Actor,İclal Aydın,2,2,0
Actor,Lawrence Kao,2,1,1
Actor,Bob Frazer,2,1,1
Actor,Rima Te Wiata,2,2,0
Actor,Ritwik Sahore,2,2,0
Actor,Michel Perron,2,2,0
Actor,Michał Sikorski,2,1,1
Actor,Gracy Singh,2,2,0
Actor,Emerald Fennell,2,1,1
Actor,Martín Altomaro,2,0,2
Actor,Javicia Leslie,2,2,0
Actor,Álvaro Morte,2,1,1
Actor,Violante Placido,2,2,0
Actor,Alisdair Simpson,2,0,2
Actor,Reena Aggarwal,2,0,2
Actor,S.M. Zaheer,2,2,0
Actor,Osman Sonant,2,0,2
Actor,Peter Ferdinando,2,1,1
Actor,Avery Brooks,2,1,1
Actor,Noémie Schmidt,2,2,0
Actor,João Pedro Zappa,2,1,1
Actor,Eric Graise,2,0,2
Actor,Jordyn Raya James,2,1,1
Actor,McCabe Slye,2,2,0
Actor,Manaka Iwami,2,0,2
Actor,Xenia Goodwin,2,1,1
Actor,Marina Sirtis,2,1,1
Actor,Aubrey Peeples,2,2,0
Actor,Eric Jacobson,2,2,0
Actor,Jake Short,2,2,0
Actor,Kaolip,2,1,1
Actor,Evelyn Lewis Prieto,2,1,1
Actor,Vikram Prabhu,2,2,0
Actor,Paige Hurd,2,2,0
Actor,Alexa Davalos,2,2,0
Actor,David Schneider,2,2,0
Actor,Jim Capobianco,2,1,1
Actor,Carlos Bardem,2,2,0
Actor,Heidi Toini,2,2,0
Actor,Ronan Vibert,2,2,0
Actor,Kazue Ikura,2,1,1
Actor,Son Na-eun,2,0,2
Actor,Richard Grieco,2,2,0
Actor,Ulrich Thomsen,2,2,0
Actor,Leon,2,2,0
Actor,Nat Wolff,2,2,0
Actor,Yan Yu-lin,2,0,2
Actor,Devin Kelley,2,1,1
Actor,Sharrieff Pugh,2,2,0
Actor,Ilian Bergala,2,2,0
Actor,Lamman Rucker,2,1,1
Actor,Hiroyuki Ikeuchi,2,2,0
Actor,Judy Parfitt,2,1,1
Actor,Peter MacNeill,2,0,2
Actor,Ricardo Dalmacci,2,2,0
Actor,Mei Nagano,2,1,1
Actor,Tobin Bell,2,2,0
Actor,George Harris,2,2,0
Actor,Garrett Clayton,2,2,0
Actor,Michel Gill,2,0,2
Actor,Metin Akdülger,2,1,1
Actor,Harry Hadden-Paton,2,0,2
Actor,Satoshi Tsuruoka,2,0,2
Actor,Christine Bottomley,2,0,2
Actor,Raymond J. Barry,2,2,0
Actor,Yosi Mizrahi,2,2,0
Actor,Wendy Raquel Robinson,2,2,0
Actor,Samuel Anderson,2,0,2
Actor,Miles Heizer,2,0,2
Actor,Morten Vang Simonsen,2,1,1
Actor,Zarine Khan,2,2,0
Actor,Emilia McCarthy,2,2,0
Actor,Liam MacDonald,2,2,0
Actor,Dinesh,2,2,0
Actor,Lupita Nyong'o,2,2,0
Actor,Desirae Whitfield,2,1,1
Actor,Saikumar,2,2,0
Actor,Jane Horrocks,2,2,0
Actor,Nicola Walker,2,0,2
Actor,Erick Avari,2,2,0
Actor,Rajiv Kapoor,2,2,0
Actor,Jorge Perugorría,2,1,1
Actor,T.J. Power,2,2,0
Actor,Cho Dong-hyuk,2,0,2
Actor,Luke Spencer Roberts,2,2,0
Actor,Tsai Yi-chen,2,0,2
Actor,Juliet Stevenson,2,1,1
Actor,Sven Ruygrok,2,2,0
Actor,Padmini,2,2,0
Actor,Teuku Rifnu Wikana,2,1,1
Actor,Moon Lee,2,1,1
Actor,Katherine Parkinson,2,1,1
Actor,Claudia Tranchese,2,1,1
Actor,Shintaro Asanuma,2,1,1
Actor,Fernanda Andrade,2,2,0
Actor,Dennis Rudge,2,1,1
Actor,Larry Fessenden,2,2,0
Actor,Chico Benymon,2,0,2
Actor,Alexander Calvert,2,1,1
Actor,Ahmed Salah Al-Saadany,2,2,0
Actor,Barbara Mamabolo,2,0,2
Actor,Adinath Kothare,2,2,0
Actor,April L. Hernandez,2,2,0
Actor,Stephen Dillane,2,2,0
Actor,Alex Vincent,2,2,0
Actor,"Tobechukwu ""iLLbliss"" Ejiofor",2,1,1
Actor,Jennifer Lien,2,1,1
Actor,Gabriel Yammine,2,1,1
Actor,Katie Chang,2,2,0
Actor,Paul Anthony,2,2,0
Actor,Hiroya Shimizu,2,2,0
Actor,Julio Bracho,2,0,2
Actor,Nathalia Ramos,2,2,0
Actor,Joaquín Cosío,2,1,1
Actor,Frankie Avalon,2,2,0
Actor,Joe Alwyn,2,2,0
Actor,Desmond Elliot,2,2,0
Actor,Mahmoud Fares,2,1,1
Actor,Narushi Ikeda,2,1,1
Actor,Vanessa Lengies,2,2,0
Actor,Shar Jackson,2,1,1
Actor,Nour,2,2,0
Actor,Yousef Aldakheel,2,1,1
Actor,Grey Damon,2,0,2
Actor,Larry Poindexter,2,2,0
Actor,Sadashiv Amrapurkar,2,2,0
Actor,Nijiro Murakami,2,1,1
Actor,Sebastián Ferrat,2,0,2
Actor,Tunbosun Aiyedehin,2,1,1
Actor,Baron Chen,2,0,2
Actor,Sean Faris,2,2,0
Actor,Sarah Niles,2,2,0
Actor,Ashok Selvan,2,1,1
Actor,Lydia Wilson,2,1,1
Actor,Urs Rechn,2,1,1
Actor,Anne Suzuki,2,2,0
Actor,Cathy Cavadini,2,2,0
Actor,Melinda Dillon,2,2,0
Actor,Diane Ladd,2,2,0
Actor,Ashton Holmes,2,2,0
Actor,Lina Cardona,2,2,0
Actor,Ravi Cabot-Conyers,2,1,1
Actor,Eiko Koike,2,1,1
Actor,Damla Sönmez,2,1,1
Actor,Shri Vallabh Vyas,2,2,0
Actor,Safia el-Emari,2,2,0
Actor,Mohinder Gujral,2,2,0
Actor,Makio Inoue,2,2,0
Actor,Jon Gries,2,2,0
Actor,Judy Reyes,2,2,0
Actor,Barry Ward,2,0,2
Actor,Charlotte Timmers,2,0,2
Actor,Eddie Steeples,2,2,0
Actor,Phakin Khamwilaisak,2,0,2
Actor,Katherine Vélez,2,0,2
Actor,Mohit Raina,2,1,1
Actor,Sophie Rundle,2,1,1
Actor,Melanie Vallejo,2,0,2
Actor,Kimberly-Sue Murray,2,1,1
Actor,Mark Little,2,1,1
Actor,J.E. Freeman,2,2,0
Actor,Maika Yamamoto,2,0,2
Actor,Nandkishore Pandey,2,2,0
Actor,Erik Thompson,2,0,2
Actor,Jay Johnston,2,1,1
Actor,Bowlegged Lou,2,2,0
Actor,Chance Hurstfield,2,0,2
Actor,Nico Greetham,2,1,1
Actor,Richard Tyson,2,2,0
Actor,Jessica Sula,2,2,0
Actor,Mahmoud Abdel Moghny,2,2,0
Actor,Lonette McKee,2,2,0
Actor,Gabriela de la Garza,2,1,1
Actor,Ken Yasuda,2,1,1
Actor,Mohsen Mohiedine,2,2,0
Actor,Jessica Szohr,2,1,1
Actor,Massimo Boldi,2,2,0
Actor,Luke Grimes,2,2,0
Actor,Nicollette Sheridan,2,2,0
Actor,Kat Feller,2,2,0
Actor,Michael Whitehall,2,1,1
Actor,Tim Russ,2,0,2
Actor,Ajay Raj,2,2,0
Actor,Asako Kobayashi,2,0,2
Actor,Haruka Chisuga,2,0,2
Actor,Heo Jun-ho,2,0,2
Actor,Yuri Vargas,2,0,2
Actor,John Magaro,2,2,0
Actor,Ravi Prakash,2,2,0
Actor,Félix Gómez,2,1,1
Actor,Durga Khote,2,2,0
Actor,Jeremy Howard,2,1,1
Actor,Gardo Versoza,2,1,1
Actor,Athena Karkanis,2,0,2
Actor,Patrick Baladi,2,0,2
Actor,Monica Villa,2,2,0
Actor,Thongpoom Siripipat,2,0,2
Actor,Kanin Ngo,2,2,0
Actor,G.K. Bowes,2,1,1
Actor,Tim Post,2,2,0
Actor,Alice Drummond,2,2,0
Actor,Blanca Soto,2,0,2
Actor,Lucas Bryant,2,1,1
Actor,Sumet Ong-Art,2,0,2
Actor,Irwan Iskandar,2,2,0
Actor,Eileen Davies,2,1,1
Actor,Felicity Price,2,2,0
Actor,Brian Hutchison,2,2,0
Actor,Samrat Chakrabarti,2,2,0
Actor,Kenya Barris,2,1,1
Actor,Juergen Maurer,2,1,1
Actor,Gagan Arora,2,0,2
Actor,F. Murray Abraham,2,2,0
Actor,Nora von Waldstätten,2,1,1
Actor,Yasuko Matsuyuki,2,2,0
Actor,Gemma Whelan,2,1,1
Actor,Shruti Haasan,2,2,0
Actor,Oh Man-seok,2,0,2
Actor,Amber Kuo,2,1,1
Actor,Don S. Davis,2,0,2
Actor,Jack Thompson,2,1,1
Actor,Kim Yeon-woo,2,1,1
Actor,Alfred Enoch,2,0,2
Actor,Nehir Erdoğan,2,2,0
Actor,Asia Ortega,2,2,0
Actor,Madeline Carroll,2,2,0
Actor,Joanna Douglas,2,2,0
Actor,Norman Reedus,2,1,1
Actor,Jude Muir,2,0,2
Actor,Raymond Wong Ho-Yin,2,2,0
Actor,Barry Humphries,2,2,0
Actor,Angélica María,2,2,0
Actor,Alan Marriott,2,2,0
Actor,So-min Jung,2,0,2
Actor,Ayşenil Şamlıoğlu,2,2,0
Actor,Parno Mittra,2,2,0
Actor,Rudranil Ghosh,2,2,0
Actor,Sarah Douglas,2,2,0
Actor,Ricardo Darín,2,2,0
Actor,Paola Barrientos,2,2,0
Actor,Bobby Schofield,2,1,1
Actor,Andrew Buchan,2,1,1
Actor,Daniel Levy,2,1,1
Actor,Salman Shahid,2,2,0
Actor,Greg Ayres,2,1,1
Actor,Pooja Ramachandran,2,2,0
Actor,Ethan Lawrence,2,1,1
Actor,"Carlos Librado ""Nene""",2,2,0
Actor,J.D. Ryznar,2,1,1
Actor,Zoya Hussain,2,2,0
Actor,Steven Grayhm,2,1,1
Actor,Roberto Álamo,2,1,1
Actor,John Fiore,2,2,0
Actor,M.C. Gainey,2,2,0
Actor,Zachary Gordon,2,2,0
Actor,Hugo Speer,2,1,1
Actor,Ed Oxenbould,2,1,1
Actor,Brendan Sexton III,2,1,1
Actor,Saurav Chakrabarty,2,2,0
Actor,Sunil Barve,2,2,0
Actor,Raj Bajaj,2,2,0
Actor,Aditya Raaj,2,2,0
Actor,Daniel Roebuck,2,2,0
Actor,Toyin Oshinaike,2,2,0
Actor,Marlee van der Merwe,2,2,0
Actor,Gajanan Jagirdar,2,2,0
Actor,Rina Inoue,2,1,1
Actor,Dong-seok Ma,2,2,0
Actor,Michael Provost,2,1,1
Actor,Osmar Nuñez,2,0,2
Actor,Edin Hasanovic,2,2,0
Actor,Julia Ianina,2,0,2
Actor,Sudhanshu Pandey,2,2,0
Actor,Gabriel Chavarria,2,1,1
Actor,Reshma Shetty,2,0,2
Actor,Julian Richings,2,1,1
Actor,Lyndsey Marshal,2,2,0
Actor,Morgan Krantz,2,1,1
Actor,Widyawati,2,2,0
Actor,Paul Logan,2,2,0
Actor,DeRon Horton,2,1,1
Actor,Larissa Albuquerque,2,2,0
Actor,Aisling Bea,2,1,1
Actor,David Hargreaves,2,1,1
Actor,Tomohiro Tsuboi,2,0,2
Actor,Sarfaraz Khan,2,2,0
Actor,Harish Khanna,2,2,0
Actor,Nitin Reddy,2,2,0
Actor,Jill Schirnhofer,2,2,0
Actor,Madeleine Mantock,2,0,2
Actor,Mayuko Kawakita,2,0,2
Actor,Jason Young,2,0,2
Actor,Hyuk-kwon Park,2,0,2
Actor,Joselyn Gallardo,2,0,2
Actor,Jonathan Winters,2,2,0
Actor,Sara Malakul Lane,2,2,0
Actor,Mel Giedroyc,2,0,2
Actor,Anthony Gonzalez,2,2,0
Actor,David Yip,2,1,1
Actor,Philip Arditti,2,2,0
Actor,Benoît Poelvoorde,2,2,0
Actor,Garrett Morris,2,1,1
Actor,Ketan Kava,2,1,1
Actor,Emma Appleton,2,1,1
Actor,Chinyere Wilfred,2,2,0
Actor,Deejay Durano,2,2,0
Actor,Patricia Ezeani,2,2,0
Actor,Zach Braff,2,2,0
Actor,Si-kyung Sung,2,0,2
Actor,Cristina Banegas,2,1,1
Actor,Nicky Slimting Walker,2,2,0
Actor,Gayle Rankin,2,1,1
Actor,Dylan Everett,2,2,0
Actor,Ryan Bartley,2,0,2
Actor,Len Cariou,2,2,0
Actor,Jessica Lowndes,2,2,0
Actor,Anna Maria Mühe,2,0,2
Actor,Tami Sagher,2,1,1
Actor,Patti LuPone,2,1,1
Actor,Surabhi Lakshmi,2,2,0
Actor,Iván Aragón,2,0,2
Actor,Clara Bernadeth,2,2,0
Actor,Aya Hisakawa,2,0,2
Actor,Chipo Chung,2,0,2
Actor,Yasuhiro Mamiya,2,1,1
Actor,Kåre Conradi,2,1,1
Actor,D.J. Cotrona,2,1,1
Actor,Ayesha Jhulka,2,2,0
Actor,Ruslaan Mumtaz,2,2,0
Actor,Hussein Riad,2,2,0
Actor,Mazhar Alanson,2,2,0
Actor,Peter O'Brien,2,1,1
Actor,Park Bo-gum,2,0,2
Actor,Richard Ridings,2,2,0
Actor,Jade Ma,2,1,1
Actor,Belén López,2,0,2
Actor,Natalie Zea,2,2,0
Actor,Laura Harrier,2,1,1
Actor,Kat Dennings,2,2,0
Actor,Danny Chan,2,1,1
Actor,Krista Allen,2,2,0
Actor,Jailoshini Naidoo,2,2,0
Actor,Larissa Gallagher,2,2,0
Actor,Déborah François,2,2,0
Actor,Tuva Novotny,2,1,1
Actor,Abdel Imam Abdullah,2,2,0
Actor,Yu-mi Jung,2,2,0
Actor,Ade Laoye,2,1,1
Actor,Blake Harrison,2,1,1
Actor,Chia-Liang Liu,2,2,0
Actor,Ahmed Zaher,2,2,0
Actor,Laudya Cynthia Bella,2,2,0
Actor,James Oliver Wheatley,2,1,1
Actor,Guillaume Gouix,2,0,2
Actor,Colton Dunn,2,2,0
Actor,Supriya Shukla,2,2,0
Actor,Sohrab Ardeshir,2,2,0
Actor,Kritika Pande,2,2,0
Actor,Steven Waddington,2,2,0
Actor,Christian Kane,2,2,0
Actor,Mauro Mauad,2,0,2
Actor,Divyadarshini,2,2,0
Actor,Mark Ashworth,2,2,0
Actor,Marta Milans,2,0,2
Actor,Jeanine Mason,2,1,1
Actor,Ryan Sampson,2,0,2
Actor,Emmanuelle Seigner,2,2,0
Actor,Christian Bables,2,2,0
Actor,Aimee Garcia,2,1,1
Actor,Melora Hardin,2,2,0
Actor,Maite Perroni,2,0,2
Actor,Upen Patel,2,2,0
Actor,Taher Shabbir,2,2,0
Actor,Chiara Aurelia,2,2,0
Actor,Ahmed Sylla,2,1,1
Actor,Amol Palekar,2,2,0
Actor,Paul Walker,2,2,0
Actor,Portia de Rossi,2,1,1
Actor,Colin Salmon,2,2,0
Actor,Daniel Southworth,2,1,1
Actor,Scott Menville,2,1,1
Actor,Amanda Lawrence,2,2,0
Actor,Michele Morrone,2,1,1
Actor,Vic Chou,2,2,0
Actor,Alfonso Sánchez,2,2,0
Actor,Reese Alexander,2,2,0
Actor,Mercedes Hernández,2,0,2
Actor,Delroy Lindo,2,2,0
Actor,Kritsanapoom Pibulsonggram,2,1,1
Actor,Jordana Brewster,2,1,1
Actor,Karina Suwandhi,2,2,0
Actor,Daniel von Bargen,2,2,0
Actor,Ava Acres,2,2,0
Actor,Clémentine Poidatz,2,1,1
Actor,Chris Marquette,2,2,0
Actor,Sharifah Sakinah,2,2,0
Actor,Madison Wolfe,2,2,0
Actor,Jordi Vilasuso,2,2,0
Actor,Heeba Shah,2,2,0
Actor,Peter Scolari,2,2,0
Actor,Jonathan Howard,2,2,0
Actor,Michał Bajor,2,2,0
Actor,Zafer Algöz,2,2,0
Actor,Lew Temple,2,2,0
Actor,Madan Joshi,2,2,0
Actor,Jacob Lofland,2,2,0
Actor,Will Peltz,2,2,0
Actor,Mausam,2,2,0
Actor,Lidia Vitale,2,2,0
Actor,Lydia Look,2,1,1
Actor,Wunmi Mosaku,2,1,1
Actor,Zoë Wanamaker,2,1,1
Actor,Alex Lifeson,2,1,1
Actor,Pfifer Chastain,2,1,1
Actor,Nate Corddry,2,2,0
Actor,Prem Nath,2,2,0
Actor,Deepa Sahi,2,2,0
Actor,Sibongile Mlambo,2,2,0
Actor,Leslie Chai,2,0,2
Actor,Juan Pablo Di Pace,2,0,2
Actor,Ufuoma McDermott,2,2,0
Actor,Kim Ye-won,2,0,2
Actor,Alenne Menget,2,2,0
Actor,Alicia Sanz,2,2,0
Actor,Leroy Gopal,2,2,0
Actor,Hasan Minhaj,2,1,1
Actor,Rose Leslie,2,0,2
Actor,Aditi Mittal,2,1,1
Actor,Rachel True,2,1,1
Actor,Said Faraj,2,2,0
Actor,Ji-hyun Nam,2,0,2
Actor,Ansel Elgort,2,2,0
Actor,Jr.,2,1,1
Actor,Mike Castle,2,1,1
Actor,Jeong Hae-gyoon,2,0,2
Actor,Eddie Hall,2,2,0
Actor,James Maslow,2,1,1
Actor,Darío T. Pie,2,2,0
Actor,Adrienne Pickering,2,1,1
Actor,Jorge Andreu,2,1,1
Actor,Yuka Ogura,2,0,2
Actor,Victor Meutelet,2,1,1
Actor,Ricky Garcia,2,2,0
Actor,Julie Delpy,2,1,1
Actor,Yuri Suri,2,2,0
Actor,Peter Dante,2,2,0
Actor,Piers Morgan,2,0,2
Actor,Victor Lamoglia,2,1,1
Actor,Joanne Froggatt,2,1,1
Actor,Taiwo Ajai-Lycett,2,1,1
Actor,Bolaji Amusan,2,2,0
Actor,Kierston Wareing,2,2,0
Actor,Hamza Haq,2,1,1
Actor,Munetaka Aoki,2,2,0
Actor,Nick Sagar,2,2,0
Actor,Samuel Abiola Robinson,2,1,1
Actor,Ashley Park,2,0,2
Actor,Juan Minujín,2,1,1
Actor,Miah Madden,2,0,2
Actor,Mark McKinney,2,2,0
Actor,Bill Duke,2,2,0
Actor,Erica Peeples,2,2,0
Actor,Nita Lei,2,0,2
Actor,Peter Greene,2,2,0
Actor,Jessica Lucas,2,1,1
Actor,Jenifer Lewis,2,2,0
Actor,Eddy Lee,2,1,1
Actor,Zo In-sung,2,1,1
Actor,Kim Fields,2,1,1
Actor,Leonardo Franco,2,2,0
Actor,Meredith Hagner,2,2,0
Actor,Olivia Hack,2,1,1
Actor,Şebnem Bozoklu,2,2,0
Actor,Luis Fernández,2,1,1
Actor,Amit Tandon,2,1,1
Actor,Joanna Going,2,2,0
Actor,Toby Leonard Moore,2,1,1
Actor,Paul Luebke,2,1,1
Actor,Henry Gibson,2,2,0
Actor,Karrueche Tran,2,2,0
Actor,Müfit Kayacan,2,1,1
Actor,Alaa Seif,2,2,0
Actor,John Guerrasio,2,2,0
Actor,Alejandro Ávila,2,0,2
Actor,Patricia Reyes Spíndola,2,2,0
Actor,Everly Carganilla,2,1,1
Actor,Leem Lubany,2,2,0
Actor,Jean-Hugues Anglade,2,2,0
Actor,Phyllis Smith,2,0,2
Actor,Clotilde Hesme,2,0,2
Actor,Empoy Marquez,2,2,0
Actor,Ray Baker,2,2,0
Actor,Cecilia Rossetto,2,2,0
Actor,Jung Jin-young,2,1,1
Actor,TJ Trinidad,2,2,0
Actor,Shanola Hampton,2,1,1
Actor,C.S. Lee,2,1,1
Actor,Ricky Whittle,2,1,1
Actor,Barbara Crampton,2,2,0
Actor,Kim Jae-uk,2,0,2
Actor,Nerea Barros,2,0,2
Actor,Alberto Cardeño,2,0,2
Actor,Sofía Gala Castiglione,2,1,1
Actor,Tom Rodriguez,2,2,0
Actor,Atticus Mitchell,2,1,1
Actor,Peace Yang,2,1,1
Actor,Glenn Morshower,2,2,0
Actor,Maeshni Naicker,2,2,0
Actor,Jacky Ido,2,2,0
Actor,Johnny Yang,2,0,2
Actor,Oona Chaplin,2,1,1
Actor,Chika Chukwu,2,2,0
Actor,Aziz Dyab,2,1,1
Actor,Miriam Shor,2,2,0
Actor,Gold Ikponmwosa,2,2,0
Actor,Noor Alghandour,2,0,2
Actor,Johny Antony,2,2,0
Actor,Malcolm Goodwin,2,1,1
Actor,James Jordan,2,2,0
Actor,Dermot Arrigan,2,0,2
Actor,Connor Swindells,2,1,1
Actor,Aria Birch,2,0,2
Actor,Luminita Gheorghiu,2,2,0
Actor,Samm Levine,2,1,1
Actor,Marisol Nichols,2,1,1
Actor,Dolly Wells,2,1,1
Actor,James Davies,2,0,2
Actor,Luigi Aycardi,2,0,2
Actor,Agnieszka Żulewska,2,1,1
Actor,Shaila Sabt,2,0,2
Actor,Navid Negahban,2,2,0
Actor,Marta Nieradkiewicz,2,0,2
Actor,Susie Essman,2,2,0
Actor,Damon Gupton,2,1,1
Actor,Rob Reiner,2,2,0
Actor,Neeraj Vora,2,2,0
Actor,Nicole Faria,2,2,0
Actor,Ross O'Hennessy,2,2,0
Actor,Chen Kun,2,1,1
Actor,Ko Kyung-pyo,2,0,2
Actor,Sankalp,2,2,0
Actor,Kirk Hammett,2,1,1
Actor,Hiroo Sasaki,2,0,2
Actor,Andrés Velencoso,2,1,1
Actor,Pachara Chirathivat,2,1,1
Actor,Lonny Ross,2,1,1
Actor,Colin Critchley,2,1,1
Actor,Sicily Johnson,2,0,2
Actor,Demetrius Grosse,2,2,0
Actor,Daniel Haddad,2,1,1
Actor,Forrest Goodluck,2,1,1
Actor,Adam Hurtig,2,2,0
Actor,Son Byung-ho,2,0,2
Actor,Kendall Schmidt,2,1,1
Actor,Mayumi Asano,2,1,1
Actor,Hansika Motwani,2,2,0
Actor,Jing Boran,2,2,0
Actor,William Davis,2,2,0
Actor,Samantha Sloyan,2,1,1
Actor,M. Ilavarasu,2,2,0
Actor,Cristina Umaña,2,0,2
Actor,Henry Keane,2,1,1
Actor,Gregory Smith,2,2,0
Actor,Laila Fawzy,2,2,0
Actor,Arya,2,2,0
Actor,Lee Jae-in,2,1,1
Actor,Joanne Whalley,2,0,2
Actor,Nico Romero,2,0,2
Actor,Bill Clinton,2,2,0
Actor,Revathi Pillai,2,0,2
Actor,Florence Thomassin,2,2,0
Actor,Jacqueline Toboni,2,2,0
Actor,Aida Nurmala,2,2,0
Actor,Lark Voorhies,2,1,1
Actor,Ahmed Fahmi,2,1,1
Actor,Thomas Ong,2,0,2
Actor,Rashid Salleh,2,0,2
Actor,Paik Jong-won,2,0,2
Actor,Muppets,2,2,0
Actor,Trey Tucker,2,2,0
Actor,Kim Se-jeong,2,0,2
Actor,Héctor Jiménez,2,1,1
Actor,Jacques Torres,2,0,2
Actor,Walter Huston,2,2,0
Actor,Stefania LaVie Owen,2,0,2
Actor,Krystof Hádek,2,2,0
Actor,Frederic Linkemann,2,2,0
Actor,Kelli Garner,2,2,0
Actor,Kim Dong-wook,2,0,2
Actor,John Sessions,2,2,0
Actor,Zoe Boyle,2,1,1
Actor,Brad Leland,2,1,1
Actor,Riley Smith,2,1,1
Actor,Mindy Cohn,2,0,2
Actor,Théo Fernandez,2,1,1
Actor,Itsaso Arana,2,2,0
Actor,James Badge Dale,2,2,0
Actor,Iñigo Aranburu,2,2,0
Actor,Larry King,2,2,0
Actor,Hibiku Yamamura,2,0,2
Actor,Barkha Singh,2,1,1
Actor,Nik Dodani,2,1,1
Actor,Jessie Mei Li,2,1,1
Actor,Christopher Corey Smith,2,0,2
Actor,Yoon Je-moon,2,2,0
Actor,Omotunde Adebowale David,2,2,0
Actor,Sebnem Sönmez,2,2,0
Actor,Brendan Meyer,2,0,2
Actor,Jung Woo,2,0,2
Actor,Kaitlyn Black,2,1,1
Actor,Kieran Culkin,2,2,0
Actor,Waly Dia,2,1,1
Actor,Lucía Uribe,2,0,2
Actor,Terry Kinney,2,2,0
Actor,Clark Wiesbrock,2,1,1
Actor,Stella Schnabel,2,2,0
Actor,Yutaka Nakano,2,0,2
Actor,Seda Güven,2,2,0
Actor,Mesut Akusta,2,1,1
Actor,Soniya Mehra,2,2,0
Actor,Shinji Rokkaku,2,0,2
Actor,Rachel Shelley,2,1,1
Actor,Lynn Van Royen,2,0,2
Actor,Choi Jin-hyuk,2,0,2
Actor,Steve Yap,2,0,2
Actor,Marissa Delgado,2,2,0
Actor,Natasha Liu Bordizzo,2,1,1
Actor,John Tui,2,0,2
Actor,Adam DeVine,2,2,0
Actor,Benjamín Vicuña,2,2,0
Actor,Neba Godwill Awantu,2,2,0
Actor,LaKeith Stanfield,2,1,1
Actor,Stellan Skarsgard,2,2,0
Actor,Rolf Petersen,2,0,2
Actor,Boris Bokir,2,2,0
Actor,Amanda Wyss,2,2,0
Actor,Richard Brake,2,2,0
Actor,Shruti Seth,2,1,1
Actor,Julie Christie,2,2,0
Actor,Konstantin Khabenskiy,2,0,2
Actor,Ty Simpkins,2,2,0
Actor,Sara Stewart,2,1,1
Actor,Stef Aerts,2,1,1
Actor,Masashi Ebara,2,1,1
Actor,Scott Patterson,2,0,2
Actor,Chenthu Mohan,2,2,0
Actor,David Ryall,2,2,0
Actor,Mitsuaki Madono,2,1,1
Actor,Hayley McLaughlin,2,1,1
Actor,Aniruddha Dave,2,2,0
Actor,Taylour Paige,2,2,0
Actor,"Remilekun ""Reminisce"" Safaru",2,1,1
Actor,Mr. T,2,2,0
Actor,Christine Horne,2,2,0
Actor,Lena Olin,2,2,0
Actor,Kenneth Cranham,2,2,0
Actor,Dian Nitami,2,2,0
Actor,Ken Lo,2,2,0
Actor,Brooke Satchwell,2,1,1
Actor,Arjun Das,2,2,0
Actor,Moayad Alnefaie,2,0,2
Actor,Silas Carson,2,2,0
Actor,Dana Snyder,2,1,1
Actor,Aliette Opheim,2,0,2
Actor,Ada Ameh,2,2,0
Actor,David W. Thompson,2,2,0
Actor,Frédéric Pierrot,2,1,1
Actor,Yvonne Strahovski,2,1,1
Actor,Dakota Goyo,2,2,0
Actor,Bruce Springsteen,2,2,0
Actor,Cheryl Chase,2,2,0
Actor,Dulé Hill,2,1,1
Actor,Alex Fernández,2,2,0
Actor,Liu Ye,2,2,0
Actor,Yoon Bak,2,0,2
Actor,Efe Irele,2,2,0
Actor,Vatsal Seth,2,2,0
Actor,Joan Blondell,2,2,0
Actor,Elisa Pinheiro,2,2,0
Actor,Emre Karayel,2,2,0
Actor,ARAH,2,2,0
Actor,Edison Song,2,1,1
Actor,Ulrich Noethen,2,1,1
Actor,Paola Minaccioni,2,2,0
Actor,Alan Ruck,2,2,0
Actor,Kim Seo-yeong,2,1,1
Actor,Huang Qi Ming,2,0,2
Actor,Waje,2,2,0
Actor,Colman Domingo,2,2,0
Actor,Jerome Flynn,2,0,2
Actor,Kate Magowan,2,1,1
Actor,Renan Bilek,2,2,0
Actor,Samr Ismaiel,2,1,1
Actor,Colton Haynes,2,0,2
Actor,Dean Petriw,2,1,1
Actor,Masaharu Fukuyama,2,2,0
Actor,Arielle Holmes,2,2,0
Actor,Miguel Perez,2,1,1
Actor,Medalion Rahimi,2,1,1
Actor,Zhu Houren,2,0,2
Actor,Jed Rees,2,2,0
Actor,Dragos Bucur,2,1,1
Actor,O.T. Fagbenle,2,1,1
Actor,Mae Martin,2,0,2
Actor,Dan Petronijevic,2,0,2
Actor,Sun Jialing,2,1,1
Actor,Keiko Nemoto,2,2,0
Actor,Antonia Campbell-Hughes,2,2,0
Actor,Kaito Yoshimura,2,0,2
Actor,Aahana Kumra,2,0,2
Actor,Hozumi Goda,2,0,2
Actor,Lionel Messi,2,2,0
Actor,Lucas Jaye,2,1,1
Actor,Takuro Nakakuni,2,2,0
Actor,Juli Fàbregas,2,1,1
Actor,Bobby Simha,2,1,1
Actor,James Buckley,2,0,2
Actor,Ted Welch,2,2,0
Actor,Callan McAuliffe,2,2,0
Actor,August Diehl,2,1,1
Actor,Deborah Rosan,2,2,0
Actor,Bilal Ashraf,2,2,0
Actor,Joshua Sasse,2,0,2
Actor,Laara Sadiq,2,2,0
Actor,Amit Sadh,2,2,0
Actor,Jamie Foreman,2,2,0
Actor,Russell Simmons,2,2,0
Actor,Mario Lopez,2,1,1
Actor,Charlyne Yi,2,2,0
Actor,Sayaka Senbongi,2,0,2
Actor,Anant Jog,2,2,0
Actor,Ruby Rose,2,1,1
Actor,Anthony Tedesco,2,1,1
Actor,Haifa Wehbe,2,2,0
Actor,Abir Chatterjee,2,2,0
Actor,Geetanjali Kulkarni,2,1,1
Actor,Sun Li,2,2,0
Actor,Roger Velasco,2,0,2
Actor,Somyos Matures,2,2,0
Actor,Lara Flynn Boyle,2,1,1
Actor,Jam Hsiao,2,0,2
Actor,Rebecca Staab,2,1,1
Actor,Kwok Cheung Tsang,2,2,0
Actor,Breckin Meyer,2,2,0
Actor,Jerzy Stuhr,2,2,0
Actor,Gurpreet Ghuggi,2,2,0
Actor,Ulka Gupta,2,0,2
Actor,Rick Moranis,2,2,0
Actor,Robert Powell,2,0,2
Actor,Paco Rueda,2,2,0
Actor,Tosatid Darnkhuntod,2,0,2
Actor,Monsieur Poulpe,2,1,1
Actor,Camilo Carmona,2,2,0
Actor,Jeremy Thomas,2,2,0
Actor,Keith Powers,2,1,1
Actor,Paul Michael Glaser,2,2,0
Actor,Shondrella Avery,2,2,0
Actor,Inanna Sarkis,2,2,0
Actor,Spalding Gray,2,2,0
Actor,Josh Bolt,2,1,1
Actor,Marque Richardson,2,1,1
Actor,Suriya,2,1,1
Actor,Felicia Chin,2,0,2
Actor,Garrett Ryan,2,2,0
Actor,Tuba Ünsal,2,1,1
Actor,Uzee Usman,2,2,0
Actor,Brandon P. Bell,2,0,2
Actor,Michelle Orozco,2,0,2
Actor,Alisha Wainwright,2,1,1
Actor,David Gasman,2,0,2
Actor,Shiloh Fernandez,2,2,0
Actor,Jean-Paul Ly,2,2,0
Actor,Kurt Cobain,2,2,0
Actor,Nadji Jeter,2,2,0
Actor,The Kid Mero,2,1,1
Actor,Amy Tan,2,2,0
Actor,Kate Tsui,2,2,0
Actor,Michael Che,2,2,0
Actor,Rainn Wilson,2,1,1
Actor,Danielle Nicolet,2,1,1
Actor,Charlotte Riley,2,0,2
Actor,Margarita Valderrama,2,0,2
Actor,Mark Camacho,2,2,0
Actor,Naoto,2,2,0
Actor,Melissa George,2,1,1
Actor,Yuki Morinaga,2,0,2
Actor,Rina Hidaka,2,0,2
Actor,Kerry James,2,1,1
Actor,Stu Bennett,2,2,0
Actor,Fábio de Luca,2,2,0
Actor,Jonny Coyne,2,2,0
Actor,Ezzat El Alaili,2,2,0
Actor,Ahmed Mekky,2,1,1
Actor,Sonequa Martin-Green,2,1,1
Actor,Diego Velázquez,2,2,0
Actor,Tom Arnold,2,2,0
Actor,Moon Moon Sen,2,2,0
Actor,Uche Nwaefuna,2,2,0
Actor,Ashton Sanders,2,2,0
Actor,Diaa El-Merghani,2,2,0
Actor,Fahad Basim,2,0,2
Actor,David Costabile,2,2,0
Actor,Will Brittain,2,2,0
Actor,Jayesh More,2,2,0
Actor,Oluchi Agunwa,2,2,0
Actor,Hiam Abbass,2,2,0
Actor,Akarat Nimitchai,2,0,2
Actor,Mary-Kate Olsen,2,2,0
Actor,Dharmesh Yelande,2,2,0
Actor,Mourad Makram,2,1,1
Actor,Aida Reyad,2,1,1
Actor,Shigeru Chiba,2,0,2
Actor,Sinoj Varghese,2,2,0
Actor,Park Yoon-hee,2,0,2
Actor,Park Su-young,2,0,2
Actor,Paul Adelstein,2,0,2
Actor,Rohit Kokate,2,2,0
Actor,Quinn Shephard,2,2,0
Actor,Julia Rehwald,2,2,0
Actor,Penpak Sirikul,2,0,2
Actor,Mercedes Morris,2,0,2
Actor,Yog Japee,2,2,0
Actor,Timothy Omundson,2,1,1
Actor,Karl Glusman,2,1,1
Actor,Tamara Taylor,2,0,2
Actor,Park So-dam,2,0,2
Actor,Seolhyun,2,1,1
Actor,María Morales,2,1,1
Actor,Marco D'Amore,2,1,1
Actor,Claire Blackwelder,2,0,2
Actor,Subrat Dutta,2,2,0
Actor,Michael Colyar,2,2,0
Actor,Florence Kasumba,2,1,1
Actor,Sky Ferreira,2,2,0
Actor,Keerati Mahapreukpong,2,0,2
Actor,Charles Nelson Reilly,2,2,0
Actor,Paulina Gałązka,2,1,1
Actor,Simone Missick,2,0,2
Actor,Kean Cipriano,2,2,0
Actor,Hwang Seog-jeong,2,0,2
Actor,Christian Cooke,2,2,0
Actor,Kayli Carter,2,2,0
Actor,Kwon Hae-hyo,2,0,2
Actor,Cameron Kennedy,2,1,1
Actor,Wes Lo,2,0,2
Actor,Eve Hewson,2,1,1
Actor,Michael Showalter,2,0,2
Actor,Helen Paul,2,2,0
Actor,Sam Troughton,2,2,0
Actor,Cho Seung-woo,2,0,2
Actor,Mia Kirshner,2,1,1
Actor,Anne Bancroft,2,2,0
Actor,Kim Ji-seok,2,0,2
Actor,Shiviske Shivisi,2,2,0
Actor,Mackenzie Astin,2,0,2
Actor,Kathleen Turner,2,1,1
Actor,Jack Gore,2,2,0
Actor,Murat Cemcir,2,2,0
Actor,Tamara Duarte,2,2,0
Actor,Janel Moloney,2,1,1
Actor,Brutus Richard,2,2,0
Actor,Jackée Harry,2,1,1
Actor,Dmitry Shevchenko,2,0,2
Actor,Riho Yoshioka,2,2,0
Actor,Ken Stott,2,2,0
Actor,Philip Granger,2,2,0
Actor,Warwick Davis,2,2,0
Actor,Harith Iskander,2,2,0
Actor,Joan Baez,2,2,0
Actor,Demet Evgar,2,1,1
Actor,Amira Casar,2,2,0
Actor,Via Antonio,2,2,0
Actor,Neelima Azim,2,2,0
Actor,Jet Chao,2,0,2
Actor,Bebe Rexha,2,0,2
Actor,Tolga Tekin,2,0,2
Actor,Mark Cheng,2,2,0
Actor,Colleen Ballinger,2,1,1
Actor,Hu Bing,2,1,1
Actor,Hady,2,0,2
Actor,Yang Mi,2,1,1
Actor,Heather Hemmens,2,0,2
Actor,Ana Santos,2,1,1
Actor,Michael O'Keefe,2,2,0
Actor,Wofai Fada,2,2,0
Actor,Juliet Donenfeld,2,0,2
Actor,Ellie Bamber,2,2,0
Actor,Madlyn Tabar,2,2,0
Actor,Alan Hopgood,2,2,0
Actor,Phoebe Tonkin,2,0,2
Actor,Emmanuelle Chriqui,2,2,0
Actor,Ashok Kumar,2,2,0
Actor,Louis Hofmann,2,1,1
Actor,Maggie Steed,2,1,1
Actor,Caitriona Balfe,2,0,2
Actor,Collin Kelly-Sordelet,2,2,0
Actor,John Ales,2,2,0
Actor,Kais Setti,2,1,1
Actor,Richard Edson,2,2,0
Actor,Maya Sansa,2,2,0
Actor,Okawa Shaznay,2,2,0
Actor,Maxine Peake,2,1,1
Actor,Sam Ashe Arnold,2,1,1
Actor,William Chan Wai-ting,2,2,0
Actor,Iván Marcos,2,0,2
Actor,Chris Cox,2,0,2
Actor,Lucie Laurier,2,2,0
Actor,Hameed Sheikh,2,2,0
Actor,Song Sae-byeok,2,0,2
Actor,Rod Paradot,2,1,1
Actor,Mark Hildreth,2,1,1
Actor,Ramón Agirre,2,2,0
Actor,Tuna Orhan,2,2,0
Actor,Alex Russell,2,2,0
Actor,Eli Roth,2,2,0
Actor,Tom Wright,2,1,1
Actor,Zayn Marie Khan,2,1,1
Actor,Marquis Rodriguez,2,1,1
Actor,Tato Alexander,2,2,0
Actor,Zaskia Adya Mecca,2,2,0
Actor,Sawsan Saad,2,2,0
Actor,Susan Floyd,2,2,0
Actor,Thabang Molaba,2,0,2
Actor,Sabry Abdel Moniem,2,2,0
Actor,Kunle Fawole,2,2,0
Actor,Vondie Curtis-Hall,2,1,1
Actor,Page Kennedy,2,1,1
Actor,Renee Lim,2,0,2
Actor,Piotr Fronczewski,2,1,1
Actor,Susumu Chiba,2,1,1
Actor,Ignacio Mateos,2,2,0
Actor,Nick Damici,2,2,0
Actor,Ramiro Meneses,2,0,2
Actor,Sam Hazeldine,2,1,1
Actor,Elen Rhys,2,2,0
Actor,Won-sang Park,2,0,2
Actor,Kevin Bzezovski Taroreh,2,2,0
Actor,Caity Lotz,2,1,1
Actor,Matthew Morrison,2,1,1
Actor,Dara Singh,2,2,0
Actor,Tony Way,2,1,1
Actor,Olga Sutulova,2,0,2
Actor,Gayathri Arun,2,2,0
Actor,Rahul Kumar,2,2,0
Actor,Amrit Maghera,2,2,0
Actor,Bin Shimada,2,0,2
Actor,Felix Lok,2,1,1
Actor,Chan Pak-cheung,2,2,0
Actor,Julio César Herrera,2,1,1
Actor,Martin McCann,2,2,0
Actor,Jane Leeves,2,1,1
Actor,Rashid Khan,2,2,0
Actor,Perdita Weeks,2,1,1
Actor,Toygan Avanoğlu,2,2,0
Actor,Laura Post,2,1,1
Actor,Annalise Basso,2,2,0
Actor,Ryan Potter,2,1,1
Actor,Michael Lerner,2,2,0
Actor,H.D. Quinn,2,1,1
Actor,İlker Kaleli,2,2,0
Actor,R.H. Thomson,2,1,1
Actor,Yu Shimamura,2,0,2
Actor,Teté Espinoza,2,0,2
Actor,Mark Famiglietti,2,2,0
Actor,Antonia Gentry,2,1,1
Actor,Alina Lozano,2,0,2
Actor,Masanobu Ando,2,1,1
Actor,Joe Chrest,2,2,0
Actor,Mos Def,2,2,0
Actor,Machiko Ono,2,2,0
Actor,Melika Foroutan,2,1,1
Actor,Kim Sang-kyung,2,0,2
Actor,Joaquín Ferreira,2,1,1
Actor,Keith Stevenson,2,2,0
Actor,Alexa Kahn,2,1,1
Actor,Alie Ward,2,0,2
Actor,Jenna Elfman,2,2,0
Actor,Hermila Guedes,2,1,1
Actor,Mona Zaki,2,2,0
Actor,Montana Smedley,2,2,0
Actor,Damian Lau,2,2,0
Actor,Milo Ventimiglia,2,1,1
Actor,Alfred Cheung,2,2,0
Actor,Leïla Bekhti,2,1,1
Actor,Greyston Holt,2,1,1
Actor,Adebayo Salami,2,2,0
Actor,Billy Brown,2,1,1
Actor,Jeroen Perceval,2,0,2
Actor,İnan Ulaş Torun,2,2,0
Actor,Shilpa Shetty,2,2,0
Actor,Kohei Miyauchi,2,1,1
Actor,Barış Arduç,2,2,0
Actor,Ashley McGuire,2,1,1
Actor,Amy Acker,2,1,1
Actor,Nicholas Braun,2,2,0
Actor,Lee Jung-eun,2,0,2
Actor,Shanoor Mirza,2,0,2
Actor,Óscar Casas,2,1,1
Actor,Ikranagara,2,2,0
Actor,Ron Canada,2,2,0
Actor,Bob Stephenson,2,1,1
Actor,Jeon Soo-kyeong,2,0,2
Actor,Flula Borg,2,1,1
Actor,Go Ayano,2,2,0
Actor,Mehmet Kurtuluş,2,0,2
Actor,Begüm Kütük,2,2,0
Actor,Amita Suman,2,1,1
Actor,Miriam Odorico,2,2,0
Actor,Antoine Monot Jr.,2,2,0
Actor,Benjamín Alfonso,2,1,1
Actor,Parveen Choudhary,2,2,0
Actor,Beby Tsabina,2,2,0
Actor,Deven Christian Mack,2,0,2
Actor,Amy Margolis,2,0,2
Actor,Sinem Kobal,2,2,0
Actor,Maia Mitchell,2,1,1
Actor,Chris Witaske,2,1,1
Actor,Noor Kadri,2,2,0
Actor,Francisco Bolívar,2,0,2
Actor,Taika Waititi,2,2,0
Actor,Ian Nelson,2,2,0
Actor,Conchata Ferrell,2,2,0
Actor,Alam Khan,2,1,1
Actor,Yanina Ávila,2,2,0
Actor,Seo Ji-hye,2,1,1
Actor,John Witherspoon,2,2,0
Actor,Alexx O'Nell,2,2,0
Actor,Gia Mantegna,2,2,0
Actor,Logan Henderson,2,1,1
Actor,Nína Dögg Filippusdóttir,2,0,2
Actor,Martín Piroyansky,2,0,2
Actor,Anand Tiwari,2,2,0
Actor,Ellar Coltrane,2,2,0
Actor,Antonio Magro,2,2,0
Actor,Paul Wilson,2,2,0
Actor,Roshon Fegan,2,2,0
Actor,Asha Kenyeri Bermudez,2,2,0
Actor,Delnaaz Paul,2,2,0
Actor,Yang Hak Jin,2,0,2
Actor,Manuel Landeta,2,0,2
Actor,Debbie Allen,2,1,1
Actor,Kyung-seok Seo,2,0,2
Actor,Madeline Leon,2,1,1
Actor,Terry Chen,2,2,0
Actor,Arunoday Singh,2,2,0
Actor,Nandu Madhav,2,2,0
Actor,Deto Montenegro,2,2,0
Actor,Diana Bovio,2,1,1
Actor,Yu Jun-sang,2,0,2
Actor,Thomas Guitard,2,0,2
Actor,Moo-Yul Kim,2,1,1
Actor,Anna Moliner,2,0,2
Actor,Giullian Yao Gioiello,2,1,1
Actor,Kosei Hirota,2,2,0
Actor,Kristin Lehman,2,0,2
Actor,Terry O'Quinn,2,2,0
Actor,Beom-su Lee,2,1,1
Actor,Carolyn Hennesy,2,2,0
Actor,Ju Ji-hoon,2,0,2
Actor,Charlie Adler,2,1,1
Actor,Pooch Hall,2,2,0
Actor,Chui Tien-you,2,2,0
Actor,Ally Ioannides,2,1,1
Actor,Guillermo Pfening,2,2,0
Actor,Mario Maurer,2,2,0
Actor,Sunnyi Melles,2,1,1
Actor,Sarah Habel,2,1,1
Actor,Femi Oyeniran,2,2,0
Actor,Rajshri Deshpande,2,2,0
Actor,Nicole Theriault,2,1,1
Actor,Meghna Naidu,2,2,0
Actor,Caitlyn Bairstow,2,0,2
Actor,Yoon Jin-seo,2,1,1
Actor,Charles Fleischer,2,2,0
Actor,Alice Lowe,2,2,0
Actor,Katharine McPhee,2,1,1
Actor,Caner Arçkan,2,2,0
Actor,Anamay Verma,2,2,0
Actor,Andrew Airlie,2,2,0
Actor,Kim So-hyun,2,0,2
Actor,Fionn O'Shea,2,2,0
Actor,Richard Harrington,2,0,2
Actor,Suzanne Snyder,2,2,0
Actor,Ekin Cheng,2,2,0
Actor,Loo Aye Keng,2,0,2
Actor,Brontis Jodorowsky,2,2,0
Actor,Katey Sagal,2,2,0
Actor,Weird Al Yankovic,2,0,2
Actor,Amy Irving,2,2,0
Actor,Florencia Peña,2,1,1
Actor,John Patrick Amedori,2,1,1
Actor,Luke Norris,2,2,0
Actor,Chun Ho-jin,2,0,2
Actor,Rolf Kristian Larsen,2,1,1
Actor,Moshe Kasher,2,1,1
Actor,Jesús Castro,2,0,2
Actor,Dylan Schombing,2,1,1
Actor,Mehmood,2,2,0
Actor,Toko Miura,2,2,0
Actor,Renu Sharda,2,1,1
Actor,Grant Show,2,1,1
Actor,Brandy Norwood,2,1,1
Actor,Michael Pitt,2,2,0
Actor,Ashley Scott,2,1,1
Actor,Francesco Facchinetti,2,0,2
Actor,Ivie Okujaye,2,2,0
Actor,Matheus Nachtergaele,2,2,0
Actor,Anthony Carrigan,2,1,1
Actor,Ibnu Jamil,2,2,0
Actor,Yousef Al Balushi,2,0,2
Actor,Byun Yo-han,2,0,2
Actor,Caroline Goodall,2,2,0
Actor,Jalil Lespert,2,2,0
Actor,Dijon Talton,2,2,0
Actor,Susan Brown,2,1,1
Actor,Aon Korakot Tunkaew,2,0,2
Actor,Choi Won-young,2,0,2
Actor,Adam Hochstetter,2,1,1
Actor,Dan Butler,2,0,2
Actor,Asif Ali,2,2,0
Actor,Carmen Argenziano,2,2,0
Actor,Kishori Balal,2,2,0
Actor,Athiya Shetty,2,2,0
Actor,Felix Sandman,2,0,2
Actor,Naveen Andrews,2,1,1
Actor,Paulina Chávez,2,0,2
Actor,Jess Mendoza,2,2,0
Actor,Arnold Pinnock,2,1,1
Actor,Vella Lovell,2,0,2
Actor,Sal Lopez,2,2,0
Actor,Þorsteinn Bachmann,2,0,2
Actor,Uriel del Toro,2,0,2
Actor,Atikah Suhaime,2,2,0
Actor,Ratchanont Sukpragawp,2,1,1
Actor,Janet Kidder,2,2,0
Actor,Aru Krishansh Verma,2,2,0
Actor,Sam Page,2,2,0
Actor,Ishai Golan,2,1,1
Actor,Ignacia Uribe,2,2,0
Actor,Molly Sims,2,2,0
Actor,Reed Birney,2,2,0
Actor,Gillray Coutinho,2,2,0
Actor,Cihat Tamer,2,1,1
Actor,Dana Davis,2,1,1
Actor,Saul Rubinek,2,2,0
Actor,James Toback,2,2,0
Actor,Brennan Mejia,2,0,2
Actor,Crystal Kay,2,2,0
Actor,Jack Griffo,2,2,0
Actor,Andrea Gómez,2,0,2
Actor,Punam Patel,2,1,1
Actor,Santiago Saez,2,1,1
Actor,Milena Vukotic,2,2,0
Actor,Anne Ratte-Polle,2,0,2
Actor,Rick Warden,2,0,2
Actor,Elizabeth Gillies,2,0,2
Actor,Amrita Bagchi,2,1,1
Actor,Nick Chinlund,2,2,0
Actor,Park Min-young,2,0,2
Actor,Jackie Appiah,2,2,0
Actor,Marina de Tavira,2,1,1
Actor,Mason Davis,2,1,1
Actor,Austin Butler,2,1,1
Actor,Paul W. Downs,2,1,1
Actor,Lorenzo Zurzolo,2,1,1
Actor,Rachel Griffiths,2,2,0
Actor,Salah Abdullah,2,2,0
Actor,Merlin Rose,2,1,1
Actor,Charissa Thompson,2,0,2
Actor,Lin Wei Jun,2,0,2
Actor,Hong Chau,2,2,0
Actor,Jean-Pierre Marielle,2,2,0
Actor,Sudheer Karamana,2,2,0
Actor,Anthony Oseyemi,2,0,2
Actor,Sara Chase,2,2,0
Actor,Mercedes Lambre,2,1,1
Actor,Funlola Aofiyebi,2,2,0
Actor,Eri Sendai,2,0,2
Actor,Yun Yoo-sun,2,0,2
Actor,Nate Torrence,2,2,0
Actor,Ungku Ismail,2,0,2
Actor,Robert Sheehan,2,2,0
Actor,Sebastian Saraceno,2,2,0
Actor,Jane Levy,2,1,1
Actor,Naidra Ayadi,2,1,1
Actor,Jenna Fischer,2,1,1
Actor,Neil Stuke,2,0,2
Actor,Victoria Barabas,2,2,0
Actor,Somlek Sakdikul,2,2,0
Actor,Shreeram Lagoo,2,2,0
Actor,Mohamed Issa,2,0,2
Actor,Denis Podalydès,2,2,0
Actor,Raj Bhansali,2,2,0
Actor,Nathan Arenas,2,1,1
Actor,Antara Mali,2,2,0
Actor,Hans-Uwe Bauer,2,1,1
Actor,Hanna Mangan Lawrence,2,1,1
Actor,Henri-Noël Tabary,2,2,0
Actor,Siddhant Kapoor,2,2,0
Actor,Robert Capron,2,2,0
Actor,Romanus Amuta,2,2,0
Actor,Matt Stone,2,2,0
Actor,Nana Lee,2,0,2
Actor,Kyra Zagorsky,2,1,1
Actor,Murat Yıldırım,2,2,0
Actor,Robert LaSardo,2,2,0
Actor,Abdullah Al-bloshi,2,0,2
Actor,Aadarsh Balakrishna,2,2,0
Actor,Lee Moo-saeng,2,0,2
Actor,Martin Mull,2,2,0
Actor,Brett Rice,2,2,0
Actor,Mariam Bassa,2,2,0
Actor,Nico Antonio,2,2,0
Actor,Paul Riley,2,0,2
Actor,Linas Phillips,2,2,0
Actor,Angel Unigwe,2,2,0
Actor,Gabriel Macht,2,2,0
Actor,Da'Vine Joy Randolph,2,1,1
Actor,Dilip Kumar,2,2,0
Actor,Xiao Xiao Bin,2,0,2
Actor,Luke Gordon,2,1,1
Actor,Swanky JKA,2,2,0
Actor,Gabriel Porras,2,0,2
Actor,Nina Wadia,2,2,0
Actor,Shreya Mehta,2,0,2
Actor,Melani Olivares,2,0,2
Actor,Sam Riegel,2,0,2
Actor,Nikolaj Lie Kaas,2,2,0
Actor,Philip Bosco,2,1,1
Actor,Ryu Hye-young,2,0,2
Actor,Denholm Elliott,2,2,0
Actor,Colin Ford,2,1,1
Actor,Ai Kakuma,2,0,2
Actor,David James Elliott,2,1,1
Actor,Nausicaa Bonnín,2,1,1
Actor,Adam LeFevre,2,2,0
Actor,Julia Duffy,2,2,0
Actor,Mauricio Aspe,2,1,1
Actor,Dewi Irawan,2,2,0
Actor,Keshto Mukherjee,2,2,0
Actor,Chris Brown,2,2,0
Actor,Gabriella Graves,2,1,1
Actor,Carlos Gómez,2,1,1
Actor,Judd Apatow,2,1,1
Actor,Claudia Traisac,2,0,2
Actor,Tiffany Tang,2,0,2
Actor,Nathan Jones,2,2,0
Actor,Shengyi Huang,2,2,0
Actor,Kali Prasad Mukherjee,2,2,0
Actor,Astro,2,2,0
Actor,Aja Naomi King,2,0,2
Actor,Tony Amendola,2,1,1
Actor,Jordan Peele,2,0,2
Actor,Don Harvey,2,2,0
Actor,Maricar Reyes,2,2,0
Actor,Luke Bracey,2,2,0
Actor,Nikki Runeckles,2,1,1
Actor,Lizzie Brocheré,2,0,2
Actor,Kim Ga-eun,2,0,2
Actor,Avery Whitted,2,2,0
Actor,Santiago Torres,2,1,1
Actor,Alexis Cruz,2,2,0
Actor,David So,2,1,1
Actor,Sophie Simnett,2,1,1
Actor,Ahmed Zaki,2,2,0
Actor,Khaled Kamal,2,1,1
Actor,Adetokumboh M'Cormack,2,1,1
Actor,Meltem Yılmazkaya,2,2,0
Actor,Dick Van Dyke,2,2,0
Actor,Shigeru Ushiyama,2,1,1
Actor,Macintyre Dixon,2,2,0
Actor,Sienna Guillory,2,2,0
Actor,Nina Foch,2,1,1
Actor,Colin Hanks,2,1,1
Actor,Hannah Vandenbygaart,2,1,1
Actor,Alistair Petrie,2,1,1
Actor,Kate Box,2,1,1
Actor,Roisin Conaty,2,1,1
Actor,Peter Schneider,2,2,0
Actor,Al Roker,2,2,0
Actor,Aimee Carrero,2,0,2
Actor,Jessamine-Bliss Bell,2,2,0
Actor,Mark Kelly,2,2,0
Actor,Chen Hanwei,2,0,2
Actor,RonReaco Lee,2,1,1
Actor,Lisa Ortiz,2,0,2
Actor,Hiromichi Tezuka,2,0,2
Actor,Emilie Cocquerel,2,0,2
Actor,Eamon Brennan,2,1,1
Actor,Pia Mia,2,2,0
Actor,Sutton Foster,2,1,1
Actor,Jacob Vargas,2,1,1
Actor,Anindya Banerjee,2,2,0
Actor,Iván Pellicer,2,1,1
Actor,Giorgia Whigham,2,2,0
Actor,Seema G. Nair,2,2,0
Actor,Mai Fuchigami,2,1,1
Actor,Devon Werkheiser,2,2,0
Actor,Lei Jiayin,2,2,0
Actor,Lisa Fuson,2,1,1
Actor,Blair Strang,2,1,1
Actor,Grace Passô,2,0,2
Actor,Robbie Gee,2,1,1
Actor,Mía Maestro,2,2,0
Actor,Gen Hoshino,2,2,0
Actor,Kyle Rideout,2,0,2
Actor,Jason Blicker,2,2,0
Actor,Krysta Rodriguez,2,0,2
Actor,Liza Koshy,2,2,0
Actor,Amanda Cerny,2,2,0
Actor,Noel Clarke,2,2,0
Actor,Emjay Anthony,2,2,0
Actor,Hugh Skinner,2,0,2
Actor,Maki Tsuruta,2,1,1
Actor,Brian Gleeson,2,1,1
Actor,Ahmed Malek,2,2,0
Actor,Louis Gossett Jr.,2,2,0
Actor,Clarence Delgado,2,2,0
Actor,Seun Ajayi,2,2,0
Actor,Emma Galvin,2,1,1
Actor,Ruby Jerins,2,1,1
Actor,Killer Mike,2,1,1
Actor,Mirai Shida,2,1,1
Actor,Leo Wu,2,2,0
Actor,Louis Hobson,2,2,0
Actor,Gary Busey,2,2,0
Actor,Ashleigh Murray,2,1,1
Actor,Ben Pronsky,2,1,1
Actor,Kentaro Kumagai,2,0,2
Actor,Christian Brassington,2,2,0
Actor,Bassel Khayyat,2,0,2
Actor,Andrew Francis,2,0,2
Actor,Ossie Davis,2,2,0
Actor,Tim Kelleher,2,2,0
Actor,Anna Shaffer,2,1,1
Actor,Jake Picking,2,1,1
Actor,Natalie Krill,2,1,1
Actor,Mahavir Bhullar,2,2,0
Actor,David Thornton,2,2,0
Actor,Serge Houde,2,2,0
Actor,Jill Flint,2,0,2
Actor,Ben Wu,2,0,2
Actor,Park Sung-woong,2,1,1
Actor,Luis de Icaza,2,2,0
Actor,Rajesh Shringarpure,2,2,0
Actor,Joseph Fiennes,2,1,1
Actor,Paloma Bernardi,2,1,1
Actor,Alexandra Shipp,2,2,0
Actor,Pom Klementieff,2,2,0
Actor,Gralen Bryant Banks,2,2,0
Actor,Richard Webber,2,0,2
Actor,Vikramjeet Virk,2,1,1
Actor,Barbara Garrick,2,0,2
Actor,Erdal Beşikçioğlu,2,0,2
Actor,Toru Sakurai,2,1,1
Actor,Mika Boorem,2,2,0
Actor,Joel Dommett,2,1,1
Actor,Emily Beecham,2,1,1
Actor,Ncuti Gatwa,2,1,1
Actor,Gavin Mitchell,2,0,2
Actor,Alex Ozerov,2,1,1
Actor,Jon Reep,2,2,0
Actor,Dusan Brown,2,2,0
Actor,Mel Miller,2,2,0
Actor,Thomas F. Wilson,2,2,0
Actor,Damian Lewis,2,2,0
Actor,Sham Ka Ki,2,1,1
Actor,Asante Blackk,2,0,2
Actor,Charlotte Rampling,2,0,2
Actor,Peppino Mazzotta,2,1,1
Actor,Agyness Deyn,2,2,0
Actor,Sommore,2,2,0
Actor,Victoire Du Bois,2,1,1
Actor,Alyssa Diaz,2,1,1
Actor,Lucas Grabeel,2,1,1
Actor,Steve Little,2,0,2
Actor,Hafþór Júlíus Björnsson,2,2,0
Actor,Thomas Doret,2,1,1
Actor,Max Riemelt,2,1,1
Actor,Ronda Rousey,2,2,0
Actor,Ruby Wong,2,2,0
Actor,Usha Naik,2,2,0
Actor,Michael Dorn,2,0,2
Actor,Tiffany Smith,2,0,2
Actor,Jay Walker,2,2,0
Actor,Peter Andersson,2,2,0
Actor,Mark Cuban,2,1,1
Actor,Txell Aixendri,2,2,0
Actor,Kim Chiu,2,2,0
Actor,Burcu Kara,2,2,0
Actor,Andrea Pennacchi,2,2,0
Actor,Gabe Khouth,2,1,1
Actor,Matt Besser,2,1,1
Actor,Noah Lomax,2,2,0
Actor,Tiger Shroff,2,2,0
Actor,Timmy Hung,2,2,0
Actor,Andrew Lincoln,2,1,1
Actor,Catherine Bell,2,1,1
Actor,Cecilia Roth,2,1,1
Actor,Oriana Sabatini,2,1,1
Actor,Linzey Cocker,2,1,1
Actor,Sara Ramirez,2,0,2
Actor,Thaddea Graham,2,0,2
Actor,Fran Kranz,2,2,0
Actor,Pej Vahdat,2,1,1
Actor,Bridget Moynahan,2,2,0
Actor,Jolin Chien,2,0,2
Actor,James Landry Hébert,2,1,1
Actor,Jose Pablo Cantillo,2,1,1
Actor,Stephanie Szostak,2,2,0
Actor,Bryan Fogel,2,2,0
Actor,Lee Min-ki,2,0,2
Actor,Anil Nedumangad,2,2,0
Actor,Abel Folk,2,0,2
Actor,Mike O'Malley,2,2,0
Actor,Adrian Edmondson,2,1,1
Actor,Teoman Kumbaracıbaşı,2,0,2
Actor,Diogo Morgado,2,1,1
Actor,Son Ye-jin,2,0,2
Actor,Jacob Ewaniuk,2,0,2
Actor,Roopesh Kumar,2,2,0
Actor,Song Hye-kyo,2,1,1
Actor,Anajosé Aldrete,2,2,0
Actor,Koena Mitra,2,2,0
Actor,Perla Haney-Jardine,2,2,0
Actor,Colin Donnell,2,1,1
Actor,Aldo Tansani,2,2,0
Actor,Bill Thomas,2,2,0
Actor,Charlie Plummer,2,2,0
Actor,Suzuko Mimori,2,0,2
Actor,Kate Capshaw,2,2,0
Actor,Emily Barclay,2,1,1
Actor,Aida Turturro,2,2,0
Actor,John Álex Toro,2,1,1
Actor,Tyrel Jackson Williams,2,2,0
Actor,Manju Singh,2,2,0
Actor,David Schofield,2,1,1
Actor,Gayathrie,2,2,0
Actor,Laurie Holden,2,1,1
Actor,Txema Blasco,2,2,0
Actor,Gordon MacDonald,2,2,0
Actor,Moisés Arizmendi,2,2,0
Actor,Kemal Pahlevi,2,2,0
Actor,Andy Beckwith,2,2,0
Actor,Manchu Lakshmi,2,1,1
Actor,Ernest Prakasa,2,1,1
Actor,Hattaya Wongkrachang,2,1,1
Actor,Subhash Ghai,2,2,0
Actor,Allan Mustafa,2,1,1
Actor,Jhong Hilario,2,2,0
Actor,Freddy Beltrán,2,1,1
Actor,Ginger Gonzaga,2,1,1
Actor,Manu NNa,2,1,1
Actor,Kotori Koiwai,2,0,2
Actor,Brighton Sharbino,2,2,0
Actor,Madhushan Singh,2,2,0
Actor,Cleo Pires,2,2,0
Actor,Black Pandi,2,2,0
Actor,Megumi Toyoguchi,2,0,2
Actor,Eduardo Moscovis,2,1,1
Actor,Brianne Moncrief,2,2,0
Actor,Meenakshi Sheshadri,2,2,0
Actor,Tiffani Thiessen,2,0,2
Actor,Nahanni Mitchell,2,1,1
Actor,Julieta Zylberberg,2,1,1
Actor,Regina Pavón,2,0,2
Actor,Bianca Comparato,2,1,1
Actor,Anna Fialová,2,2,0
Actor,Shahad Alahmari,2,1,1
Actor,Sara Paxton,2,2,0
Actor,Charlet Chung,2,0,2
Actor,Troy Iwata,2,1,1
Actor,Louis-José Houde,2,1,1
Actor,Andy Buckley,2,2,0
Actor,Douglas Tait,2,2,0
Actor,Yumiko Kobayashi,2,0,2
Actor,Dina Talaat,2,0,2
Actor,Gene Wilder,2,2,0
Actor,Sabrina Bartlett,2,0,2
Actor,Raditya Dika,2,2,0
Actor,Kyle Gallner,2,2,0
Actor,Emily Rudd,2,2,0
Actor,Nivedhithaa Sathish,2,2,0
Actor,Sucheta Khanna,2,2,0
Actor,Anna Brewster,2,1,1
Actor,Aisha Tyler,2,2,0
Actor,Sarah Lind,2,2,0
Actor,Tim Abell,2,2,0
Actor,Hugo Stiglitz,2,1,1
Actor,Kanchan Mullick,2,2,0
Actor,Ayisha Issa,2,2,0
Actor,Hafsia Herzi,2,2,0
Actor,Larry the Cable Guy,2,2,0
Actor,Luca Padovan,2,0,2
Actor,Song Jong-ho,2,0,2
Actor,Jasmine Suraya,2,1,1
Actor,Caleel Harris,2,1,1
Actor,María León,2,2,0
Actor,Wesley Guimarães,2,0,2
Actor,Julia Wieniawa-Narkiewicz,2,2,0
Actor,Farrukh Jaffar,2,2,0
Actor,Yohei Azakami,2,0,2
Actor,Issey Takahashi,2,2,0
Actor,Papangkorn Lerkchaleampote,2,0,2
Actor,Spencer Breslin,2,2,0
Actor,Nagma,2,2,0
Actor,Jerry Minor,2,1,1
Actor,Jane Singer,2,2,0
Actor,Eduardo Blanco,2,0,2
Actor,Koobeshan Naidoo,2,2,0
Actor,Sarah Wright,2,2,0
Actor,Srinivas Avasarala,2,1,1
Actor,Wan Sharmila,2,0,2
Actor,Cian Barry,2,0,2
Actor,Johnny Lewis,2,2,0
Actor,Stephanie Lemelin,2,0,2
Actor,Ryan Lee,2,1,1
Actor,Lucas Velázquez,2,1,1
Actor,Luna Wedler,2,1,1
Actor,Germán Bracco,2,1,1
Actor,Indira Varma,2,1,1
Actor,Sonal Sehgal,2,2,0
Actor,Paul Sun-Hyung Lee,2,0,2
Actor,Jimmy O. Yang,2,1,1
Actor,Luo Jin,2,0,2
Actor,Stephen Mangan,2,1,1
Actor,Rachel Staman,2,2,0
Actor,Charlie Dizon,2,2,0
Actor,Patch Darragh,2,1,1
Actor,Alex Saxon,2,1,1
Actor,Nitish Pandey,2,2,0
Actor,Jack Davenport,2,2,0
Actor,Dennis Rodman,2,0,2
Actor,Kellita Smith,2,1,1
Actor,Mitsuo Iwata,2,0,2
Actor,Allison Paige,2,2,0
Actor,Dominique Swain,2,2,0
Actor,Saffron Burrows,2,2,0
Actor,Mary Lambert,2,1,1
Actor,Samuel Ku,2,2,0
Actor,Charlotte Newhouse,2,1,1
Actor,Anders Holm,2,1,1
Actor,Ben Rosenfield,2,1,1
Actor,Linda Ballantyne,2,0,2
Actor,Meng-sheng Shen,2,0,2
Actor,William Allen Young,2,1,1
Actor,Thure Lindhardt,2,2,0
Actor,Midori Francis,2,1,1
Actor,Shayan Munshi,2,2,0
Actor,Jackie Cruz,2,1,1
Actor,Priyanka Sarkar,2,2,0
Actor,Aranya Kaur,2,0,2
Actor,Hannah Van Der Westhuysen,2,1,1
Actor,Mohammed El Sadaany,2,2,0
Actor,Pat Kinevane,2,2,0
Actor,Chloe Marsden,2,0,2
Actor,Winston Chao,2,2,0
Actor,Bryn McAuley,2,0,2
Actor,Rey Bong,2,2,0
Actor,Om Prakash,2,2,0
Actor,Chimezie Imo,2,2,0
Actor,Clé Bennett,2,0,2
Actor,Eric Winter,2,2,0
Actor,Harry Chaskin,2,1,1
Actor,Albin Grenholm,2,1,1
Actor,Carlos Valencia,2,0,2
Actor,James Le Gros,2,2,0
Actor,Chang Ting-hu,2,1,1
Actor,Teresa Daley,2,0,2
Actor,Aksel Bonfil,2,2,0
Actor,Guillermo Dorantes,2,0,2
Actor,Christopher Berry,2,2,0
Actor,Luis De La Rosa,2,2,0
Actor,Whip Hubley,2,2,0
Actor,Archie Kao,2,0,2
Actor,Riddhi Sen,2,2,0
Actor,Alondra Hidalgo,2,0,2
Actor,Coco Jones,2,2,0
Actor,Keith Lucas,2,1,1
Actor,Larry Wilmore,2,1,1
Actor,Brendan Mullins,2,2,0
Actor,Alicia Coppola,2,1,1
Actor,Steven Cree,2,2,0
Actor,Köksal Engür,2,1,1
Actor,Tripti Dimri,2,2,0
Actor,Shweta Bhardwaj,2,2,0
Actor,Mehmood Aslam,2,1,1
Actor,Steve Austin,2,2,0
Actor,Patrick Catalifo,2,2,0
Actor,Iwan Rheon,2,2,0
Actor,Darryl Quon,2,2,0
Actor,Huub Stapel,2,2,0
Actor,Ringo Starr,2,2,0
Actor,Park Ji-young,2,0,2
Actor,Leandro Ramos,2,1,1
Actor,Nicholas Galitzine,2,1,1
Actor,Edison Wang,2,0,2
Actor,Ian Fang,2,0,2
Actor,Jay Klaitz,2,2,0
Actor,Yvette Wilson,2,0,2
Actor,Sammir Dattani,2,2,0
Actor,Shishir Sharma,2,2,0
Actor,Luisa Gavasa,2,2,0
Actor,Kobina Amissah Sam,2,2,0
Actor,Kay Bess,2,2,0
Actor,Sarah Wayne Callies,2,1,1
Actor,David Menkin,2,2,0
Actor,Braeden Lemasters,2,2,0
Actor,Joel David Moore,2,2,0
Actor,Simon Merrells,2,0,2
Actor,Rahart Adams,2,2,0
Actor,Michole Briana White,2,2,0
Actor,Josh Stewart,2,2,0
Actor,Catherine Taber,2,1,1
Actor,Kasi Lemmons,2,1,1
Actor,Adel Karam,2,1,1
Actor,Kevin Sussman,2,1,1
Actor,Enissa Amani,2,1,1
Actor,Mark Adair-Rios,2,2,0
Actor,Alessio Scalzotto,2,2,0
Actor,Iman,2,2,0
Actor,Christoffer Nelwan,2,2,0
Actor,Mandeep Dhillon,2,1,1
Actor,Rick Ducommun,2,2,0
Actor,Friedrich von Thun,2,2,0
Actor,Son Ho-jun,2,0,2
Actor,Andrew Sachs,2,2,0
Actor,Ryan Gaul,2,1,1
Actor,Müjde Uzman,2,1,1
Actor,Maite Sandoval,2,2,0
Actor,Kim Byung-ok,2,1,1
Actor,John McEnroe,2,1,1
Actor,Denis Leary,2,2,0
Actor,Adam Lambert,2,1,1
Actor,Yani Gellman,2,2,0
Actor,Kazuki Kitamura,2,2,0
Actor,Pete Edochie,2,2,0
Actor,Michael Aloni,2,0,2
Actor,Alfonso Tort,2,1,1
Actor,Jett Klyne,2,2,0
Actor,Kiefer Sutherland,2,0,2
Actor,Willow Shields,2,0,2
Actor,Craig Hall,2,2,0
Actor,Diana Acevedo,2,0,2
Actor,Park Hae-Jin,2,0,2
Actor,Issei Futamata,2,0,2
Actor,Roy Scheider,2,2,0
Actor,Axel Arenas,2,1,1
Actor,Austin St. John,2,0,2
Actor,Duane Martin,2,2,0
Actor,Mark Rylance,2,2,0
Actor,Jeffrey Kramer,2,2,0
Actor,Noureen DeWulf,2,2,0
Actor,Javier Godino,2,2,0
Actor,Amrita Arora,2,2,0
Actor,Martha Scott,2,2,0
Actor,Lee Jong-suk,2,0,2
Actor,Kimlinh Tran,2,0,2
Actor,Hilda Dokubo,2,2,0
Actor,Clementina Guadarrama,2,0,2
Actor,Luis Arrieta,2,2,0
Actor,Julia Jones,2,2,0
Actor,Joel Basman,2,2,0
Actor,Rambha,2,2,0
Actor,Cesar Montano,2,2,0
Actor,Jack Farthing,2,2,0
Actor,Natsuki Kawamura,2,1,1
Actor,Florencia Lozano,2,1,1
Actor,Julián Beltrán,2,0,2
Actor,Nancy Travis,2,1,1
Actor,Alanna Masterson,2,1,1
Actor,Kim Chang-wan,2,0,2
Actor,Mahmoud Ellisy,2,2,0
Actor,David Milchard,2,2,0
Actor,Isabelle Adjani,2,1,1
Actor,Yu Chenghui,2,1,1
Actor,Ianis Guerrero,2,0,2
Actor,Amanda Abbington,2,1,1
Actor,Eddie Garcia,2,2,0
Actor,Ciara Alexys,2,0,2
Actor,Faten Hamama,2,2,0
Actor,Cynthia Smith,2,2,0
Actor,Timon Kyle Durrett,2,2,0
Actor,Bella Dayne,2,0,2
Actor,Devin Druid,2,1,1
Actor,Pavail Gulati,2,2,0
Actor,Gustavo Egelhaaf,2,1,1
Actor,Matt Mercurio,2,1,1
Actor,Julie Dray,2,1,1
Actor,Celeste Dring,2,0,2
Actor,Ana Claudia Talancón,2,1,1
Actor,Craig Stott,2,2,0
Actor,Rosemary Shrager,2,0,2
Actor,Mehcad Brooks,2,1,1
Actor,Justin Bruening,2,1,1
Actor,Kyla Pratt,2,1,1
Actor,Bryshere Gray,2,2,0
Actor,Devin Ratray,2,2,0
Actor,Antonio Resines,2,2,0
Actor,Guillermo Díaz,2,0,2
Actor,Abdulmohsen Al-Qaffas,2,1,1
Actor,Ravil Isyanov,2,2,0
Actor,Jim Ward,2,2,0
Actor,Shawar Ali,2,2,0
Actor,Andrea Savage,2,1,1
Actor,Germán Palacios,2,1,1
Actor,Don Knotts,2,1,1
Actor,Kim Rhodes,2,2,0
Actor,Jayaram,2,2,0
Actor,Jackie Loeb,2,1,1
Actor,Ian Somerhalder,2,0,2
Actor,J.J. Soria,2,1,1
Actor,Jeon Yeo-been,2,1,1
Actor,Cathy Moriarty,2,2,0
Actor,Kim Min-jae,2,1,1
Actor,Joey Kern,2,2,0
Actor,Riham Ayman,2,2,0
Actor,Pedro de Tavira Egurrola,2,0,2
Actor,John Diehl,2,2,0
Actor,Gi-du Kim,2,0,2
Actor,Nadine Nassib Njeim,2,0,2
Actor,Pablo Derqui,2,1,1
Actor,Vibhawari Deshpande,2,2,0
Actor,Prayaga Martin,2,1,1
Actor,Shin Mina,2,0,2
Actor,Wang Duo,2,1,1
Actor,Jacob Wysocki,2,2,0
Actor,Fat Joe,2,2,0
Actor,Clemens Schick,2,2,0
Actor,Christopher Shyer,2,1,1
Actor,Andrés Palacios,2,0,2
Actor,DMX,2,2,0
Actor,Adam Rothenberg,2,1,1
Actor,Lakshmi Priyaa Chandramouli,2,2,0
Actor,Akram Hosny,2,2,0
Actor,Chantavit Dhanasevi,2,2,0
Actor,Todd Barry,2,2,0
Actor,Perfume,2,2,0
Actor,Herizen Guardiola,2,0,2
Actor,Zoë Chao,2,1,1
Actor,Manuel Garcia-Rulfo,2,2,0
Actor,Allu Arjun,2,2,0
Actor,Bobby Dou,2,0,2
Actor,Sean Giambrone,2,1,1
Actor,Greta Scacchi,2,1,1
Actor,Andrea Tenuta,2,2,0
Actor,Nicholas Day,2,0,2
Actor,Jeffrey Tam,2,2,0
Actor,Mike White,2,2,0
Actor,Eric Nenninger,2,0,2
Actor,Tomomi Maruyama,2,0,2
Actor,Kang Tae-oh,2,0,2
Actor,Christine Dye,2,2,0
Actor,Carolina Sepúlveda,2,0,2
Actor,Gargi Datar,2,2,0
Actor,Jessica Williams,2,1,1
Actor,Cheng Ko,2,1,1
Actor,David Herman,2,0,2
Actor,Vijay Kumar,2,2,0
Actor,Anne Azoulay,2,0,2
Actor,Paul Wight,2,0,2
Actor,Matt Nable,2,2,0
Actor,Kuo Shu-yao,2,1,1
Actor,Shim Hyoung-tak,2,0,2
Actor,Hugo Chandor,2,0,2
Actor,Camille Cottin,2,1,1
Actor,Pat Musick,2,2,0
Actor,Bobby Andrews,2,2,0
Actor,Cameron Seely,2,2,0
Actor,Leonard Nimoy,2,2,0
Actor,Cindy Mahlangu,2,0,2
Actor,Jack Riley,2,2,0
Actor,"D.J. ""Shangela"" Pierce",2,2,0
Actor,Aditya Lakhia,2,2,0
Actor,Julie Hagerty,2,2,0
Actor,Kimie Tsukakoshi,2,1,1
Actor,So Joo-yeon,2,0,2
Actor,Theodore Barnes,2,1,1
Actor,Winston Duke,2,2,0
Actor,Joshua Graham,2,0,2
Actor,Tiriel Mora,2,2,0
Actor,Sinbad,2,2,0
Actor,Nada Moussa,2,1,1
Actor,Abdulhussain Abdulredah,2,2,0
Actor,Nick Robinson,2,2,0
Actor,Chen Bor Jeng,2,0,2
Actor,Go Inoue,2,0,2
Actor,Varun Thakur,2,0,2
Actor,James Adomian,2,0,2
Actor,Johannah Newmarch,2,2,0
Actor,Kinda Allouch,2,2,0
Actor,Kagiso Lediga,2,2,0
Actor,Stephen Amell,2,1,1
Actor,Rocío Verdejo,2,1,1
Actor,Tony Dalton,2,1,1
Actor,Badih Abou Chakra,2,2,0
Actor,Barry Otto,2,2,0
Actor,Jeff Perry,2,0,2
Actor,Kei Tanaka,2,0,2
Actor,Tom Payne,2,2,0
Actor,Laura Carmichael,2,0,2
Actor,Maddie Evans,2,0,2
Actor,Bushra,2,1,1
Actor,Morgan Oey,2,1,1
Actor,Aaron McCusker,2,2,0
Actor,Xavier Samuel,2,2,0
Actor,Steve Howey,2,1,1
Actor,Audrey Tautou,2,2,0
Actor,Lee Jun-hyeok,2,0,2
Actor,Ethan Peck,2,2,0
Actor,Marina Foïs,2,2,0
Actor,Daniel Ewing,2,1,1
Actor,Ron Cephas Jones,2,1,1
Actor,Mike Judge,2,2,0
Actor,Jason Tsou,2,0,2
Actor,Marian Saastad Ottesen,2,0,2
Actor,Nikki Hsin-Ying Hsieh,2,0,2
Actor,Anita Kravos,2,2,0
Actor,Andrew Garfield,2,2,0
Actor,Ayten Uncuoğlu,2,2,0
Actor,Trystan Pütter,2,1,1
Actor,Anupama Kumar,2,2,0
Actor,Oscar Cheda,2,0,2
Actor,Sarah Levy,2,1,1
Actor,Creed Bratton,2,1,1
Actor,John Ennis,2,1,1
Actor,Gastón Pauls,2,2,0
Actor,David Del Rio,2,1,1
Actor,Natalie Eva Marie,2,2,0
Actor,Hwang Bo-ra,2,0,2
Actor,Maliq Johnson,2,1,1
Actor,Ali Almarzouqi,2,2,0
Actor,Chelsey Reist,2,1,1
Actor,Michael Imperioli,2,2,0
Actor,Vincenzo Amato,2,2,0
Actor,Gastón Ricaud,2,1,1
Actor,Sasson Gabai,2,1,1
Actor,Dylan Wang,2,0,2
Actor,Grant Gustin,2,1,1
Actor,Zulay Henao,2,2,0
Actor,Malena Pichot,2,2,0
Actor,Tomohiro Kamiyama,2,0,2
Actor,Tajja Isen,2,0,2
Actor,Juan Manuel Restrepo,2,0,2
Actor,KC Montero,2,2,0
Actor,Charlotte Beaumont,2,1,1
Actor,Neil Innes,2,2,0
Actor,Echo Kellum,2,1,1
Actor,Michela Cescon,2,1,1
Actor,Jessica Walter,2,1,1
Actor,Neta Riskin,2,1,1
Actor,JC Santos,2,2,0
Actor,Adrian Hough,2,1,1
Actor,Sunny Pang,2,2,0
Actor,O.J. Simpson,2,2,0
Actor,Lee Byung-hun,2,0,2
Actor,Lim Ju-hwan,2,0,2
Actor,Noah Emmerich,2,1,1
Actor,Yukino Kishii,2,2,0
Actor,Chris Coppola,2,2,0
Actor,Pooja Punjabi,2,1,1
Actor,Sharad Ponkshe,2,2,0
Actor,Bhagyashree,2,2,0
Actor,Richard Rankin,2,0,2
Actor,Deepak Shirke,2,2,0
Actor,Nick Wolfhard,2,1,1
Actor,Wong Jing,2,2,0
Actor,Suparna Marwah,2,1,1
Actor,David Belle,2,2,0
Actor,Fiona Shaw,2,2,0
Actor,Busy Philipps,2,1,1
Actor,Gaby Espino,2,1,1
Actor,Supriya Joshi,2,0,2
Actor,Emma Bading,2,2,0
Actor,Deborah Van Valkenburgh,2,2,0
Actor,Matthew Maher,2,2,0
Actor,Tessa Ia,2,1,1
Actor,Ahron Villena,2,2,0
Actor,Salloum Haddad,2,1,1
Actor,Jeremy Allen White,2,1,1
Actor,Tomoya Nakamura,2,0,2
Actor,Dan Payne,2,2,0
Actor,Alex MacNicoll,2,1,1
Actor,Ahn Bo-hyun,2,0,2
Actor,Kenn,2,0,2
Actor,Malena Sánchez,2,2,0
Actor,Ryan Eggold,2,1,1
Actor,Tara Lynne Barr,2,1,1
Actor,Raymond Cruz,2,2,0
Actor,Raquel Cassidy,2,0,2
Actor,Jessica Bell,2,0,2
Actor,Inthira Charoenpura,2,1,1
Actor,Luisa Ranieri,2,2,0
Actor,Ariane Labed,2,2,0
Actor,Ziad Rahbani,2,2,0
Actor,Elaine Stritch,2,2,0
Actor,Kim Young-ok,2,0,2
Actor,Tom Hopper,2,2,0
Actor,Punit Pathak,2,2,0
Actor,Carlos Blanco,2,0,2
Actor,Meral Çetinkaya,2,1,1
Actor,Matthew Knight,2,1,1
Actor,Brooke Elliott,2,0,2
Actor,Marc Warren,2,0,2
Actor,Denis Ménochet,2,1,1
Actor,Tae-hwan Kang,2,0,2
Actor,Chanon Santinatornkul,2,1,1
Actor,Sarah Lancashire,2,0,2
Actor,Momona Tamada,2,1,1
Actor,Nathalie Emmanuel,2,1,1
Actor,Lisa Vicari,2,1,1
Actor,Kendo Kobayashi,2,2,0
Actor,Anthony Johnson,2,2,0
Actor,Youssef Fawzy,2,2,0
Actor,Shauna MacDonald,2,2,0
Actor,Ed O'Neill,2,2,0
Actor,Samara Weaving,2,1,1
Actor,Hong Hui Fang,2,0,2
Actor,Sarah Grey,2,1,1
Actor,Lonnie Chavis,2,2,0
Actor,Lucas Balmaceda,2,1,1
Actor,Jason Brokerss,2,0,2
Actor,Adrian Lester,2,1,1
Actor,Arun Kumar,2,1,1
Actor,Joan Plowright,2,2,0
Actor,Babak Karimi,2,2,0
Actor,Aaron Himelstein,2,1,1
Actor,Celina Jade,2,2,0
Actor,Dalila Bela,2,1,1
Actor,Mira Filzah,2,1,1
Actor,Yoshiko Sakakibara,2,1,1
Actor,Ricky Martin,2,1,1
Actor,Mackenzie Sol,2,2,0
Actor,Rodrigo Santoro,2,2,0
Actor,Marisa Ryan,2,0,2
Actor,Amy Handley,2,2,0
Actor,Andy Abbott,2,1,1
Actor,Lane Garrison,2,2,0
Actor,Ni Ni,2,1,1
Actor,Ayça Eren,2,0,2
Actor,Ralphie May,2,2,0
Actor,Dorra Zarrouk,2,1,1
Actor,Rodger Bumpass,2,2,0
Actor,Sophie Cookson,2,1,1
Actor,Clotilde Mollet,2,2,0
Actor,María Esnoz,2,0,2
Actor,Alice Belaïdi,2,2,0
Actor,Amalia Williamson,2,1,1
Actor,Anderson Silva,2,0,2
Actor,Hamdy Gheith,2,2,0
Actor,Huub Smit,2,1,1
Actor,Ikumi Nakagami,2,1,1
Actor,Haley Webb,2,2,0
Actor,Sri Lakshmi,2,2,0
Actor,Hera Hilmar,2,2,0
Actor,Jaime Winstone,2,1,1
Actor,Focus Jirakul,2,0,2
Actor,Nadine Marshall,2,1,1
Actor,Martyn Ford,2,2,0
Actor,Bidita Bag,2,1,1
Actor,Willy Semler,2,1,1
Actor,Zach Woods,2,2,0
Actor,Shinji Kawada,2,2,0
Actor,Bradley James,2,0,2
Actor,Kelli Berglund,2,2,0
Actor,Björn Thors,2,0,2
Actor,Prisia Nasution,2,2,0
Actor,Alban Lenoir,2,1,1
Actor,Demi Lovato,2,2,0
Actor,Olivia d'Abo,2,2,0
Actor,Vijay Nikam,2,2,0
Actor,Karima Gouit,2,2,0
Actor,Danny Wayne,2,0,2
Actor,Mouni Roy,2,2,0
Actor,Taylor Richardson,2,2,0
Actor,Frank Lammers,2,1,1
Actor,Secunda Wood,2,0,2
Actor,Courtney Love,2,2,0
Actor,Jerry Stiller,2,2,0
Actor,Amit Shah,2,1,1
Actor,Jason Newman,2,2,0
Actor,Osman Alkaş,2,2,0
Actor,Courtney Halverson,2,2,0
Actor,Marthino Lio,2,2,0
Actor,David Faustino,2,1,1
Actor,Arnulfo Reyes Sanchez,2,1,1
Actor,Robin Bartlett,2,2,0
Actor,Claudia Ferri,2,1,1
Actor,Lucien Jean-Baptiste,2,2,0
Actor,Yolonda Ross,2,2,0
Actor,Zhang He,2,2,0
Actor,Fanny Bloc,2,0,2
Actor,Talia Pura,2,2,0
Actor,Prashantt Guptha,2,2,0
Actor,Tom Wu,2,1,1
Actor,Tristán Ulloa,2,0,2
Actor,Maggie Geha,2,0,2
Actor,Alex Ekubo,2,2,0
Actor,Ava DuVernay,2,2,0
Actor,Kiersey Clemons,2,1,1
Actor,Blake Jenner,2,1,1
Actor,Oviya,2,2,0
Actor,Bill Oberst Jr.,2,2,0
Actor,Son Suk-ku,2,0,2
Actor,Christian McKay,2,2,0
Actor,Susan Leong,2,1,1
Actor,Nazeem Hussain,2,0,2
Actor,Ady An,2,0,2
Actor,Ori Pfeffer,2,2,0
Actor,Robert Taylor,2,0,2
Actor,Sandeep Parikh,2,0,2
Actor,Simon Russell Beale,2,2,0
Actor,Damien Garvey,2,1,1
Actor,Landung Simatupang,2,2,0
Actor,Bérénice Marlohe,2,2,0
Actor,Chien Sun,2,2,0
Actor,Jimmy Castro,2,2,0
Actor,Kristin Fairlie,2,0,2
Actor,Chae Soo-bin,2,1,1
Actor,Laurence Fox,2,1,1
Actor,Amrita Acharia,2,2,0
Actor,Jacob Rolfe,2,1,1
Actor,Micheal Ward,2,0,2
Actor,María José Vargas,2,0,2
Actor,Mallika Dua,2,1,1
Actor,Lindsay Sloane,2,2,0
Actor,Troy Garity,2,1,1
Actor,Arnar Jónsson,2,1,1
Actor,Feroz Khan,2,2,0
Actor,Majo Chicar,2,1,1
Actor,Lee Si-eon,2,0,2
Actor,Samantha Morton,2,2,0
Actor,Sudha Shivpuri,2,2,0
Actor,Norma Nivia,2,1,1
Actor,Marco Pigossi,2,0,2
Actor,Khaled Saleh,2,2,0
Actor,Sierra McCormick,2,2,0
Actor,Peter Oldring,2,0,2
Actor,Tyler Jacob Moore,2,2,0
Actor,Chloe Coleman,2,2,0
Actor,Brian Huskey,2,1,1
Actor,Natali Yura,2,2,0
Actor,Paris Hilton,2,1,1
Actor,Udoka Oyeka,2,2,0
Actor,Umut Kurt,2,1,1
Actor,Elizabeth Berkley,2,1,1
Actor,Shuntaro Yanagi,2,0,2
Actor,Derek Phillips,2,0,2
Actor,Yash Tonk,2,2,0
Actor,Wi Ha-jun,2,0,2
Actor,Clark Gregg,2,1,1
Actor,Mabel Cadena,2,2,0
Actor,Marlon Moreno,2,1,1
Actor,Morgan Neundorf,2,1,1
Actor,Wayne Forester,2,1,1
Actor,Zygmunt Zintel,2,2,0
Actor,Roy Haylock,2,2,0
Actor,Chidi Ajufo,2,2,0
Actor,Karen Young,2,2,0
Actor,Mahima Nambiar,2,2,0
Actor,Dayo Okeniyi,2,2,0
Actor,Khiyla Aynne,2,1,1
Actor,Harry Shearer,2,2,0
Actor,Charlie Saxton,2,1,1
Actor,Anastasia Baranova,2,1,1
Actor,Nasim Pedrad,2,2,0
Actor,Kelechi Udegbe,2,2,0
Actor,Esin Eden,2,2,0
Actor,Kenneth Branagh,2,2,0
Actor,Lee Da-wit,2,1,1
Actor,Jung Eugene,2,1,1
Actor,Ko Sung-hee,2,0,2
Actor,Challen Cates,2,1,1
Actor,Casimere Jollette,2,1,1
Actor,Bade İşçil,2,0,2
Actor,David Keith,2,2,0
Actor,Antoine Gouy,2,0,2
Actor,Vlad Logigan,2,2,0
Actor,Riki Lindhome,2,2,0
Actor,Burt Grinstead,2,2,0
Actor,Don McKellar,2,1,1
Actor,Barbra Streisand,2,2,0
Actor,Eric Nguyen,2,2,0
Actor,Eric Kot,2,2,0
Actor,Tito Valverde,2,2,0
Actor,Min-jae Kim,2,1,1
Actor,Maria Angelico,2,0,2
Actor,Ivonne Coll,2,1,1
Actor,Eesha Rebba,2,1,1
Actor,Hans Sarpei,2,0,2
Actor,Temisan Emmanuel,2,1,1
Actor,Başak Köklükaya,2,1,1
Actor,Claire Foy,2,1,1
Actor,Cynthia Okereke,2,2,0
Actor,Kim Tae-hun,2,0,2
Actor,Phoebe Lin,2,0,2
Actor,Brett Dalton,2,1,1
Actor,Jon Cryer,2,1,1
Actor,Dale Carley,2,2,0
Actor,Chang Han,2,1,1
Actor,Noble Willingham,2,2,0
Actor,Pimmara Charoenpakdee,2,0,2
Actor,Charlotte Hamlyn,2,0,2
Actor,Meghna Malik,2,2,0
Actor,Raquel Welch,2,2,0
Actor,Linda Ejiofor,2,2,0
Actor,Tioreore Ngatai-Melbourne,2,2,0
Actor,Owen Teague,2,0,2
Actor,Shweta Kumar,2,2,0
Actor,Drea de Matteo,2,2,0
Actor,Axel Stein,2,2,0
Actor,Gedeon Burkhard,2,2,0
Actor,Takumi Saitoh,2,2,0
Actor,Ingrid Rubio,2,0,2
Actor,William Devane,2,2,0
Actor,Edison Chen,2,2,0
Actor,Beatriz Saw,2,2,0
Actor,Raayo S. Bakhirta,2,2,0
Actor,Stefanía Gómez,2,0,2
Actor,Rannvijay Singh,2,1,1
Actor,Hua Yueh,2,2,0
Actor,Mahsun Kırmızıgül,2,2,0
Actor,Ella Purnell,2,2,0
Actor,Nur Fazura,2,2,0
Actor,Hilde Van Mieghem,2,0,2
Actor,Michael Mando,2,1,1
Actor,Kuan Tai Chen,2,2,0
Actor,Glen Keane,2,1,1
Actor,Roger Ashton-Griffiths,2,2,0
Actor,Julie Ferrier,2,2,0
Actor,Jespipat Tilapornputt,2,0,2
Actor,Isabella Crovetti,2,1,1
Actor,Robin Givens,2,2,0
Actor,Michael Potts,2,2,0
Actor,Paulina Gaitán,2,0,2
Actor,Janine Gutierrez,2,2,0
Actor,Dwight Schultz,2,1,1
Actor,Kaitlin Doubleday,2,2,0
Actor,Elana Krausz,2,2,0
Actor,Mohd Syafie Naswip,2,2,0
Actor,Stephanie Vogt,2,2,0
Actor,Amir Bageria,2,0,2
Actor,Kyooko Hinami,2,1,1
Actor,Fahri Yardim,2,1,1
Actor,Michael Benjamin Washington,2,2,0
Actor,Burak Tamdoğan,2,1,1
Actor,David Gridley,2,1,1
Actor,Regina Taylor,2,2,0
Actor,Anne-Laure Vandeputte,2,0,2
Actor,Chloe Bennet,2,1,1
Actor,Nikolai Nikolaeff,2,1,1
Actor,Larry Pine,2,1,1
Actor,Kate Henshaw-Nuttal,2,2,0
Actor,Jamal Ibrahim,2,2,0
Actor,Abel Ayala,2,1,1
Actor,Giada Gagliardi,2,1,1
Actor,Haskiri Velazquez,2,2,0
Actor,Kim Yong-rim,2,0,2
Actor,Trevor Peacock,2,2,0
Actor,Nagesh Kukunoor,2,2,0
Actor,Thomas Thieme,2,2,0
Actor,Pamela Anderson,2,2,0
Actor,César Rodríguez,2,2,0
Actor,Tessa Albertson,2,2,0
Actor,Neal Brennan,2,1,1
Actor,Marc Clotet,2,1,1
Actor,Dana Ashbrook,2,1,1
Actor,Steve Coulter,2,2,0
Actor,Antonio Zavatteri,2,2,0
Actor,Mary Alice,2,2,0
Actor,Kochu Preman,2,2,0
Actor,Timothy Hutton,2,0,2
Actor,Serkan Ercan,2,1,1
Actor,Alex Călin,2,2,0
Actor,Tomoko Miyadera,2,0,2
Actor,Isabella Rossellini,2,2,0
Actor,Blessing Onolleka,2,2,0
Actor,Jayden Greig,2,2,0
Actor,Kim Da-mi,2,1,1
Actor,Darin De Paul,2,1,1
Actor,Mary McDonnell,2,2,0
Actor,Ebbe Bassey,2,2,0
Actor,Edwin Wright,2,1,1
Actor,Ekapol Deebunmee,2,0,2
Actor,Robert Trujillo,2,1,1
Actor,Paolo Ballesteros,2,2,0
Actor,Hui Shiu Hung,2,1,1
Actor,Philip Ettinger,2,2,0
Actor,Mercedes Müller,2,1,1
Actor,Bentley Kalu,2,2,0
Actor,Aniket Vishwasrao,2,2,0
Actor,Pierre-François Martin-Laval,2,2,0
Actor,Elif Nur Kerkük,2,2,0
Actor,Damon Wayans,2,2,0
Actor,Farhan,2,2,0
Actor,Lesley-Ann Brandt,2,0,2
Actor,Genneya Walton,2,0,2
Actor,Cheryl Yang,2,0,2
Actor,Anitta,2,0,2
Actor,Andrew Kishino,2,2,0
Actor,Gamaliel,2,2,0
Actor,Ninja,2,2,0
Actor,Koo Kyo-hwan,2,1,1
Actor,Hany Adel,2,2,0
Actor,Rodrigue Sleiman,2,2,0
Actor,Estrella Solís,2,0,2
Actor,Jean Dujardin,2,2,0
Actor,Kathleen Quinlan,2,2,0
Actor,Greg Kriek,2,2,0
Actor,Lee Wilkof,2,2,0
Actor,Damilola Ogunsi,2,2,0
Actor,Tomoyo Kurosawa,2,0,2
Actor,Michael Bell,2,2,0
Actor,Mikako Takahashi,2,1,1
Actor,Michael Bacall,2,2,0
Actor,Charlie Gillespie,2,0,2
Actor,Lori Petty,2,1,1
Actor,Hayley Squires,2,1,1
Actor,Craig Francis,2,2,0
Actor,Hamad Ashkanani,2,0,2
Actor,Michael Roark,2,2,0
Actor,Kris Aquino,2,2,0
Actor,Sinqua Walls,2,2,0
Actor,Theresa Randle,2,2,0
Actor,Baek Yoon-sik,2,1,1
Actor,Peter Bowles,2,2,0
Actor,Rachael Lillis,2,0,2
Actor,Stéfi Celma,2,1,1
Actor,Paul Johansson,2,1,1
Actor,Helena Sujecka,2,1,1
Actor,Randy Quaid,2,2,0
Actor,Tosin Cole,2,2,0
Actor,Joel McVeagh,2,2,0
Actor,Rosa María Sardà,2,2,0
Actor,Verónica Bravo,2,1,1
Actor,Diego Capusotto,2,1,1
Actor,Bill Paterson,2,1,1
Actor,Paul Buckley,2,2,0
Actor,Saygın Soysal,2,0,2
Actor,Gonzo,2,2,0
Actor,Steven Williams,2,1,1
Actor,Valerio Mastandrea,2,2,0
Actor,Jimi Hendrix,2,2,0
Actor,Dennis Storhøi,2,0,2
Actor,Nick Cannon,2,2,0
Actor,Kendrick Cross,2,2,0
Actor,Pierre Png,2,0,2
Actor,Leighton Meester,2,1,1
Actor,Ian Hecox,2,2,0
Actor,Bjarne Henriksen,2,1,1
Actor,Steven Rinella,2,1,1
Actor,Richenda Carey,2,1,1
Actor,Etienne Chicot,2,2,0
Actor,Wiz Khalifa,2,2,0
Actor,Gil Birmingham,2,2,0
Actor,Saranya Ponvannan,2,2,0
Actor,Rex Lee,2,1,1
Actor,Funda Eryiğit,2,1,1
Actor,Kyung-ho Jung,2,0,2
Actor,Anya O'Connor,2,2,0
Actor,Tania,2,2,0
Actor,Richard Davies,2,0,2
Actor,Jason Hood,2,1,1
Actor,Ali Liebert,2,1,1
Actor,Jessica DiCicco,2,1,1
Actor,Geraldine Zivic,2,0,2
Actor,Amy Forsyth,2,2,0
Actor,Leon Rippy,2,2,0
Actor,Mary Lane Haskell,2,1,1
Actor,Kelly Perine,2,1,1
Actor,Robert John Burke,2,2,0
Actor,Spruha Joshi,2,2,0
Actor,Gilles Cohen,2,1,1
Actor,Clem Ohameze,2,2,0
Actor,Igor Jijikine,2,2,0
Actor,Kim Soo-jin,2,0,2
Actor,Keith Ferguson,2,1,1
Actor,Aliza Vellani,2,1,1
Actor,Talia Jackson,2,1,1
Actor,Evan Lefeuvre,2,1,1
Actor,Xavi Hernández,2,2,0
Actor,Darren Barnet,2,1,1
Actor,Mahmoud Mabsout,2,2,0
Actor,Li Guangjie,2,2,0
Actor,Shuhei Uesugi,2,1,1
Actor,Jayaprakash Radhakrishnan,2,2,0
Actor,Kenny Sebastian,2,2,0
Actor,Fumihiro Okabayashi,2,0,2
Actor,Kitaro,2,1,1
Actor,Ron Eldard,2,2,0
Actor,Karl Yune,2,2,0
Actor,Paul Walter Hauser,2,2,0
Actor,Vishwajeet Pradhan,2,2,0
Actor,Michaël Abiteboul,2,2,0
Actor,Francesco Carril,2,2,0
Actor,Laysla De Oliveira,2,1,1
Actor,Sky Elobar,2,2,0
Actor,Taran Killam,2,2,0
Actor,Tonye Patano,2,1,1
Actor,Christian Vazquez,2,1,1
Actor,Horatio Sanz,2,1,1
Actor,Kris Holden-Ried,2,1,1
Actor,Hugo Arbues,2,1,1
Actor,Kishore,2,1,1
Actor,Juliusz Chrząstowski,2,2,0
Actor,Kaiwi Lyman,2,2,0
Actor,Ayo Mogaji,2,2,0
Actor,Annie Murphy,2,1,1
Actor,Fábio Lago,2,1,1
Actor,Sophie Nélisse,2,2,0
Actor,Vinay Varma,2,2,0
Actor,Jonathan Cohen,2,1,1
Actor,Saiju Kurup,2,2,0
Actor,Virgile Bramly,2,1,1
Actor,La La Anthony,2,2,0
Actor,Maisie Williams,2,2,0
Actor,Fay Masterson,2,2,0
Actor,Valeria Gálviz,2,0,2
Actor,Sheila Dara,2,2,0
Actor,Dorian Missick,2,2,0
Actor,Jill Clayburgh,2,2,0
Actor,Sammi Rotibi,2,1,1
Actor,Noah Levin,2,0,2
Actor,Arifin Putra,2,2,0
Actor,Hu Chin,2,2,0
Actor,Lassy Marquez,2,2,0
Actor,Sanjay Khapre,2,2,0
Actor,Lee Bong-ryeon,2,0,2
Actor,Shadab Kamal,2,2,0
Actor,Marc Diraison,2,1,1
Actor,Hannah Murray,2,2,0
Actor,M. Sasikumar,2,2,0
Actor,Richard Low,2,0,2
Actor,Xi Man-Ning,2,0,2
Actor,Mark Cox,2,0,2
Actor,Debbie Goh,2,0,2
Actor,MC Calaquian,2,2,0
Actor,Vasundhara Kaul,2,1,1
Actor,Michael Wincott,2,2,0
Actor,Matt Craven,2,2,0
Actor,Kalaiyarasan,2,2,0
Actor,Dean Jones,2,2,0
Actor,Ayda Aksel,2,2,0
Actor,So-yeong Lee,2,0,2
Actor,Xavier Estévez,2,0,2
Actor,Puttachat Pongsuchat,2,2,0
Actor,Inge Maux,2,2,0
Actor,Lee Ju-seung,2,0,2
Actor,Ben Touitou,2,1,1
Actor,Mason Vale Cotton,2,2,0
Actor,Diana Bang,2,2,0
Actor,Zezé Motta,2,1,1
Actor,Sharad Kapoor,2,2,0
Actor,Dylan Duffus,2,2,0
Actor,Yuka Itaya,2,1,1
Actor,Sohta Arai,2,1,1
Actor,Huda Sultan,2,2,0
Actor,Stan Walker,2,2,0
Actor,Mozhan Marnò,2,1,1
Actor,Kwon Soo-hyun,2,0,2
Actor,Hakim Jemili,2,1,1
Actor,Yo Oizumi,2,1,1
Actor,Richard Sammel,2,2,0
Actor,Cem Özeren,2,2,0
Actor,Apoorva Arora,2,1,1
Actor,Kath Soucie,2,2,0
Actor,Diarmaid Murtagh,2,1,1
Actor,Fábio Porchat,2,2,0
Actor,Gustavo Machado,2,0,2
Actor,Mahavir Shah,2,2,0
Actor,Erik Knudsen,2,1,1
Actor,Mike Grady,2,2,0
Actor,Tyson Ritter,2,2,0
Actor,Martin Cummins,2,0,2
Actor,Francis Chun-Yu Ng,2,2,0
Actor,Peter Lanzani,2,1,1
Actor,Phoebe Huang,2,0,2
Actor,Abdulaziz Alshehri,2,0,2
Actor,Caroline Chikezie,2,1,1
Actor,Tanya van Graan,2,2,0
Actor,Thenjiwe Moseley,2,2,0
Actor,Mehreen Raheel,2,1,1
Actor,Pippa Haywood,2,1,1
Actor,Raja Al-Jeddawi,2,2,0
Actor,Gillian Vicencio,2,2,0
Actor,Jason James Richter,2,2,0
Actor,Kopi Lim Guo Wei,2,0,2
Actor,Tomasz Karolak,2,2,0
Actor,Piotr Michael,2,1,1
Actor,Skye Nateeton Wongrawee,2,0,2
Actor,Hannah Emily Anderson,2,2,0
Actor,Layla Abdullah,2,1,1
Actor,Robert Carradine,2,2,0
Actor,Nadir Sarıbacak,2,1,1
Actor,Sani Mu’azu,2,2,0
Actor,Amirah Vann,2,2,0
Actor,Michael Bowen,2,2,0
Actor,Chrissie Chow,2,2,0
Actor,Bob Dylan,2,2,0
Actor,Shaun Dooley,2,1,1
Actor,Ibrahim Suleiman,2,2,0
Actor,Daniel MacPherson,2,1,1
Actor,Odiseo Bichir,2,0,2
Actor,Debbie Reynolds,2,2,0
Actor,Pascacio López,2,1,1
Actor,Fernando Cayo,2,1,1
Actor,Kit Young,2,1,1
Actor,Natalia Reyes,2,1,1
Actor,Ross Grant,2,0,2
Actor,Elham Al Fadalah,2,0,2
Actor,Darrell Britt-Gibson,2,2,0
Actor,Shauna Macdonald,2,1,1
Actor,View Wannarot Sontichai,2,0,2
Actor,Alex Moffat,2,2,0
Actor,Charlie Hunnam,2,2,0
Actor,Beatrice Grannò,2,1,1
Actor,Jill Morrison,2,2,0
Actor,Tzu-chiang Chao,2,0,2
Actor,Francis Ford Coppola,2,1,1
Actor,Kevin McKidd,2,1,1
Actor,Eden Sher,2,2,0
Actor,Carlos Jacott,2,2,0
Actor,Kadiff Kirwan,2,0,2
Actor,Bente Fokkens,2,2,0
Actor,Kabir Sajid,2,2,0
Actor,Diego Gentile,2,1,1
Actor,Lee Re,2,0,2
Actor,Elizabeth Peña,2,2,0
Actor,Vibha Chhibber,2,2,0
Actor,Hani Salama,2,2,0
Actor,President Barack Obama,2,1,1
Actor,Sydney Scotia,2,0,2
Actor,Sadiya Siddiqui,2,2,0
Actor,Nina Hoss,2,0,2
Actor,Jaywant Wadkar,2,2,0
Actor,Özgür Emre Yıldırım,2,1,1
Actor,Ice Cube,2,2,0
Actor,Marcus Thomas,2,2,0
Actor,Harry Chang,2,0,2
Actor,Johann von Bülow,2,2,0
Actor,Michael Daingerfield,2,0,2
Actor,Hero Fiennes Tiffin,2,2,0
Actor,Michael Trevino,2,0,2
Actor,Piotr Cyrwus,2,2,0
Actor,Satya Bhabha,2,2,0
Actor,Enric Auquer,2,1,1
Actor,Ethan Murray,2,1,1
Actor,Karol Conká,2,1,1
Actor,Adriano Garib,2,0,2
Actor,Ana Capri,2,2,0
Actor,Eri Kamataki,2,1,1
Actor,Ben Temple,2,1,1
Actor,Archit Deodhar,2,2,0
Actor,Amy Winehouse,2,2,0
Actor,Ishita Raj,2,2,0
Actor,Jeffrey Cheng,2,0,2
Actor,Katie Stevens,2,1,1
Actor,Youssef El Sherif,2,2,0
Actor,Ekkachai Srivichai,2,2,0
Actor,Maddie Ziegler,2,2,0
Actor,Kasia Smutniak,2,2,0
Actor,Luke Benward,2,2,0
Actor,Feroze Khan,2,1,1
Actor,Rapulana Seiphemo,2,1,1
Actor,Miguel Ferrer,2,1,1
Actor,Amanda Brugel,2,1,1
Actor,Onyeka Onwenu,2,2,0
Actor,Joe Grifasi,2,2,0
Actor,Harvey Guillen,2,2,0
Actor,Ki Hong Lee,2,1,1
Actor,Rıza Akın,2,2,0
Actor,Louise Coldefy,2,0,2
Actor,Michelle Veintimilla,2,0,2
Actor,Carmela Barsamian,2,1,1
Actor,Diego Martín,2,1,1
Actor,Al Shearer,2,2,0
Actor,Mook Worranit Thawornwong,2,0,2
Actor,Wayne Grayson,2,0,2
Actor,Patrick Breen,2,2,0
Actor,Faye Marsay,2,1,1
Actor,Vishwas Kini,2,1,1
Actor,Mukesh Pandey,2,2,0
Actor,Alex Trebek,2,1,1
Actor,Phil Vischer,2,0,2
Actor,Samir Ghanem,2,2,0
Actor,Ms. Pat,2,1,1
Actor,Lamitta Frangieh,2,2,0
Actor,Paula Vázquez,2,0,2
Actor,Lauren Schmidt Hissrich,2,1,1
Actor,Harvey Fierstein,2,1,1
Actor,Cynthia Kaye McWilliams,2,1,1
Actor,Mark Whitten,2,1,1
Actor,Suman,2,2,0
Actor,Nazneen Contractor,2,1,1
Actor,Paulo Costanzo,2,0,2
Actor,Justice Smith,2,1,1
Actor,Tim Daly,2,0,2
Actor,Ann Kendrick,2,2,0
Actor,Kelly Jenrette,2,1,1
Actor,Juana del Río,2,0,2
Actor,Riythvika,2,2,0
Actor,Trey Parker,2,2,0
Actor,Yasmine Al Massri,2,1,1
Actor,Zizan Razak,2,2,0
Actor,Nathan Parsons,2,1,1
Actor,Tom Basden,2,1,1
Actor,Minori Suzuki,2,0,2
Actor,Brian Steele,2,2,0
Actor,Norm MacDonald,2,1,1
Actor,Keith Carradine,2,2,0
Actor,Shahd El Yaseen,2,0,2
Actor,Vishakha Singh,2,2,0
Actor,Masahiko Tsugawa,2,2,0
Actor,Jayant Gadekar,2,2,0
Actor,Gülçin Santırcıoğlu,2,1,1
Actor,Ken Foree,2,2,0
Actor,Julia Ormond,2,2,0
Actor,Brendan Taylor,2,1,1
Actor,Tiffany Fallon,2,2,0
Actor,Gabino Rodríguez,2,2,0
Actor,Shai Avivi,2,0,2
Actor,Michael Zegen,2,2,0
Actor,Betty Gilpin,2,1,1
Actor,Jesper Christensen,2,2,0
Actor,Abdalla Mahmoud,2,2,0
Actor,Chrissy Teigen,2,1,1
Actor,Joaquim de Almeida,2,2,0
Actor,Piotr Adamczyk,2,2,0
Actor,Elicia MacKenzie,2,2,0
Actor,Stacy Martin,2,2,0
Actor,Denira Wiraguna,2,2,0
Actor,Michelle Mylett,2,1,1
Actor,Moayed Althagafi,2,0,2
Actor,Ruffa Gutierrez,2,1,1
Actor,Sophie Skelton,2,1,1
Actor,Peter Strauss,2,2,0
Actor,Mert Yazıcıoğlu,2,1,1
Actor,Joshua McGuire,2,1,1
Actor,Sarika Singh,2,2,0
Actor,Hovik Keuchkerian,2,2,0
Actor,Kelly Clarkson,2,2,0
Actor,Victoria Trauttmansdorff,2,2,0
Actor,Garry Marshall,2,2,0
Actor,Will Brill,2,1,1
Actor,Mónica Antonópulos,2,2,0
Actor,Soori,2,2,0
Actor,Paulina Dávila,2,1,1
Actor,Louis Fan,2,2,0
Actor,Chris Browning,2,2,0
Actor,Aurélie Moeremans,2,2,0
Actor,Juan Carlos Aduviri,2,2,0
Actor,Heba Abdelghany,2,0,2
Actor,Gong Yoo,2,2,0
Actor,Samuel Pang,2,1,1
Actor,Qinyi Du,2,0,2
Actor,Sohayb Godus,2,1,1
Actor,Valerie Mahaffey,2,2,0
Actor,Alicia Borrachero,2,0,2
Actor,Marcus Scribner,2,1,1
Actor,Yung Ngo,2,2,0
Actor,Neil Crone,2,2,0
Actor,Denise Newman,2,2,0
Actor,Conrad Vernon,2,1,1
Actor,Julie Sype,2,0,2
Actor,Jennifer Arenas,2,0,2
Actor,Wayne Hope,2,2,0
Actor,Bruno Magne,2,0,2
Actor,Hwang Seung-un,2,0,2
Actor,Josh Swickard,2,2,0
Actor,Rowan Blanchard,2,2,0
Actor,Makram Khoury,2,2,0
Actor,Vidya Sinha,2,2,0
Actor,Chandra Liow,2,2,0
Actor,Richard Schiff,2,1,1
Actor,Gregory Abbey,2,0,2
Actor,Lyric Lewis,2,0,2
Actor,David Meunier,2,1,1
Actor,Da Brat,2,2,0
Actor,Rod Steiger,2,2,0
Actor,Djenar Maesa Ayu,2,2,0
Actor,Jane Seymour,2,2,0
Actor,Chelah Horsdal,2,0,2
Actor,Mädchen Amick,2,0,2
Actor,Yong-woo Shin,2,0,2
Actor,Chittaranjan Tripathi,2,2,0
Actor,Fabiola Posada,2,2,0
Actor,Choi Woo-shik,2,2,0
Actor,Brianna Plantano,2,2,0
Actor,María Cecilia Sánchez,2,1,1
Actor,Kirrilee Berger,2,1,1
Actor,Alex Kingston,2,2,0
Actor,Tuc Watkins,2,2,0
Actor,Yu Oh-seong,2,1,1
Actor,Bill Skarsgård,2,1,1
Actor,Martina Gusmán,2,1,1
Actor,Jackie Long,2,2,0
Actor,Jin-mo Joo,2,0,2
Actor,Krishna Prabha,2,2,0
Actor,Trisha Krishnan,2,2,0
Actor,Mauricio Argüelles,2,2,0
Actor,Uzor Osimkpa,2,1,1
Actor,Gil Ozeri,2,1,1
Actor,Jason Deline,2,0,2
Actor,Yu Jae-myeong,2,0,2
Actor,Alexis Tomassian,2,1,1
Actor,George Wallace,2,2,0
Actor,Horacio Castelo,2,1,1
Actor,Elyes Gabel,2,2,0
Actor,Atsushi Arai,2,1,1
Actor,Mahmoud Boushahri,2,0,2
Actor,Sean Lee,2,0,2
Actor,Asher Keddie,2,0,2
Actor,Moritz Bleibtreu,2,2,0
Actor,Rahul Ram,2,2,0
Actor,John Munro Cameron,2,0,2
Actor,Shunori Ramanathan,2,2,0
Actor,Anthony Padilla,2,2,0
Actor,Paul Nakauchi,2,1,1
Actor,Goki Maeda,2,2,0
Actor,Constance Dollé,2,1,1
Actor,Jaspal Bhatti,2,2,0
Actor,Taylor Dooley,2,2,0
Actor,Keith Robinson,2,1,1
Actor,Johnny Pemberton,2,1,1
Actor,Olli Schulz,2,1,1
Actor,Chetan Hansraj,2,2,0
Actor,Wendi McLendon-Covey,2,2,0
Actor,Tequan Richmond,2,1,1
Actor,María Aura,2,1,1
Actor,Florencia Benítez,2,1,1
Actor,Tommy Lewis,2,1,1
Actor,Soo-kyung Lee,2,0,2
Actor,Jane Harber,2,1,1
Actor,Sharon Maughan,2,2,0
Actor,Nuria Herrero,2,1,1
Actor,Asser Yassin,2,2,0
Actor,Diana Gómez,2,0,2
Actor,Amber Rose Revah,2,1,1
Actor,Hervé Pierre,2,1,1
Actor,Nontanun Anchuleepradit,2,0,2
Actor,Ronny Chieng,2,1,1
Actor,LaTanya Richardson Jackson,2,2,0
Actor,Antonio Díaz,2,1,1
Actor,Christiane Paul,2,0,2
Actor,Katherine Wang,2,0,2
Actor,Iggy Pop,2,2,0
Actor,Elaiza Ikeda,2,0,2
Actor,Sheetal Thakur,2,2,0
Actor,Benjamin Gilani,2,2,0
Actor,Héctor Alterio,2,1,1
Actor,Said Saleh,2,2,0
Actor,Brad Williams,2,1,1
Actor,Şahin Irmak,2,2,0
Actor,Fabio Aste,2,0,2
Actor,George Wendt,2,1,1
Actor,Lindsay Hartley,2,2,0
Actor,Lim Ye-jin,2,0,2
Actor,Emem Inwang,2,2,0
Actor,Nuno Lopes,2,1,1
Actor,Anand Sami,2,2,0
Actor,Nathan Kress,2,0,2
Actor,Joe Rogan,2,2,0
Actor,Lukas Miko,2,0,2
Actor,Matt Evans,2,2,0
Actor,Rodrigo Murray,2,1,1
Actor,Caitlin Carmichael,2,2,0
Actor,Munachi Abii,2,2,0
Actor,Sadie Sandler,2,2,0
Actor,Drew Massey,2,0,2
Actor,Li Xian,2,1,1
Actor,Toshiki Masuda,2,0,2
Actor,Armin Mueller-Stahl,2,2,0
Actor,Shantanu Gangane,2,2,0
Actor,Gürkan Uygun,2,1,1
Actor,Georg Friedrich,2,1,1
Actor,Carlos Barbosa,2,2,0
Actor,Safaa El-Toukhy,2,2,0
Actor,Johnny Huang,2,2,0
Actor,Nicole Santamaría,2,0,2
Actor,Eddie J. Fernandez,2,2,0
Actor,Rosaline Meurer,2,2,0
Actor,Rikako Aikawa,2,0,2
Actor,Hayley Law,2,1,1
Actor,Rebecka Hemse,2,1,1
Actor,Octavius J. Johnson,2,2,0
Actor,Chico,2,1,1
Actor,Chandler Riggs,2,1,1
Actor,Mamie Gummer,2,1,1
Actor,Scott Shepherd,2,1,1
Actor,Khalid Abdalla,2,2,0
Actor,Jin Urayama,2,0,2
Actor,Yayo Guridi,2,1,1
Actor,Divya Rana,2,2,0
Actor,Holly Shanahan,2,0,2
Actor,Kenneth Tsang,2,2,0
Actor,Betsy Sodaro,2,0,2
Actor,Ian Chen,2,1,1
Actor,Jérôme Niel,2,2,0
Actor,Mark Bazeley,2,1,1
Actor,Chantal Lauby,2,2,0
Actor,Hardeep Gill,2,2,0
Actor,Dohn Norwood,2,1,1
Actor,Saeed Al-Sheryani,2,2,0
Actor,Lucas Neff,2,1,1
Actor,Denden,2,1,1
Actor,Alba Flores,2,0,2
Actor,Paulino Nunes,2,1,1
Actor,Rasika Joshi,2,2,0
Actor,Sunny Hinduja,2,2,0
Actor,Mackenzie Davis,2,0,2
Actor,Mammukoya,2,2,0
Actor,Kim Min-seok,2,0,2
Actor,Zeel Thakkar,2,1,1
Actor,Robert Villar,2,2,0
Actor,Pepón Nieto,2,2,0
Actor,Yves Flores,2,2,0
Actor,Yoo Jae-myung,2,0,2
Actor,Diane Salinger,2,2,0
Actor,Danson Tang,2,0,2
Actor,Nicholas Lea,2,1,1
Actor,James Rolleston,2,2,0
Actor,Oğuzhan Koç,2,2,0
Actor,Victoria Baldesarra,2,0,2
Actor,Shunsuke Tanaka,2,2,0
Actor,Crystal Reed,2,1,1
Actor,Julie Andrews,2,0,2
Actor,Vivek Shaq,2,2,0
Actor,Geoff Morrell,2,1,1
Actor,Rahim Razali,2,1,1
Actor,Danny John-Jules,2,1,1
Actor,Alexa Ilacad,2,2,0
Actor,Maya Franzoi,2,1,1
Actor,James Robertson Justice,2,2,0
Actor,Jason Griffith,2,0,2
Actor,Eddie Frierson,2,1,1
Actor,Ruth Vega Fernandez,2,1,1
Actor,Jaylin Fletcher,2,1,1
Actor,Brando Eaton,2,2,0
Actor,Chioma Chukwuka-Akpotha,2,2,0
Actor,Ruben Santiago-Hudson,2,2,0
Actor,Mary Joy Apostol,2,2,0
Actor,Shubhangi Damle,2,2,0
Actor,Rena Takeda,2,0,2
Actor,Antonio Gasalla,2,2,0
Actor,Chinaza Uche,2,2,0
Actor,Charo López,2,0,2
Actor,Chuck Zito,2,2,0
Actor,Paris Intarakomalyasut,2,1,1
Actor,Ruby Barnhill,2,2,0
Actor,Enrico Colantoni,2,1,1
Actor,Annette Edoarda,2,2,0
Actor,Pauline Quirke,2,0,2
Actor,Lee Elijah,2,0,2
Actor,Alka Amin,2,2,0
Actor,Xu Kaicheng,2,1,1
Actor,Tony Jay,2,2,0
Actor,Hippolyte Girardot,2,2,0
Actor,Brij Gopal,2,2,0
Actor,Kim Sang-ho,2,0,2
Actor,Debi Mazar,2,2,0
Actor,Nihal Yalçın,2,2,0
Actor,Yehia Chahine,2,2,0
Actor,Maritza Rodríguez,2,0,2
Actor,Kalpana Iyer,2,2,0
Actor,Atanas Srebrev,2,2,0
Actor,Murat Seviş,2,2,0
Actor,Bruna Cusí,2,2,0
Actor,LeVar Burton,2,0,2
Actor,Sandy Robson,2,2,0
Actor,Eun-bin Park,2,0,2
Actor,Tuvana Türkay,2,1,1
Actor,Marc Beaupré,2,2,0
Actor,Navin Chowdhry,2,0,2
Actor,Kedar Williams-Stirling,2,1,1
Actor,Edmilson Filho,2,2,0
Actor,Daiki Shigeoka,2,0,2
Actor,Geraldine Hughes,2,2,0
Actor,Chae Jong-hyeop,2,0,2
Actor,Josh Segarra,2,1,1
Actor,Ali Ahn,2,0,2
Actor,Ann Cusack,2,2,0
Actor,Tia Lynn Ballard,2,0,2
Actor,Tom Pelphrey,2,1,1
Actor,Parul Gulati,2,1,1
Actor,Jamie Marchi,2,0,2
Actor,Jonathan Bennett,2,2,0
Actor,Tom Wayland,2,1,1
Actor,Sushanth,2,2,0
Actor,Ho-jin Chun,2,1,1
Actor,Usha Kiran,2,2,0
Actor,Patrick Timsit,2,2,0
Actor,Sindhu Sreenivasa Murthy,2,2,0
Actor,Chelsea Miller,2,1,1
Actor,Shirley Henderson,2,2,0
Actor,Mihir Ahuja,2,0,2
Actor,Brent Miller,2,0,2
Actor,Garfield Wilson,2,2,0
Actor,Colin Murdock,2,2,0
Actor,Melvin Sia,2,0,2
Actor,Shono Hayama,2,0,2
Actor,Juanita Ringeling,2,2,0
Actor,Nam-gil Kim,2,2,0
Actor,Beth Littleford,2,1,1
Actor,Kevin Rankin,2,2,0
Actor,Blair Brown,2,2,0
Actor,Harry Enfield,2,0,2
Actor,Mieko Harada,2,2,0
Actor,Theebaan Govindasamy,2,2,0
Actor,Doug Stone,2,0,2
Actor,Mike Ezuruonye,2,2,0
Actor,Adam Rayner,2,2,0
Actor,Elçin Atamgüç,2,2,0
Actor,Chow Yun Fat,2,2,0
Actor,Johannes Kuhnke,2,1,1
Actor,Ed Speleers,2,1,1
Actor,Carolyn Dando,2,2,0
Actor,Lam Yiu-sing,2,2,0
Actor,Rolonda Watts,2,1,1
Actor,Travis Dresden,2,2,0
Actor,Javier Jattin,2,1,1
Actor,Noree Victoria,2,2,0
Actor,Leigh-Allyn Baker,2,2,0
Actor,Nina Bergman,2,2,0
Actor,Tirth Sharma,2,2,0
Actor,Junko Iwao,2,0,2
Actor,Catherine Salée,2,1,1
Actor,Bianca Balti,2,0,2
Actor,Chiwendu Onaga,2,2,0
Actor,Regina Blandón,2,0,2
Actor,Ed Westwick,2,0,2
Actor,Sharifah Amani,2,1,1
Actor,Peter Serafinowicz,2,2,0
Actor,Scott Aukerman,2,1,1
Actor,Faradina Mufti,2,1,1
Actor,Matthias Brenner,2,1,1
Actor,Shofia Shireen,2,2,0
Actor,Bob Christo,2,2,0
Actor,Alistair McGowan,2,2,0
Actor,Daniella Monet,2,1,1
Actor,Robert Reich,2,2,0
Actor,Carla Woodcock,2,1,1
Actor,Margarita Reyes,2,0,2
Actor,Badjie Mortiz,2,2,0
Actor,Tyler Nathan,2,1,1
Actor,Roger Ward,2,2,0
Actor,Linda Emond,2,2,0
Actor,María Soldi,2,1,1
Actor,Eduardo Rosa,2,2,0
Actor,Theodore Bikel,2,2,0
Actor,Louanne Stephens,2,0,2
Actor,Steve Harris,2,2,0
Actor,Tomoki Hirose,2,2,0
Actor,Julia Kassar,2,2,0
Actor,Yuki Matsuoka,2,1,1
Actor,Joko Anwar,2,2,0
Actor,Trevor Einhorn,2,1,1
Actor,Holliday Grainger,2,1,1
Actor,Carlos PenaVega,2,2,0
Actor,Brooke Dillman,2,2,0
Actor,César Mello,2,1,1
Actor,María Isabel Díaz,2,1,1
Actor,Meganne Young,2,2,0
Actor,Taro Suruga,2,2,0
Actor,Akarsh Khurana,2,1,1
Actor,Meadow Williams,2,2,0
Actor,Alec Mapa,2,1,1
Actor,Marceline Hugot,2,2,0
Actor,Manu Payet,2,2,0
Actor,Joseph Morgan,2,0,2
Actor,Yise Loo,2,0,2
Actor,Michael Ontkean,2,1,1
Actor,Vlad Ivanov,2,2,0
Actor,Robert Miranda,2,2,0
Actor,Enaam Salousa,2,2,0
Actor,Mariana Cabrera,2,2,0
Actor,Michael King,2,2,0
Actor,Dimples Romana,2,2,0
Actor,Lindsay Torrance,2,2,0
Actor,Fumino Kimura,2,1,1
Actor,J. Smith-Cameron,2,1,1
Actor,Gino Vento,2,1,1
Actor,François Cluzet,2,2,0
Actor,Taro Yamaguchi,2,0,2
Actor,Bae Seong-woo,2,1,1
Actor,Celso Bugallo,2,2,0
Actor,Chris Packham,2,0,2
Actor,Marianne Rendón,2,1,1
Actor,Mason Dye,2,2,0
Actor,William R. Moses,2,2,0
Actor,Cecily Strong,2,1,1
Actor,Juan Sebastián Aragón,2,0,2
Actor,Roopa Bhimani,2,1,1
Actor,Xian Lim,2,2,0
Actor,Anna Castillo,2,2,0
Actor,Elliot Cowan,2,1,1
Actor,Jermaine Washington,2,2,0
Actor,Ben Lloyd-Hughes,2,2,0
Actor,Yuichi Iguchi,2,0,2
Actor,Wen Sen,2,0,2
Actor,Queenie Chu,2,2,0
Actor,Prachi Shah,2,2,0
Actor,Ted Atherton,2,1,1
Actor,Fernando Luján,2,1,1
Actor,Yemi Blaq,2,2,0
Actor,Preeti Desai,2,2,0
Actor,Dileesh Pothan,2,2,0
Actor,Hyun-sung Jang,2,1,1
Actor,Allen Ginsberg,2,2,0
Actor,Rainer Reiners,2,2,0
Actor,Ye-ji Seo,2,1,1
Actor,Jung-jae Lee,2,2,0
Actor,Rinke Khanna,2,2,0
Actor,Marion Cotillard,2,2,0
Actor,Geneviève Doang,2,0,2
Actor,Nevra Serezli,2,2,0
Actor,Joem Bascon,2,2,0
Actor,Bernard Palanca,2,2,0
Actor,Patricia Heaton,2,2,0
Actor,Nikki Amuka-Bird,2,2,0
Actor,Peter Linz,2,2,0
Actor,Logic,2,0,2
Actor,Slaine,2,2,0
Actor,Hana Sugisaki,2,2,0
Actor,Addison Riecke,2,2,0
Actor,Miss Piggy,2,2,0
Actor,Vittoria Puccini,2,1,1
Actor,Holly Earl,2,2,0
Actor,Ira Wibowo,2,2,0
Actor,Will McCormack,2,2,0
Actor,Jon Gabrus,2,2,0
Actor,Denola Grey,2,1,1
Actor,Cara Buono,2,1,1
Actor,Una Stubbs,2,1,1
Actor,Karena Teo,2,0,2
Actor,Cemal Hünal,2,2,0
Actor,Ofelia Medina,2,2,0
Actor,Thomasin McKenzie,2,2,0
Actor,Julio Macias,2,0,2
Actor,Fumika Baba,2,0,2
Actor,Stephanie Lynn Robinson,2,0,2
Actor,Şafak Sezer,2,2,0
Actor,Kaori Mizuhashi,2,0,2
Actor,Jeong-shin Woo,2,1,1
Actor,Amanda Righetti,2,1,1
Actor,Menna Arafa,2,2,0
Actor,Mitch Pileggi,2,2,0
Actor,Song Yoon-a,2,0,2
Actor,Kevin Rahm,2,2,0
Actor,Rahul Bhat,2,2,0
Actor,Stephen Merchant,2,1,1
Actor,Anup Soni,2,2,0
Actor,Shanley Caswell,2,2,0
Actor,Brandon Butler,2,0,2
Actor,Lauren McNamara,2,2,0
Actor,Ravindra Vijay,2,2,0
Actor,Jim Belushi,2,2,0
Actor,Adnan Malik,2,1,1
Actor,Shilpa Shukla,2,2,0
Actor,Harpal Singh,2,2,0
Actor,Minnie Driver,2,2,0
Actor,Henry Zaga,2,1,1
Actor,Yasmin Raeis,2,2,0
Actor,Arthur Darvill,2,0,2
Actor,Jeff Corey,2,2,0
Actor,Soledad Villamil,2,2,0
Actor,Robert Stanton,2,2,0
Actor,Grace Gummer,2,2,0
Actor,Jill Eikenberry,2,2,0
Actor,Keith Richards,2,2,0
Actor,Arsher Ali,2,2,0
Actor,Joe Alaskey,2,2,0
Actor,Anjelika Washington,2,2,0
Actor,Rachel Bloom,2,1,1
Actor,Mikkel Boe Følsgaard,2,1,1
Actor,Sven Nordin,2,1,1
Actor,Marc Ruchmann,2,0,2
Actor,Kobi Frumer,2,0,2
Actor,Paul Rugg,2,1,1
Actor,Colleen Clinkenbeard,2,0,2
Actor,Bartłomiej Topa,2,1,1
Actor,Rahul Pethe,2,2,0
Actor,Ego Mikitas,2,2,0
Actor,Lino Musella,2,1,1
Actor,Darrel Guilbeau,2,0,2
Actor,John Hodgman,2,2,0
Actor,Letitia Wright,2,1,1
Actor,Ludovico Tersigni,2,1,1
Actor,Josean Bengoetxea,2,2,0
Actor,Lucy O'Connell,2,2,0
Actor,Nutthasit Kotimanuswanich,2,0,2
Actor,Yuriy Kutsenko,2,2,0
Actor,Rekiya Ibrahim Atta,2,2,0
Actor,Laura Azcurra,2,1,1
Actor,Poonam Pandey,2,2,0
Actor,Jeff Meacham,2,2,0
Actor,Satoshi Mikami,2,0,2
Actor,Douglas Silva,2,1,1
Actor,Manuel Lourenzo,2,1,1
Actor,Sam Keeley,2,2,0
Actor,Fillip Gorenshtein,2,0,2
Actor,Roshan Prince,2,2,0
Actor,Ron Lester,2,2,0
Actor,Swati Rajput,2,1,1
Actor,Adelaide Hirasaki,2,1,1
Actor,Henry Fonda,2,2,0
Actor,Larisa Oleynik,2,0,2
Actor,Paula Castaño,2,0,2
Actor,Dani Ornellas,2,1,1
Actor,Wang Ziyi,2,2,0
Actor,Mike 'The Miz' Mizanin,2,1,1
Actor,Mohamed Mounir,2,2,0
Actor,Marcus T. Paulk,2,1,1
Actor,Paran Banerjee,2,2,0
Actor,Carla Quevedo,2,1,1
Actor,Darlene Love,2,2,0
Actor,Ieva Andrejevaite,2,1,1
Actor,Yoo Byung Jae,2,1,1
Actor,Mary McCormack,2,1,1
Actor,Emily Axford,2,0,2
Actor,Taecyeon,2,0,2
Actor,Saara Chaudry,2,1,1
Actor,Hiroshi Yanaka,2,0,2
Actor,Dai Hasegawa,2,1,1
Actor,Pauly Shore,2,1,1
Actor,Robert Picardo,2,1,1
Actor,Gage Munroe,2,0,2
Actor,Sarita Joshi,2,1,1
Actor,Lola Kirke,2,2,0
Actor,Victor Argo,2,2,0
Actor,Jake Brennan,2,1,1
Actor,Marcela Álvarez,2,1,1
Actor,Billy Kametz,2,0,2
Actor,Audrey Hepburn,2,2,0
Actor,Anabel Ferreira,2,0,2
Actor,Claudia Salas,2,0,2
Actor,Sandrinna Michelle,2,2,0
Actor,Dacre Montgomery,2,0,2
Actor,Jillian Michaels,2,0,2
Actor,Arul Vincent,2,2,0
Actor,Yuzuka Nakaya,2,1,1
Actor,Concha Velasco,2,0,2
Actor,Arlene Muchlach,2,1,1
Actor,Kae Alexander,2,1,1
Actor,Mahmoud El-Bezzawy,2,1,1
Actor,Lauren Adams,2,2,0
Actor,Yuu Asakawa,2,0,2
Actor,Machine Gun Kelly,2,1,1
Actor,Brian Ogola,2,2,0
Actor,Ryo Iwamatsu,2,1,1
Actor,Greta Onieogou,2,1,1
Actor,Annabelle Wallis,2,1,1
Actor,Anupam Shyam,2,2,0
Actor,Odette Annable,2,1,1
Actor,Liam Matthews,2,2,0
Actor,Joe Mantello,2,1,1
Actor,Agustín Aristarán,2,2,0
Actor,Benny Safdie,2,2,0
Actor,Norman Briski,2,2,0
Actor,Abdullah Al-Turkumani,2,0,2
Actor,Mercedes Sampietro,2,0,2
Actor,Shigeo Kiyama,2,0,2
Actor,Shavinder Mahal,2,2,0
Actor,Tawfik El Deken,2,2,0
Actor,Rubén Blades,2,2,0
Actor,Lina Wendel,2,2,0
Actor,Jojo Goh,2,0,2
Actor,Maya Kay,2,2,0
Actor,Hanan Turk,2,2,0
Actor,Jack Kane,2,1,1
Actor,Gülenay Kalkan,2,2,0
Actor,Kim Dickens,2,1,1
Actor,Tommy Flanagan,2,1,1
Actor,Richard Rosenblatt,2,2,0
Actor,Andrés Toro,2,0,2
Actor,Yuvika Chaudhry,2,2,0
Actor,David Vadim,2,2,0
Actor,Allan Hawco,2,0,2
Actor,Sadao Abe,2,2,0
Actor,Mario Iván Martínez,2,2,0
Actor,Steve Cardenas,2,0,2
Actor,Brooke Bloom,2,1,1
Actor,Richard Cabral,2,1,1
Actor,Aisha Al Suwaidi,2,2,0
Actor,Yavuz Bingöl,2,1,1
Actor,Michael Biehn,2,2,0
Actor,Justin Welborn,2,2,0
Actor,Akah Nnani,2,1,1
Actor,Verónica Velásquez,2,0,2
Actor,Eric Cantona,2,1,1
Actor,Thaila Ayala,2,2,0
Actor,Aaron Marsden,2,0,2
Actor,Alaa Zenhom,2,2,0
Actor,Aaditi Pohankar,2,1,1
Actor,Joshua Mikel,2,2,0
Actor,Bryan Domani,2,2,0
Actor,Woo-jin Jo,2,2,0
Actor,Robin Soans,2,2,0
Actor,Bhumibhat Thavornsiri,2,1,1
Actor,Enrique Pinti,2,2,0
Actor,Yoon Sa-bong,2,0,2
Actor,Jemima Kirke,2,1,1
Actor,Bella Ramsey,2,0,2
Actor,Pernilla August,2,0,2
Actor,Alex Babic,2,0,2
Actor,Marques Houston,2,1,1
Actor,Maged El-Kidwani,2,2,0
Actor,Shannon Woodward,2,2,0
Actor,Jennifer Ikeda,2,2,0
Actor,Michael-Leon Wooley,2,1,1
Actor,Natalie Hall,2,1,1
Actor,Jidapa Siribunchawan,2,0,2
Actor,Bucci Franklin,2,2,0
Actor,Katie Findlay,2,1,1
Actor,Madison Iseman,2,2,0
Actor,Hayatem,2,2,0
Actor,Dorcas Shola Fapson,2,2,0
Actor,Marwa Abdel Monem,2,2,0
Actor,Nicolás Furtado,2,1,1
Actor,Beverly Salviejo,2,2,0
Actor,John Edward Lee,2,2,0
Actor,Sanjeev Bhaskar,2,2,0
Actor,O-Lan Jones,2,2,0
Actor,Neetu Chandra,2,2,0
Actor,Donny Damara,2,2,0
Actor,Danielle Panabaker,2,1,1
Actor,Danny Aiello,2,2,0
Actor,Ella Anderson,2,1,1
Actor,Rachel Keller,2,1,1
Actor,Ian Puleston-Davies,2,0,2
Actor,Alessandra Negrini,2,0,2
Actor,Chae Jung-an,2,0,2
Actor,Alexander Conti,2,2,0
Actor,J.R. Ramirez,2,1,1
Actor,Aaron L. McGrath,2,0,2
Actor,Yamaneika Saunders,2,0,2
Actor,José Carlos Ruiz,2,2,0
Actor,Jorge Usón,2,1,1
Actor,Freya Tingley,2,0,2
Actor,Sam Palladio,2,2,0
Actor,Izara Aishah,2,2,0
Actor,Lander Otaola,2,1,1
Actor,Patina Miller,2,0,2
Actor,Ola G. Furuseth,2,2,0
Actor,Adrienne Barbeau,2,2,0
Actor,Alessandro Tedeschi,2,1,1
Actor,Smita Shewale,2,2,0
Actor,Aleksandra Popławska,2,1,1
Actor,Benjamin Walker,2,2,0
Actor,Bronson Pinchot,2,1,1
Actor,Bruna Abdullah,2,2,0
Actor,Tang Jun-sang,2,0,2
Actor,Lynn Cohen,2,2,0
Actor,Lenora Crichlow,2,1,1
Actor,Azhagamperumal,2,2,0
Actor,Scott Lawrence,2,1,1
Actor,Laura Patalano,2,1,1
Actor,Julián Cerati,2,1,1
Actor,Claudia Lee,2,2,0
Actor,William Atherton,2,2,0
Actor,Simon Baker,2,1,1
Actor,Samiksha Singh,2,2,0
Actor,Hassan Moustafa,2,2,0
Actor,Whitney Goin,2,2,0
Actor,Marco Ilsø,2,1,1
Actor,Hanns Zischler,2,2,0
Actor,Ben Chaplin,2,2,0
Actor,Kathleen Chalfant,2,2,0
Actor,Andrea Navedo,2,1,1
Actor,Taylor Nichols,2,2,0
Actor,Jordan Voon,2,0,2
Actor,Paul Weitz,2,2,0
Actor,Jenica Bergere,2,2,0
Actor,Victor Rivers,2,2,0
Actor,Michelle Ye,2,2,0
Actor,Odette Khan,2,2,0
Actor,Lucy Durack,2,0,2
Actor,Olu Jacobs,2,2,0
Actor,Will Sharpe,2,0,2
Actor,James Hetfield,2,1,1
Actor,Inas Ezz El Din,2,2,0
Actor,Vyjayantimala,2,2,0
Actor,Georges Khabbaz,2,2,0
Actor,Jessica Collins,2,0,2
Actor,Marla Gibbs,2,2,0
Actor,Michael Cassidy,2,2,0
Actor,Chiwa Saito,2,0,2
Actor,Hai Qing,2,2,0
Actor,Diana Hardcastle,2,2,0
Actor,Jim Piddock,2,2,0
Actor,Tokio Emoto,2,0,2
Actor,Carmel Johnson,2,2,0
Actor,Taskya Namya,2,2,0
Actor,Ashok Banthia,2,2,0
Actor,BIn Gu,2,0,2
Actor,Dash Mihok,2,2,0
Actor,Mike Nawrocki,2,0,2
Actor,Milla Jovovich,2,2,0
Actor,Derek Richardson,2,2,0
Actor,Kang So-ra,2,0,2
Actor,Arunima Ghosh,2,2,0
Actor,Bianca Hello,2,2,0
Actor,Steve Byers,2,1,1
Actor,Malala Yousafzai,2,1,1
Actor,Robert Maillet,2,2,0
Actor,Monchanok Saengchaipiangpen,2,1,1
Actor,Chen Kuan Tai,2,2,0
Actor,Carl McDowell,2,2,0
Actor,Paresh Ganatra,2,2,0
Actor,Willa Holland,2,1,1
Actor,Misty Upham,2,2,0
Actor,Gracyn Shinyei,2,1,1
Actor,Qin Lan,2,0,2
Actor,Danneel Ackles,2,2,0
Actor,Kari Matchett,2,2,0
Actor,Park Hee-soon,2,2,0
Actor,Tomas Arana,2,2,0
Actor,Patrick John Flueger,2,1,1
Actor,Qu Jingjing,2,2,0
Actor,Miguel Vergara,2,2,0
Actor,Hala Fakher,2,2,0
Actor,Brad James,2,2,0
Actor,Kezia Aletheia,2,2,0
Actor,David Pearse,2,2,0
Actor,Carlos Manuel Vesga,2,1,1
Actor,Aymen Hamdouchi,2,2,0
Actor,Rachael Leigh Cook,2,2,0
Actor,Casey Simpson,2,1,1
Actor,Carman Lee,2,2,0
Actor,Sameh Hussain,2,2,0
Actor,Austin Abell,2,0,2
Actor,Soufiane Guerrab,2,1,1
Actor,Joe Spinell,2,2,0
Actor,Rocío Tavera,2,2,0
Actor,Michael McIntyre,2,2,0
Actor,Andrea Jeremiah,2,2,0
Actor,Max Brown,2,0,2
Actor,Zain Hamid,2,1,1
Actor,Dimitri Diatchenko,2,2,0
Actor,Ludwig Simon,2,1,1
Actor,Mohamed Emam,2,2,0
Actor,Sarah Rose Karr,2,2,0
Actor,Im Won-hee,2,0,2
Actor,Javed Khan,2,2,0
Actor,Tania Dutel,2,0,2
Actor,Alberto Jiménez,2,0,2
Actor,Aimee-Ffion Edwards,2,0,2
Actor,Ahmed Azmy,2,2,0
Actor,Öner Erkan,2,2,0
Actor,Helen Walsh,2,1,1
Actor,Odiseas Georgiadis,2,1,1
Actor,James Callis,2,0,2
Actor,Niles Fitch,2,1,1
Actor,Lee Sang-yi,2,0,2
Actor,Kim Tae-woo,2,1,1
Actor,Khaled Al-Buraiki,2,1,1
Actor,Sergio Ruggeri,2,1,1
Actor,Michael Pas,2,2,0
Actor,Marie-Ange Casta,2,2,0
Actor,Josh Pence,2,2,0
Actor,Kiko Mizuhara,2,1,1
Actor,Dan Byrd,2,2,0
Actor,Sauraseni Maitra,2,2,0
Actor,Ellen Kennedy,2,1,1
Actor,Daniela Wong,2,1,1
Actor,Akiyoshi Nakao,2,0,2
Actor,Pearl Okorie,2,1,1
Actor,Milind Gunaji,2,2,0
Actor,Komegumi Koiwasaki,2,1,1
Actor,Alice Pol,2,2,0
Actor,David Westhead,2,1,1
Actor,Denis Gómez,2,0,2
Actor,Salim Kechiouche,2,1,1
Actor,W. Earl Brown,2,1,1
Actor,Tawny Newsome,2,0,2
Actor,Afonso Padilha,2,1,1
Actor,Junior Roberts,2,2,0
Actor,Feng Lu,2,2,0
Actor,Esra Bezen Bilgin,2,2,0
Actor,Anna Ferruzzo,2,1,1
Actor,Verónica Sánchez,2,0,2
Actor,Um Chae-young,2,1,1
Actor,Engin Öztürk,2,0,2
Actor,Severija Janusauskaite,2,1,1
Actor,Haillie Sumney,2,2,0
Actor,Roger Cross,2,1,1
Actor,Anju Mahendru,2,2,0
Actor,Kalyanee Mulay,2,2,0
Actor,Younes Shalabi,2,2,0
Actor,Juan Manuel Guilera,2,1,1
Actor,Paul Tei,2,0,2
Actor,Stephen Henderson,2,2,0
Actor,Sheela Rajkumar,2,2,0
Actor,Andrea López,2,0,2
Actor,Sattaphong Phiangphor,2,0,2
Actor,Sergio Peris-Mencheta,2,2,0
Actor,Tunde Aladese,2,2,0
Actor,Go Bo-gyeol,2,0,2
Actor,Mercy Johnson,2,2,0
Actor,Koichi Tochika,2,2,0
Actor,Karthik Rathnam,2,2,0
Actor,Gina Yashere,2,2,0
Actor,James Cade,2,2,0
Actor,Teri Reeves,2,2,0
Actor,Bakary Diombera,2,1,1
Actor,Rita Pauls,2,1,1
Actor,Purav Bhandare,2,2,0
Actor,Fenna Ramos,2,2,0
Actor,Christian Tappán,2,0,2
Actor,Emilia Burns,2,1,1
Actor,Tenika Davis,2,1,1
Actor,Paul Sloan,2,2,0
Actor,Sheng Chiang,2,2,0
Actor,Dan Wyllie,2,1,1
Actor,Luke Jurevicius,2,1,1
Actor,Prakash Gadhu,2,2,0
Actor,Fuminori Komatsu,2,0,2
Actor,Melissa Karim,2,2,0
Actor,Shabbir Ahluwalia,2,2,0
Actor,Nour El-Sherif,2,2,0
Actor,Vineeth,2,2,0
Actor,Khris Davis,2,2,0
Actor,Li Jiuxiao,2,1,1
Actor,Bhagwan Tiwari,2,2,0
Actor,Yamila Saud,2,2,0
Actor,Ari Cohen,2,1,1
Actor,Roberto Farías,2,0,2
Actor,Matty Cardarople,2,2,0
Actor,Sundeep Kishan,2,2,0
Actor,Arkie Reece,2,2,0
Actor,August Schellenberg,2,2,0
Actor,Colin McFarlane,2,2,0
Actor,Richard Lintern,2,1,1
Actor,Ronnie Lazaro,2,2,0
Actor,Rashid Farooqi,2,1,1
Actor,Anil Mange,2,2,0
Actor,Leonardo Nam,2,1,1
Actor,Mark Stanley,2,1,1
Actor,Glenn Fredly,2,2,0
Actor,Emicida,2,2,0
Actor,Simon McBurney,2,2,0
Actor,Jaime Pressly,2,2,0
Actor,Camille Ramsey,2,0,2
Actor,Arron Villaflor,2,2,0
Actor,Alicia Rubio,2,2,0
Actor,Della Dartyan,2,2,0
Actor,Juan Pablo Gamboa,2,0,2
Actor,Plabita Borthakur,2,1,1
Actor,Sue Elliot Nicholls,2,1,1
Actor,Jon Jon Briones,2,0,2
Actor,Grace Zabriskie,2,1,1
Actor,Dheer Charan Srivastav,2,2,0
Actor,Richard Walters,2,1,1
Actor,Jimena Barón,2,2,0
Actor,Simon Mezher,2,1,1
Actor,Alba Gaïa Kraghede Bellugi,2,1,1
Actor,Melinda Page Hamilton,2,0,2
Actor,Sam Milby,2,2,0
Actor,Nora Danish,2,1,1
Actor,Augustus Prew,2,1,1
Actor,Peter Vives,2,0,2
Actor,Kevin Ushi,2,0,2
Actor,Prithviraj Sukumaran,2,2,0
Actor,Alexandria Deberry,2,2,0
Actor,Ginés García Millán,2,0,2
Actor,Greg Hemphill,2,0,2
Actor,Ye Ji-won,2,0,2
Actor,Joe Spano,2,1,1
Actor,Belle Shouse,2,1,1
Actor,Regina Wan,2,2,0
Actor,Uraz Kaygılaroğlu,2,1,1
Actor,Andrew Bowen,2,2,0
Actor,Kévin Mischel,2,2,0
Actor,Bruce Dinsmore,2,2,0
Actor,Indah Permatasari,2,2,0
Actor,Satish Pulekar,2,2,0
Actor,Kranti Redkar,2,2,0
Actor,Andrzej Seweryn,2,1,1
Actor,Alistair Abell,2,1,1
Actor,Patrick Garrow,2,1,1
Actor,Bae Suzy,2,0,2
Actor,Alvin Anson,2,2,0
Actor,India de Beaufort,2,0,2
Actor,Paula Brancati,2,1,1
Actor,Yen Tsao,2,0,2
Actor,Sol Miranda,2,2,0
Actor,Blue Lan,2,0,2
Actor,Tsuyoshi Ihara,2,2,0
Actor,Brent Morin,2,1,1
Actor,Quincy Fouse,2,0,2
Actor,Dhanush,2,2,0
Actor,Lika Berning,2,2,0
Actor,Manuel Morón,2,1,1
Actor,Jermaine Dupri,2,1,1
Actor,Imani Hakim,2,2,0
Actor,Jérémie Renier,2,1,1
Actor,Linda Bassett,2,0,2
Actor,Marcello Airoldi,2,1,1
Actor,Alix Poisson,2,1,1
Actor,Jason Liles,2,2,0
Actor,Niharica Raizada,2,2,0
Actor,Robert Hobbs,2,2,0
Actor,Tim Downie,2,0,2
Actor,Chioma Omeruah,2,1,1
Actor,Sandra Echeverría,2,1,1
Actor,Abril Zamora,2,1,1
Actor,Jeff Gum,2,2,0
Actor,Mavie Hörbiger,2,2,0
Actor,Michael J. Woodard,2,1,1
Actor,Kim Dae-myeong,2,0,2
Actor,Nishikant Kamat,2,2,0
Actor,Eli Shi,2,0,2
Actor,Sumesh,2,2,0
Actor,Kaori Ishihara,2,0,2
Actor,Kim Dong-yeong,2,1,1
Actor,Alan Thicke,2,2,0
Actor,Al Thompson,2,2,0
Actor,Sayaji Shinde,2,2,0
Actor,Ji Chang-wook,2,0,2
Actor,Walid Abdul Salam,2,2,0
Actor,Quinton Aaron,2,2,0
Actor,Janina Uhse,2,2,0
Actor,Mo'Nique,2,1,1
Actor,Chris Sarandon,2,2,0
Actor,Charlie Weber,2,1,1
Actor,Vanesa González,2,1,1
Actor,Angela Chang,2,0,2
Actor,Woo Shik Choi,2,2,0
Actor,Chen Yi-wen,2,2,0
Actor,Mamta Kulkarni,2,2,0
Actor,Tom Sturridge,2,2,0
Actor,Michael Emerson,2,0,2
Actor,Patrick Davis,2,2,0
Actor,Ruby Dee,2,2,0
Actor,Patricio Gallardo,2,0,2
Actor,Sam Lerner,2,1,1
Actor,Tanutchai Wijitvongtong,2,0,2
Actor,Pooja Bhatt,2,1,1
Actor,Don Stark,2,1,1
Actor,Adam Devine,2,1,1
Actor,Mumait Khan,2,2,0
Actor,Steven Van Zandt,2,1,1
Actor,Ramon Rodriguez,2,2,0
Actor,Henry Zebrowski,2,1,1
Actor,Fan Wei,2,2,0
Actor,Anusha Dhandekar,2,2,0
Actor,Suzan Aksoy,2,2,0
Actor,Mario Van Peebles,2,2,0
Actor,Vivaan Shah,2,2,0
Actor,Frantz Turner,2,2,0
Actor,Wai Ai,2,1,1
Actor,Cyndi Wang,2,0,2
Actor,Jorge Luis Moreno,2,2,0
Actor,Fukushi Ochiai,2,0,2
Actor,John Fashanu,2,2,0
Actor,Yvonne Jegede,2,2,0
Actor,Pushtii Shakti,2,1,1
Actor,Khadijha Red Thunder,2,2,0
Actor,John Gemberling,2,1,1
Actor,Reda Kateb,2,2,0
Actor,Judy Alice Lee,2,0,2
Actor,Seán Cullen,2,1,1
Actor,Jake T. Austin,2,1,1
Actor,Ching-kuan Wang,2,0,2
Actor,Meryem Uzerli,2,2,0
Actor,Ali Atay,2,0,2
Actor,Eugene Clark,2,2,0
Actor,Donny Alamsyah,2,2,0
Actor,Louise Fletcher,2,2,0
Actor,Bai Ling,2,2,0
Actor,Kim Dong-hee,2,0,2
Actor,Tuncer Salman,2,2,0
Actor,Storm Reid,2,2,0
Actor,Charlie Shotwell,2,2,0
Actor,Mary Beth Peil,2,0,2
Actor,Serra Yılmaz,2,2,0
Actor,Nam Mun-cheol,2,2,0
Actor,Leif Tilden,2,2,0
Actor,Beth Goulart,2,2,0
Actor,Larissa Manoela,2,2,0
Actor,Sofía Sisniega,2,1,1
Actor,Ranjit Bawa,2,2,0
Actor,Anupam Bhattacharya,2,1,1
Actor,Katy Perry,2,2,0
Actor,Edmund Kingsley,2,2,0
Actor,Derek Mears,2,2,0
Actor,Patrick Swayze,2,2,0
Actor,Marcela Mar,2,1,1
Actor,Tamsin Heatley,2,1,1
Actor,Janelle Chin,2,0,2
Actor,Alex Essoe,2,1,1
Actor,Lee Sun-kyun,2,1,1
Actor,Hunter Parrish,2,1,1
Actor,Oliver Dimsdale,2,1,1
Actor,Jung Eun-ji,2,0,2
Actor,Francesca Reale,2,1,1
Actor,Lynn,2,1,1
Actor,Bettany Hughes,2,0,2
Actor,Anthony Andrews,2,2,0
Actor,Tom Selleck,2,2,0
Actor,Hannah Arterton,2,0,2
Actor,Tony Genaro,2,2,0
Actor,Takehiro Hira,2,0,2
Actor,Palomi Ghosh,2,1,1
Actor,Theo Devaney,2,2,0
Actor,Akash Thosar,2,2,0
Actor,Chiung-Hsuan Hsieh,2,0,2
Actor,Desmond Tan,2,0,2
Actor,Casey Kasem,2,1,1
Actor,Jayasurya,2,2,0
Actor,Ernst Stötzner,2,1,1
Actor,Loubna Abidar,2,2,0
Actor,Emily Hampshire,2,1,1
Actor,Rachael Harris,2,1,1
Actor,Nia Vardalos,2,2,0
Actor,Zenia Starr,2,1,1
Actor,Olivia Bond,2,2,0
Actor,Florencia Raggi,2,1,1
Actor,Saswata Chatterjee,2,2,0
Actor,Bradley Stryker,2,0,2
Actor,Luise Wolfram,2,1,1
Actor,Yancey Arias,2,2,0
Actor,Jiro Manio,2,2,0
Actor,Brian Benben,2,0,2
Actor,Kyle Dooley,2,0,2
Actor,Taylor Russell,2,1,1
Actor,Hüseyin Avni Danyal,2,2,0
Actor,Samyuktha Menon,2,2,0
Actor,Josh McDermitt,2,0,2
Actor,Ray Santiago,2,1,1
Actor,Hiroyuki Kinoshita,2,0,2
Actor,Esther Yeh,2,0,2
Actor,Alejandro Suárez,2,2,0
Actor,Petrônio Gontijo,2,2,0
Actor,Cho Dal-hwan,2,2,0
Actor,Vanessa Bell Calloway,2,2,0
Actor,Magdalena Boczarska,2,1,1
Actor,Evan Williams,2,1,1
Actor,Mohamed Gaber,2,2,0
Actor,Martin Hutson,2,2,0
Actor,Cristin Milioti,2,1,1
Actor,Marco Leonardi,2,1,1
Actor,Monty Don,2,0,2
Actor,Kento Yamazaki,2,1,1
Actor,Susan Traylor,2,2,0
Actor,Zach Roerig,2,0,2
Actor,Sabina Mole,2,2,0
Actor,Lea DeLaria,2,1,1
Actor,Sanghmitra Hitaishi,2,1,1
Actor,Dominic Cooper,2,2,0
Actor,Shruti Bapna,2,2,0
Actor,Megan Ferguson,2,1,1
Actor,Fadlan Hazim,2,0,2
Actor,Anastasia Hille,2,0,2
Actor,Joe Thomas,2,0,2
Actor,David Corenswet,2,0,2
Actor,Saleh Bakri,2,2,0
Actor,Mariana Seoane,2,0,2
Actor,Mónica López,2,1,1
Actor,Matt Baram,2,2,0
Actor,Claudia Ramírez,2,1,1
Actor,Murray Hamilton,2,2,0
Actor,Rohan,2,2,0
Actor,Maris Racal,2,2,0
Actor,Gang Dong-won,2,2,0
Actor,Precious Mustapha,2,1,1
Actor,Rachel Ticotin,2,2,0
Actor,Poppy Drayton,2,1,1
Actor,Ankur Vikal,2,2,0
Actor,Kelly B. Jones,2,2,0
Actor,Varot Makaduangkeo,2,0,2
Actor,Brian Dcosta,2,1,1
Actor,Yurika Kubo,2,0,2
Actor,Jacob Dudman,2,0,2
Actor,Sara Canning,2,1,1
Actor,Randhir Kapoor,2,2,0
Actor,Inori Minase,2,0,2
Actor,Vivek Gomber,2,1,1
Actor,Christian De Sica,2,2,0
Actor,Chazz Palminteri,2,2,0
Actor,Andrés Baida,2,0,2
Actor,Assa Sylla,2,1,1
Actor,Joyraj Bhattacharya,2,2,0
Actor,Eldar Kalimulin,2,0,2
Actor,Tiago Correa,2,1,1
Actor,Thomas Gullestad,2,2,0
Actor,David Roach,2,0,2
Actor,Shreya Narayan,2,2,0
Actor,Miles Robbins,2,2,0
Actor,Karamo Brown,2,0,2
Actor,Liam James,2,2,0
Actor,Hana El Zahed,2,2,0
Actor,Sargun Mehta,2,2,0
Actor,Brian Dennehy,2,2,0
Actor,Jennifer Seguin,2,2,0
Actor,Ben Stein,2,2,0
Actor,Mike Noble,2,2,0
Actor,Koel Purie,2,2,0
Actor,Ian Tracey,2,0,2
Actor,Matt Ross,2,2,0
Actor,Amy Okuda,2,0,2
Actor,Défano Holwijn,2,2,0
Actor,Alexander Holtmann,2,1,1
Actor,Candace Nelson,2,0,2
Actor,Chaleeda Gilbert,2,1,1
Actor,Shashi Kapoor,2,2,0
Actor,Eliza Dushku,2,2,0
Actor,Andy Pessoa,2,0,2
Actor,Lisa Ray,2,2,0
Actor,Brad Hyland,2,2,0
Actor,Antoine Duléry,2,1,1
Actor,Charles Napier,2,2,0
Actor,Becky G.,2,2,0
Actor,Sainty Nelsen,2,1,1
Actor,Brandon Semenuk,2,2,0
Actor,Luz Valdez,2,2,0
Actor,Kanan Gill,2,2,0
Actor,Chiho Fujii,2,1,1
Actor,Jillian Bell,2,1,1
Actor,Brianne Tju,2,1,1
Actor,Josyane Boulos,2,2,0
Actor,Jason Ralph,2,0,2
Actor,Paul Blackthorne,2,1,1
Actor,Matthew Marsden,2,2,0
Actor,Mimi Gianopulos,2,2,0
Actor,Taufiq Hanafi,2,2,0
Actor,Gary Weeks,2,2,0
Actor,Zahiril Adzim,2,2,0
Actor,Sharon Muthu,2,1,1
Actor,Puru Chibber,2,1,1
Actor,Park Hyung-sik,2,0,2
Actor,Cheng Jen-shuo,2,2,0
Actor,Djamila,2,2,0
Actor,Orla Brady,2,1,1
Actor,Sahatchai 'Stop' Chumrum,2,2,0
Actor,Osamu Saka,2,0,2
Actor,Stephen Rannazzisi,2,2,0
Actor,Beck Bennett,2,2,0
Actor,Nina Pearce,2,2,0
Actor,Sad Al-Saghir,2,2,0
Actor,Annemarie Blanco,2,0,2
Actor,Peter Cullen,2,0,2
Actor,Raúl Jiménez,2,2,0
Actor,J.T. Walsh,2,2,0
Actor,Apasiri Nitibhon,2,1,1
Actor,Tom Cruise,2,2,0
Actor,Jitendra Kumar,2,1,1
Actor,Nergis Öztürk,2,2,0
Actor,Çağlar Çorumlu,2,2,0
Actor,Bridget Fonda,2,2,0
Actor,Arata Furuta,2,2,0
Actor,Mon Confiado,2,2,0
Actor,Ahmed Kamal,2,2,0
Actor,Maria Kawamura,2,2,0
Actor,James Saito,2,2,0
Actor,Leanne Liu,2,2,0
Actor,Munishkanth,2,2,0
Actor,Byron Mann,2,0,2
Actor,Sumire Uesaka,2,0,2
Actor,Bailey Chase,2,1,1
Actor,Lakshmi Menon,2,2,0
Actor,Mackenyu,2,2,0
Actor,Simon Sears,2,0,2
Actor,Euridice Axen,2,1,1
Actor,Jason London,2,2,0
Actor,Marcia DeBonis,2,1,1
Actor,Dee Dee Green,2,2,0
Actor,Mandy Tao,2,0,2
Actor,Rudklao Amratisha,2,0,2
Actor,Varsha Usgaonkar,2,2,0
Actor,Jolijn Henneman,2,2,0
Actor,José Dumont,2,1,1
Actor,Patrick Schwarzenegger,2,2,0
Actor,Erik LaRay Harvey,2,1,1
Actor,Moises Arias,2,2,0
Actor,Melanie Stone,2,2,0
Actor,Hayley Kiyoko,2,2,0
Actor,Fana Mokoena,2,2,0
Actor,Heath Ledger,2,2,0
Actor,Greg Germann,2,2,0
Actor,Mehmet Özgür,2,0,2
Actor,Lovie Simone,2,0,2
Actor,Sheryl Underwood,2,2,0
Actor,Adrian Martinez,2,2,0
Actor,Tiffany Espensen,2,1,1
Actor,Jeong-hwa Yang,2,0,2
Actor,Bikiya Graham Douglas,2,2,0
Actor,Shin Eun-soo,2,1,1
Actor,Mark Fleischmann,2,2,0
Actor,Aneesh Menon,2,2,0
Actor,Steve Cumyn,2,1,1
Actor,Zax Wang,2,0,2
Actor,Karl Davies,2,1,1
Actor,Maricel Soriano,2,2,0
Actor,Joel Fry,2,1,1
Actor,Brendan Fletcher,2,2,0
Actor,Leo Gregory,2,2,0
Actor,Park Hae-soo,2,1,1
Actor,Angela Sarafyan,2,2,0
Actor,Renuka Shahane,2,2,0
Actor,Adam Levine,2,2,0
Actor,Rafik Ali Ahmad,2,2,0
Actor,Sarah Greene,2,1,1
Actor,Yu Kang,2,2,0
Actor,Kevin Doyle,2,0,2
Actor,Marie Miyake,2,0,2
Actor,Gillian Chung,2,2,0
Actor,Pattarasaya Kreuasuwansri,2,1,1
Actor,Priyanshu Chatterjee,2,2,0
Actor,Kate Todd,2,1,1
Actor,Gary Owen,2,2,0
Actor,Flavia Hojda,2,2,0
Actor,Karen-Lise Mynster,2,2,0
Actor,Ari Irham,2,2,0
Actor,Albrecht Schuch,2,1,1
Actor,Yami Gautam,2,2,0
Actor,Dada Chan,2,2,0
Actor,Claire Bloom,2,2,0
Actor,Jeremy Irons,2,1,1
Actor,Vonny Cornellya,2,2,0
Actor,Frank Vincent,2,2,0
Actor,Jessica Capshaw,2,1,1
Actor,Brec Bassinger,2,1,1
Actor,Thamela Mpumlwana,2,0,2
Actor,Bo-hyun Ahn,2,0,2
Actor,Deborah Kara Unger,2,2,0
Actor,Baim Wong,2,2,0
Actor,Samantha Orozco,2,1,1
Actor,Talia Balsam,2,2,0
Actor,Asha Bromfield,2,1,1
Actor,Dawn Zulueta,2,2,0
Actor,Deep Dhillon,2,2,0
Actor,Juan Pablo Barragán,2,0,2
Actor,Kunle Coker,2,1,1
Actor,Anuj Choudhry,2,2,0
Actor,Dusty Sorg,2,2,0
Actor,Franco Ravera,2,2,0
Actor,Onata Aprile,2,2,0
Actor,Simona Brown,2,0,2
Actor,Adriane Lenox,2,1,1
Actor,Ulrich Mühe,2,2,0
Actor,Lauren German,2,1,1
Actor,Jan Nowicki,2,2,0
Actor,Max Charles,2,1,1
Actor,Annabelle Westenholz-Smith,2,0,2
Actor,Sophie Okonedo,2,1,1
Actor,Władysław Kowalski,2,2,0
Actor,Rory Scovel,2,2,0
Actor,Natasha Sinha,2,2,0
Actor,Dilraba Dilmurat,2,0,2
Actor,David Solans,2,0,2
Actor,Christopher Guest,2,2,0
Actor,Nash Grier,2,2,0
Actor,Susan Heyward,2,2,0
Actor,Baek Hyun-joo,2,0,2
Actor,David McCullough,2,1,1
Actor,Lance Reddick,2,2,0
Actor,Kel Mitchell,2,2,0
Actor,Daniel Sträßer,2,1,1
Actor,Ahn Hyo-min,2,1,1
Actor,Maura Tierney,2,2,0
Actor,François Arnaud,2,1,1
Actor,Brian Atkinson,2,1,1
Actor,Öykü Karayel,2,0,2
Actor,Lukáš Pavlásek,2,2,0
Actor,Vineeth Mohan,2,2,0
Actor,Andrea Roncato,2,1,1
Actor,Sanjeeda Sheikh,2,1,1
Actor,Connor Jessup,2,1,1
Actor,Ron Rifkin,2,2,0
Actor,Pilar Pascual,2,1,1
Actor,Anthony Welsh,2,2,0
Actor,Denise Richards,2,2,0
Actor,Kevin Bishop,2,2,0
Actor,Rafi Gavron,2,2,0
Actor,Felix Roco,2,1,1
Actor,Lidia Porto,2,2,0
Actor,Choi Min-soo,2,0,2
Actor,Kyra Sedgwick,2,2,0
Actor,Rebecca Jones,2,0,2
Actor,Peter Kim,2,2,0
Actor,Lee Jung-shin,2,0,2
Actor,Álex Gadea,2,0,2
Actor,Etsuko Kozakura,2,1,1
Actor,Damon Herriman,2,0,2
Actor,OC Ukeje,2,2,0
Actor,Lee Ji-hoon,2,0,2
Actor,Alicia Banit,2,1,1
Actor,Matthew Daddario,2,2,0
Actor,Marta Torné,2,1,1
Actor,John Finnegan,2,2,0
Actor,Valerie Harper,2,2,0
Actor,Tatum O'Neal,2,2,0
Actor,Rifka Lodeizen,2,1,1
Actor,Cindy Cheung,2,2,0
Actor,Hakan Salınmış,2,2,0
Actor,Ana Lucía Domínguez,2,0,2
Actor,Bhoomika Chawla,2,2,0
Actor,Briga Heelan,2,1,1
Actor,Andy Puddicombe,2,1,1
Actor,Jeremy Strong,2,2,0
Actor,Kim Jong-soo,2,0,2
Actor,Arci Muñoz,2,2,0
Actor,Babetida Sadjo,2,1,1
Actor,Joely Fisher,2,2,0
Actor,Park Cheol-min,2,1,1
Actor,Nesreen Ameen,2,2,0
Actor,Bryan Larkin,2,2,0
Actor,Tardu Flordun,2,2,0
Actor,Taylor Zakhar Perez,2,2,0
Actor,Dominique Fishback,2,2,0
Actor,Chang Zhang-xing,2,1,1
Actor,Shamim Hilaly,2,2,0
Actor,Aaron Stanford,2,2,0
Actor,Janet Moran,2,2,0
Actor,Pierre Bokma,2,2,0
Actor,Ruby Stokes,2,2,0
Actor,Lee Sung-min,2,1,1
Actor,Giovanna Alparone,2,2,0
Actor,Amey Wagh,2,2,0
Actor,Mark Blum,2,2,0
Actor,Mitsuki Saiga,2,0,2
Actor,Brian Van Holt,2,2,0
Actor,Yoshi Sudarso,2,0,2
Actor,Sandy Heribert,2,0,2
Actor,Taylor Kinney,2,2,0
Actor,Saori Onishi,2,0,2
Actor,Wu Kang-ren,2,1,1
Actor,Jordan Poole,2,1,1
Actor,Nick Shakoour,2,1,1
Actor,Shotaro Mamiya,2,1,1
Actor,Aileen Tan,2,0,2
Actor,Man-sik Jung,2,1,1
Actor,Nathan Simony,2,2,0
Actor,Kachapa Toncharoen,2,2,0
Actor,Penelope Mitchell,2,1,1
Actor,Lexi Giovagnoli,2,2,0
Actor,Carl Bland,2,1,1
Actor,Christopher Masterson,2,2,0
Actor,Mahmoud Ellithy,2,2,0
Actor,Risa Mizuno,2,0,2
Actor,Q-Tip,2,2,0
Actor,Danny Chan Kwok-kwan,2,2,0
Actor,Bhanu Uday,2,2,0
Actor,Jessica Simpson,2,2,0
Actor,Mark Consuelos,2,1,1
Actor,Sakshi Gulati,2,2,0
Actor,Eva De Dominici,2,2,0
Actor,Daniel Amerman,2,2,0
Actor,Elizabeth Ho,2,0,2
Actor,Adam Arkin,2,2,0
Actor,Ken Leung,2,1,1
Actor,Dhruv Ganesh,2,2,0
Actor,Ben Fogle,2,0,2
Actor,Bjørn Skagestad,2,0,2
Actor,Fernanda Castillo,2,0,2
Actor,Nate Mooney,2,1,1
Actor,Carolyn Pickles,2,0,2
Actor,Rachel Nichols,2,2,0
Actor,Danny Hoch,2,2,0
Actor,William Jordan,2,1,1
Actor,Mireille Enos,2,2,0
Actor,Rihanna,2,2,0
Actor,Rufus,2,2,0
Actor,Yosuke Eguchi,2,2,0
Actor,Víctor Trujillo,2,2,0
Actor,Mamata Shankar,2,2,0
Actor,Kenny Lin,2,2,0
Actor,Kristina Lilley,2,0,2
Actor,Chris Coy,2,2,0
Actor,Emilio Savinni,2,0,2
Actor,Ihana Dhillon,2,2,0
Actor,Dean Fujioka,2,1,1
Actor,Anthony Daniels,2,2,0
Actor,Pallavi Sharda,2,1,1
Actor,Kang-ho Song,2,2,0
Actor,Jang Hyuk,2,0,2
Actor,Brittany Raymond,2,0,2
Actor,Lee Won-jong,2,0,2
Actor,Hiroyuki Onoue,2,0,2
Actor,Loretta Walsh,2,1,1
Actor,Kaiji Soze,2,0,2
Actor,Risa Sudou,2,0,2
Actor,Scott Adsit,2,1,1
Actor,Jintanutda Lummakanon,2,0,2
Actor,Darrell Hammond,2,2,0
Actor,Michael Kitchen,2,2,0
Actor,Verónika Moral,2,0,2
Actor,Darren Pettie,2,1,1
Actor,Matthew Wolf,2,2,0
Actor,Enrique Villén,2,2,0
Actor,Vivan Bhatena,2,2,0
Actor,Pepe Rapazote,2,2,0
Actor,Nestor Carbonell,2,1,1
Actor,Joey Bragg,2,1,1
Actor,Kian Lawley,2,1,1
Actor,Valeria Bilello,2,1,1
Actor,Anne Curtis,2,2,0
Actor,George Takei,2,2,0
Actor,Anjelah Johnson-Reyes,2,2,0
Actor,Seok-Hwan An,2,1,1
Actor,Anna Diop,2,1,1
Actor,Jaggi Singh,2,2,0
Actor,Danilo Mesquita,2,1,1
Actor,Luis Ziembrowski,2,1,1
Actor,Beena,2,2,0
Actor,Maya Karin,2,2,0
Actor,Jonathan Lipnicki,2,2,0
Actor,Ana Cristina Botero,2,2,0
Actor,Kalabhavan Shajohn,2,2,0
Actor,Xosé Antonio Touriñán,2,0,2
Actor,Jasleen Singh,2,1,1
Actor,Fozzie Bear,2,2,0
Actor,Rafael Ferro,2,2,0
Actor,Aden Young,2,0,2
Actor,George Costigan,2,0,2
Actor,Jeremy Jordan,2,1,1
Actor,Geoff Dolan,2,0,2
Actor,Will Bowes,2,0,2
Actor,Odd Magnus Williamson,2,1,1
Actor,K.J. Apa,2,1,1
Actor,Rob Tinkler,2,0,2
Actor,Sean Patrick Flanery,2,2,0
Actor,Charlotte Stewart,2,2,0
Actor,Maya Erskine,2,2,0
Actor,Vishesh Bansal,2,1,1
Actor,Judith Barsi,2,2,0
Actor,Sean Young,2,2,0
Actor,Ahsaas Channa,2,0,2
Actor,Paul du Toit,2,2,0
Actor,Joseph Motiki,2,0,2
Actor,Eddie Spears,2,1,1
Actor,Jamieson Price,2,0,2
Actor,Joanna Kulig,2,0,2
Actor,Cornelio Sunny,2,2,0
Actor,Jerry Lewis,2,2,0
Actor,Xu Ming-jie,2,0,2
Actor,Ricardo Gómez,2,1,1
Actor,Kathir,2,2,0
Actor,Ricky Davao,2,2,0
Actor,Sterling Jerins,2,2,0
Actor,Holly Gauthier-Frankel,2,1,1
Actor,Rob Heaps,2,0,2
Actor,Antonia Thomas,2,1,1
Actor,Carla Jimenez,2,2,0
Actor,Jakob Davies,2,2,0
Actor,Todd Louiso,2,2,0
Actor,Melody Perkins,2,0,2
Actor,Katherine Kelly,2,0,2
Actor,Naina Apte,2,2,0
Actor,Pujitha Ponnada,2,1,1
Actor,Derya Karadaş,2,2,0
Actor,Marcela Benjumea,2,0,2
Actor,Raj Kapoor,2,2,0
Actor,John Larroquette,2,2,0
Actor,Jagan,2,2,0
Actor,Seth Meyers,2,2,0
Actor,Louis Herthum,2,1,1
Actor,Jack Binstead,2,1,1
Actor,Charlotte Gabris,2,2,0
Actor,Michael Rainey Jr.,2,2,0
Actor,Choi Jung-woo,2,1,1
Actor,Adelaide Clemens,2,1,1
Actor,Pradeep Kalipurayath,2,2,0
Actor,Isabella Gomez,2,1,1
Actor,Persia White,2,1,1
Actor,Summer Bishil,2,1,1
Actor,JJ Feild,2,0,2
Actor,Christian Madsen,2,2,0
Actor,John Lennon,2,2,0
Actor,Dorian Harewood,2,2,0
Actor,Mitsuhiro Ichiki,2,0,2
Actor,Day Mesquita,2,2,0
Actor,Michael Hawley,2,1,1
Actor,Rafael Spregelburd,2,2,0
Actor,Christopher Backus,2,2,0
Actor,Anthony Ramos,2,1,1
Actor,Yun Ju-sang,2,0,2
Actor,Cassi Thomson,2,2,0
Actor,Peter O'Toole,2,2,0
Actor,Ezra Buzzington,2,2,0
Actor,Paul Hipp,2,2,0
Actor,Patrick Huard,2,2,0
Actor,Noel Gallagher,2,2,0
Actor,Malachi Kirby,2,1,1
Actor,Sei Matobu,2,1,1
Actor,Emilia Clarke,2,2,0
Actor,Keke Palmer,2,2,0
Actor,Georgina Campbell,2,0,2
Actor,Shane Jacobsen,2,1,1
Actor,Ehlo Huang,2,0,2
Actor,Bianca Bai,2,0,2
Actor,Ammy Virk,2,2,0
Actor,Yumi Toma,2,1,1
Actor,Stuart Graham,2,2,0
Actor,Martin Klebba,2,2,0
Actor,Sultan Köroğlu Kılıç,2,2,0
Actor,Kyle Harvey,2,1,1
Actor,Pablo Cedrón,2,1,1
Actor,Robin Weigert,2,2,0
Actor,Sarah Davenport,2,2,0
Actor,Loyiso Madinga,2,0,2
Actor,Willow Smith,2,0,2
Actor,Shim Hye-jin,2,0,2
Actor,Cree Cicchino,2,1,1
Actor,Meesha Contreras,2,1,1
Actor,Joavany Álvarez,2,2,0
Actor,Ira Dubey,2,2,0
Actor,Mikako Tabe,2,0,2
Actor,Hend Sabry,2,2,0
Actor,Andrés Iniesta,2,2,0
Actor,Thomas Lacey,2,1,1
Actor,Fadily Camara,2,1,1
Actor,Otia Vitalis,2,2,0
Actor,Tiki Barber,2,0,2
Actor,Ana Bertha Espín,2,0,2
Actor,Robin Shou,2,2,0
Actor,Mami Ozaki,2,1,1
Actor,Randee Heller,2,2,0
Actor,Kunal Nayyar,2,2,0
Actor,Jorge Suquet,2,1,1
Actor,DJ Khaled,2,1,1
Actor,Emily Kinney,2,1,1
Actor,Bojana Novakovic,2,2,0
Actor,Michelan Sisti,2,2,0
Actor,Turlough Convery,2,2,0
Actor,Sunita Mani,2,0,2
Actor,Elise Schaap,2,1,1
Actor,Khaled Abol Naga,2,2,0
Actor,Erik Griffin,2,2,0
Actor,Ambyr Childers,2,1,1
Actor,Grace Park,2,2,0
Actor,Gonzalo Menendez,2,2,0
Actor,Sabry Fawwaz,2,2,0
Actor,Masuo Amada,2,1,1
Actor,Matt Ellis,2,1,1
Actor,Nathalie Kelley,2,0,2
Actor,Jacek Beler,2,1,1
Actor,James Stewart,2,2,0
Actor,Sergio Goyri,2,1,1
Actor,Michael Cristofer,2,2,0
Actor,Figaro Tseng,2,0,2
Actor,Barnie Duncan,2,0,2
Actor,Malaika Arora,2,2,0
Actor,Supassra Thanachat,2,0,2
Actor,Point Cholawit Meetongcom,2,0,2
Actor,Charles Malik Whitfield,2,2,0
Actor,Nicolás Durán,2,1,1
Actor,Jung Soo-young,2,0,2
Actor,Alan Powell,2,2,0
Actor,Lauren Tom,2,1,1
Actor,Spencer MacPherson,2,0,2
Actor,Jeff Anderson,2,2,0
Actor,Luxia Jiang,2,2,0
Actor,Raj Premi,2,2,0
Actor,Fernán Mirás,2,2,0
Actor,Disha Patani,2,2,0
Actor,Patrick Delmas,2,0,2
Actor,Dean Wareham,2,2,0
Actor,Mathew Horne,2,1,1
Actor,Patrick Mofokeng,2,1,1
Actor,Nancy Kim,2,0,2
Actor,Chen Zhi Hui,2,2,0
Actor,Strother Martin,2,2,0
Actor,Heather Burns,2,1,1
Actor,Isabel Durant,2,0,2
Actor,Veer Rajwant Singh,2,2,0
Actor,Gashmeer Mahajani,2,1,1
Actor,Luis Alberti,2,1,1
Actor,Osita Iheme,2,2,0
Actor,Luisana Lopilato,2,2,0
Actor,Madeline Zima,2,2,0
Actor,Charebelle Lanlalin,2,0,2
Actor,Daisy Head,2,1,1
Actor,Ashley Boettcher,2,1,1
Actor,Mohamed Alkendi,2,2,0
Actor,Bob Brisbane,2,0,2
Actor,Victoria Almeida,2,0,2
Actor,Shaima Saif,2,2,0
Actor,Viraaj Modgill,2,1,1
Actor,Stan Lee,2,2,0
Actor,Vin Diesel,2,2,0
Actor,Klaus Steinbacher,2,1,1
Actor,Sulabha Arya,2,2,0
Actor,Desiree Burch,2,0,2
Actor,Jen Kirkman,2,2,0
Actor,Maddie Phillips,2,0,2
Actor,Hannah Ware,2,1,1
Actor,Andy Whitfield,2,1,1
Actor,Pepe Herrera,2,2,0
Actor,Matteo van der Grijn,2,1,1
Actor,Charles Mesure,2,1,1
Actor,Sarah Butler,2,2,0
Actor,Luke Pasqualino,2,1,1
Actor,Guru Somasundaram,2,2,0
Actor,Maysara,2,2,0
Actor,Julio Oscar Mechoso,2,2,0
Actor,Flaminia Cinque,2,2,0
Actor,Kyla-Drew,2,1,1
Actor,Chika Fujito,2,1,1
Actor,Juan Blanco,2,0,2
Actor,John Ducey,2,2,0
Actor,Owen Wilson,2,2,0
Actor,Gerard Kearns,2,1,1
Actor,Murad,2,2,0
Actor,Lorynn York,2,2,0
Actor,Colleen Smith,2,0,2
Actor,Sung-rok Shin,2,2,0
Actor,Lisa Flanagan,2,0,2
Actor,Ashley Bornancin,2,1,1
Actor,Saoirse Ronan,2,2,0
Actor,Ayumu Mochizuki,2,0,2
Actor,Sanjeev Kumar,2,2,0
Actor,Mayumi Shintani,2,1,1
Actor,Adam Demos,2,1,1
Actor,Candice King,2,1,1
Actor,Pierre Deladonchamps,2,2,0
Actor,Dylan Playfair,2,0,2
Actor,Scott Eastwood,2,2,0
Actor,Ramdane Aala,2,2,0
Actor,Manav Gohil,2,1,1
Actor,Ji Seung-hyun,2,0,2
Actor,Tracy Lynn Cruz,2,0,2
Actor,Miranda Hart,2,1,1
Actor,Stephen Baldwin,2,2,0
Actor,Derek Stephen Prince,2,0,2
Actor,Arachaporn Pokinpakorn,2,0,2
Actor,Ramsés Ramos,2,0,2
Actor,Tony Hawk,2,1,1
Actor,Mark Lee,2,2,0
Actor,Chris Redd,2,1,1
Actor,Michaela Dean,2,0,2
Actor,Vinay Sharma,2,2,0
Actor,Law Kar-Ying,2,2,0
Actor,Juan Manuel Tenuta,2,2,0
Actor,Jessica Chaffin,2,1,1
Actor,Bridgit Mendler,2,1,1
Actor,Jordan Hayes,2,1,1
Actor,Melanie Chandra,2,1,1
Actor,Rebecca Liddiard,2,0,2
Actor,Charlotte Jordan,2,2,0
Actor,Im Si-wan,2,0,2
Actor,Antonia Zegers,2,2,0
Actor,Cody Horn,2,2,0
Actor,Lulu Wilson,2,1,1
Actor,Jung Woong-in,2,0,2
Actor,Zbigniew Zamachowski,2,2,0
Actor,Aidy Bryant,2,2,0
Actor,Alejandro Awada,2,1,1
Actor,So-ri Moon,2,2,0
Actor,Ashraf Hamdy,2,2,0
Actor,Tim Minchin,2,2,0
Actor,John Kennedy,2,0,2
Actor,Madeleine Blaustein,2,0,2
Actor,Victoria Pedretti,2,0,2
Actor,Montserrat Marañón,2,2,0
Actor,Fan Kuang-yao,2,0,2
Actor,Dan Spielman,2,0,2
Actor,Wang Xun,2,2,0
Actor,Max Mauff,2,1,1
Actor,Tom Nowicki,2,2,0
Actor,Hannah Fierman,2,2,0
Actor,Jane Morris,2,2,0
Actor,Elma Stefania Agustsdottir,2,1,1
Actor,Brian Hooks,2,2,0
Actor,Ifu Ennada,2,2,0
Actor,Jenna Kanell,2,2,0
Actor,Elizabeth Hoffman,2,2,0
Actor,Goga Kapoor,2,2,0
Actor,Şükrü Özyıldız,2,1,1
Actor,Scott Whyte,2,0,2
Actor,Pok Piyatida Woramusik,2,1,1
Actor,Sirachuch Chienthaworn,2,0,2
Actor,Angelique Boyer,2,0,2
Actor,Charlie Wernham,2,1,1
Actor,Sali Levent,2,2,0
Actor,Antonia Prebble,2,0,2
Actor,Lise Baastrup,2,0,2
Actor,Geetanjali Thapa,2,2,0
Actor,China Zorrilla,2,2,0
Actor,Adam Conover,2,1,1
Actor,Sia,2,2,0
Actor,Ali Çelik,2,2,0
Actor,Liv Lisa Fries,2,0,2
Actor,Lisa Marie Caruk,2,2,0
Actor,Yukiyo Fujii,2,0,2
Actor,Kaniehtiio Horn,2,1,1
Actor,Christine Cavanaugh,2,2,0
Actor,Jeany Spark,2,0,2
Actor,Sushil Pandey,2,2,0
Actor,Choi Si-won,2,1,1
Actor,Barış Yıldız,2,2,0
Actor,Becky,2,0,2
Actor,Cris Villonco,2,2,0
Actor,Rob Collins,2,0,2
Actor,Kashmira Irani,2,1,1
Actor,Ana Golja,2,1,1
Actor,Mansaku Fuwa,2,0,2
Actor,Luis Eduardo Arango,2,1,1
Actor,Shakira Barrera,2,0,2
Actor,Alyvia Alyn Lind,2,1,1
Actor,Marshall Bell,2,2,0
Actor,Héctor Bonilla,2,2,0
Actor,Gautham Menon,2,2,0
Actor,Charlie Hofheimer,2,2,0
Actor,Martina Schöne-Radunski,2,2,0
Actor,Tomiwa Tegbe,2,1,1
Actor,Kazuki Namioka,2,0,2
Actor,John Rubinstein,2,2,0
Actor,Affif Ben Badra,2,2,0
Actor,Virgilio Riento,2,2,0
Actor,Angela Sithole,2,1,1
Actor,Michael Gladis,2,0,2
Actor,Jessica Paquet,2,0,2
Actor,Natcha Juntapan,2,1,1
Actor,Geraldine Viswanathan,2,2,0
Actor,Margot Bingham,2,1,1
Actor,Kenneth Choi,2,1,1
Actor,Tom Njemanze,2,2,0
Actor,Michelle Mitchenor,2,2,0
Actor,Michael Beasley,2,2,0
Actor,Choi Soo-young,2,0,2
Actor,Jaime Ordoñez,2,2,0
Actor,Deborah Findlay,2,2,0
Actor,Kumar Natarajan,2,2,0
Actor,Sebastian Armesto,2,1,1
Actor,Ratna Riantiarno,2,2,0
Actor,Dominic Power,2,2,0
Actor,Jeon Tae-yeol,2,1,1
Actor,Alex Fong,2,2,0
Actor,Nayo Wallace,2,0,2
Actor,Jairo Ordóñez,2,1,1
Actor,Hanadi Al-Kandari,2,0,2
Actor,Paula Cohen,2,2,0
Actor,Yang Jeong-hwa,2,1,1
Actor,Lee Lee-zen,2,0,2
Actor,Wonho Chung,2,2,0
Actor,Christian López,2,2,0
Actor,Jorge García,2,2,0
Actor,Tarek Abdel Aziz,2,2,0
Actor,Russell Hornsby,2,1,1
Actor,Rakesh Chaturvedi Om,2,2,0
Actor,Drew Starkey,2,1,1
Actor,Andrew Hefler,2,2,0
Actor,Jeffrey Combs,2,1,1
Actor,Slamet Rahardjo,2,2,0
Actor,Karanvir Malhotra,2,1,1
Actor,Ryan Simpkins,2,2,0
Actor,Lisa Ann Walter,2,2,0
Actor,Kermit the Frog,2,2,0
Actor,Leila Arcieri,2,2,0
Actor,Lars Ulrich,2,1,1
Actor,Meg Ryan,2,2,0
Actor,Ben Foster,2,2,0
Actor,Joe Torry,2,2,0
Actor,Ha-Nui Lee,2,1,1
Actor,Sherine,2,1,1
Actor,John Lynch,2,1,1
Actor,Edward Fox,2,1,1
Actor,Nahed El Sebaï,2,2,0
Actor,Terry Klassen,2,1,1
Actor,Gloria Garayua,2,1,1
Actor,Art Malik,2,2,0
Actor,Allison Lin,2,0,2
Actor,Adebukola Oladipupo,2,2,0
Actor,Eric Podnar,2,2,0
Actor,Melina Lizette,2,2,0
Actor,Harsh Mayar,2,2,0
Actor,Giovanna Zacarías,2,2,0
Actor,Chris Distefano,2,0,2
Actor,Leonie Benesch,2,0,2
Actor,Maiara Walsh,2,2,0
Actor,Bill Tung,2,2,0
Actor,Johnny Galecki,2,2,0
Actor,Callie Hernandez,2,1,1
Actor,Mieke De Groote,2,0,2
Actor,Sebastián Osorio,2,0,2
Actor,Todd Glass,2,2,0
Actor,Olivier Martinez,2,2,0
Actor,Silverio Palacios,2,1,1
Actor,David Cubitt,2,1,1
Actor,Trevor Howard,2,1,1
Actor,Masashi Sugawara,2,1,1
Actor,François Damiens,2,2,0
Actor,William Katt,2,2,0
Actor,Dean Edwards,2,0,2
Actor,Shobana,2,2,0
Actor,Kenta Hamano,2,1,1
Actor,Amanda Clayton,2,2,0
Actor,Lindsay Lohan,2,1,1
Actor,Laura Vandervoort,2,0,2
Actor,Nappon Gomarachun,2,0,2
Actor,Neil Napier,2,1,1
Actor,Luke Bilyk,2,2,0
Actor,Tom McCarthy,2,1,1
Actor,Patrick Béthune,2,0,2
Actor,Manish Bhuvan,2,2,0
Actor,Dawn Olivieri,2,2,0
Actor,Keisuke Oda,2,1,1
Actor,Lan Cheng-Lung,2,0,2
Actor,Nchifor Valery,2,2,0
Actor,Sandrine Holt,2,1,1
Actor,Jennifer Taylor,2,2,0
Actor,Somer Karvan,2,2,0
Actor,Kaley Cuoco,2,1,1
Actor,Niels Schneider,2,1,1
Actor,Michael D. Cohen,2,1,1
Actor,Brent Pendergrass,2,1,1
Actor,Tisha Campbell-Martin,2,2,0
Actor,Samuel Roukin,2,1,1
Actor,Anaitha Nair,2,2,0
Actor,Chuck Shamata,2,2,0
Actor,Avantika Akerkar,2,2,0
Actor,Jorge A. Jiménez,2,1,1
Actor,Chelsea Kane,2,1,1
Actor,Elora Espano,2,2,0
Actor,Kate Pang,2,0,2
Actor,Jon Bass,2,2,0
Actor,Kotaro Yoshida,2,1,1
Actor,Doon Mackichan,2,0,2
Actor,Salma Salem,2,0,2
Actor,Luca Marinelli,2,2,0
Actor,Consuelo Duval,2,1,1
Actor,Lucas Black,2,2,0
Actor,Manuela Oyarzún,2,1,1
Actor,Géraldine Bazán,2,0,2
Actor,Hyun-moo Jun,2,0,2
Actor,Vittorio De Sica,2,2,0
Actor,Shelley Longworth,2,1,1
Actor,Gary Grubbs,2,2,0
Actor,Yuki Takahashi,2,1,1
Actor,Saqib Saleem,2,2,0
Actor,Stefan Kurt,2,2,0
Actor,Monte Markham,2,2,0
Actor,John Getz,2,2,0
Actor,Sophie Ward,2,1,1
Actor,Swati Chitnis,2,2,0
Actor,Victor Wong,2,2,0
Actor,Brays Efe,2,1,1
Actor,Poonam Dhillon,2,2,0
Actor,Chris Miller,2,1,1
Actor,Mohamed El Korchi,2,2,0
Actor,Brett Goldstein,2,0,2
Actor,Leela Chitnis,2,2,0
Actor,Adrianna Biedrzyńska,2,2,0
Actor,Master P,2,2,0
Actor,Hinata Tadokoro,2,0,2
Actor,Mel Rodriguez,2,2,0
Actor,Claire Corlett,2,2,0
Actor,Jeremy Sisto,2,2,0
Actor,Francesco De Carlo,2,2,0
Actor,Kim Tae-hee,2,0,2
Actor,Diana Silvers,2,1,1
Actor,Big Jay Oakerson,2,0,2
Actor,Shweta Basu Prasad,2,1,1
Actor,Eliza Coupe,2,1,1
Actor,Crina Semciuc,2,2,0
Actor,Leo Howard,2,1,1
Actor,Maria Naganawa,2,0,2
Actor,Cindy Lien,2,0,2
Actor,Yasin Houicha,2,1,1
Actor,Dean McDermott,2,1,1
Actor,Steve Whitmire,2,2,0
Actor,Zach Cherry,2,1,1
Actor,Buğra Gülsoy,2,2,0
Actor,Andrea Roth,2,2,0
Actor,Youssef Chahine,2,2,0
Actor,Jonathan Keltz,2,1,1
Actor,Syrus Shahidi,2,1,1
Actor,Pratima Kazmi,2,2,0
Actor,Meray Ülgen,2,2,0
Actor,Harry Jarvis,2,2,0
Actor,Sue Swan,2,2,0
Actor,Steve Bacic,2,1,1
Actor,Thanawetch Siriwattanakul,2,0,2
Actor,Gord Downie,2,2,0
Actor,Antony Varghese,2,2,0
Actor,Gökçe Bahadır,2,1,1
Actor,Zheng Geping,2,0,2
Actor,Randal Edwards,2,2,0
Actor,Aurora Ribero,2,2,0
Actor,Sandra Corveloni,2,1,1
Actor,Woo-sung Jung,2,2,0
Actor,Lucy Montgomery,2,1,1
Actor,Lee Ki-young,2,1,1
Actor,Christine Marie Cabanos,2,0,2
Actor,Ariana Richards,2,2,0
Actor,Andy Dick,2,2,0
Actor,Shane West,2,2,0
Actor,Okan Çabalar,2,2,0
Actor,Dana Carvey,2,2,0
Actor,Darren Chiu,2,0,2
Actor,Takaya Yamauchi,2,2,0
Actor,Michael Horse,2,1,1
Actor,Shanna Collins,2,2,0
Actor,Stephan Kampwirth,2,1,1
Actor,Riisa Naka,2,1,1
Actor,Tanmay Dhanania,2,2,0
Actor,Maria Bock,2,2,0
Actor,Bobby Campo,2,1,1
Actor,Josiah Hogan,2,2,0
Actor,Valeria Bertuccelli,2,2,0
Actor,Shelby Simmons,2,1,1
Actor,Patsy Garrett,2,2,0
Actor,Grażyna Szapołowska,2,2,0
Actor,Solbjørg Højfeldt,2,0,2
Actor,Swati Semwal,2,2,0
Actor,Jin-joo Park,2,0,2
Actor,Nivas Adithan,2,2,0
Actor,Sheetal Singh,2,2,0
Actor,China Anne McClain,2,1,1
Actor,Mark Moses,2,1,1
Actor,Mathieu Demy,2,0,2
Actor,Camille Razat,2,1,1
Actor,Tamim Abdou,2,1,1
Actor,Max Irons,2,2,0
Actor,Maxim Khalil,2,0,2
Actor,Gunnar Hansen,2,2,0
Actor,Daniel Brochu,2,2,0
Actor,Sonalee Kulkarni,2,2,0
Actor,Wang Yutian,2,2,0
Actor,Shingo Kato,2,1,1
Actor,Nina Gummich,2,0,2
Actor,Irene Escolar,2,2,0
Actor,Lee Dong-hwi,2,1,1
Actor,Aiko Melendez,2,2,0
Actor,Miguel de Miguel,2,0,2
Actor,Hong Seung-hee,2,0,2
Actor,Shafira Umm,2,2,0
Actor,Katie Leigh,2,1,1
Actor,Henry Ian Cusick,2,1,1
Actor,Gizem Erdogan,2,0,2
Actor,Mandy Takhar,2,2,0
Actor,Ersa Mayori,2,2,0
Actor,Jeff Goldblum,2,2,0
Actor,Sunny Mabrey,2,2,0
Actor,Mrunal Thakur,2,2,0
Actor,Nam Do-hyeong,2,0,2
Actor,Kia Stevens,2,0,2
Actor,Oh Dae-whan,2,1,1
Actor,Sara Botsford,2,2,0
Actor,Chester Tam,2,2,0
Actor,Silvia Navarro,2,2,0
Actor,Soma Bhatia,2,1,1
Actor,Monica Gill,2,2,0
Actor,Wang Kai,2,2,0
Actor,Joan Rivers,2,2,0
Actor,Faris Khalid,2,2,0
Actor,Yael Grobglas,2,1,1
Actor,Aoi Nakamura,2,1,1
Actor,James Parks,2,1,1
Actor,Enrique Arce,2,1,1
Actor,Claudia Chakrapan,2,0,2
Actor,Siddarth,2,1,1
Actor,Evan Rachel Wood,2,2,0
Actor,Julio De Grazia,2,2,0
Actor,Aubrey Cleland,2,1,1
Actor,Shiki Aoki,2,0,2
Actor,Louis Ashbourne Serkis,2,2,0
Actor,Zoie Palmer,2,0,2
Actor,Constance Marie,2,2,0
Actor,Dinah Manoff,2,2,0
Actor,Joshua J. Ballard,2,2,0
Actor,Kim Min-jong,2,0,2
Actor,Ushan Çakır,2,0,2
Actor,Daniel Hendler,2,1,1
Actor,Drew Pinsky,2,1,1
Actor,Hubert Delattre,2,1,1
Actor,Nick Zano,2,1,1
Actor,Zhu Zhu,2,1,1
Actor,Jenna Dewan,2,1,1
Actor,Katrina Devine,2,0,2
Actor,Steef de Bot,2,0,2
Actor,Bshara Atallah,2,2,0
Actor,Naomi Shindo,2,0,2
Actor,Mohammed Azaay,2,2,0
Actor,Nikki Valdez,2,2,0
Actor,Jennifer Connelly,2,2,0
Actor,Katrin Pollitt,2,2,0
Actor,Amparo Grisales,2,0,2
Actor,Ijeoma Grace Agu,2,2,0
Actor,Anoop Menon,2,2,0
Actor,Mina El Hammani,2,0,2
Actor,Chuck D.,2,2,0
Actor,Patrick Descamps,2,1,1
Actor,Michael Jeter,2,2,0
Actor,Akansha Ranjan Kapoor,2,1,1
Actor,Peter Yarrow,2,2,0
Actor,Aras Bulut İynemli,2,1,1
Actor,Jason Wiles,2,1,1
Actor,Chen Shucheng,2,0,2
Actor,Russell Posner,2,1,1
Actor,Phyllida Law,2,2,0
Actor,Greta Gregory,2,2,0
Actor,Danielle Campbell,2,1,1
Actor,Takeo Otsuka,2,1,1
Actor,Martin Slipak,2,1,1
Actor,Montserrat Lombard,2,2,0
Actor,Donny Roelvink,2,2,0
Actor,Katy Louise Saunders,2,2,0
Actor,Adam Greydon Reid,2,1,1
Actor,Shery Adel,2,2,0
Actor,Zofia Wichłacz,2,0,2
Actor,Ian Matthews,2,1,1
Actor,Angela Winkler,2,1,1
Actor,Michelle Harrison,2,2,0
Actor,Anna Akana,2,2,0
Actor,Keir O'Donnell,2,2,0
Actor,Susana Abaitua,2,2,0
Actor,Anson Paul,2,2,0
Actor,Nancy Linehan Charles,2,2,0
Actor,Elisha Applebaum,2,1,1
Actor,Miles Davis,2,2,0
Actor,Mónica Del Carmen,2,2,0
Actor,Claudia Placer,2,2,0
Actor,Eliot Salt,2,1,1
Actor,Robert Axelrod,2,0,2
Actor,Sophia Thomalla,2,2,0
Actor,Patience Ozokwor,2,2,0
Actor,Pratik Gandhi,2,2,0
Actor,Vince Kao,2,0,2
Actor,Antonio Tabet,2,2,0
Actor,Dan Snow,2,0,2
Actor,Richard Ayoade,2,0,2
Actor,Rajesh Khattar,2,2,0
Actor,Daniel Martínez,2,0,2
Actor,Mick Jagger,2,2,0
Actor,Vidyadhar Joshi,2,2,0
Actor,Jung-min Park,2,1,1
Actor,Countess Vaughn,2,0,2
Actor,Oriol Pla,2,1,1
Actor,Graham Norton,2,2,0
Actor,Lucia Walters,2,2,0
Actor,Roger Moore,2,2,0
Actor,Ana Scotney,2,2,0
Actor,Bill Lader,2,2,0
Actor,Archie Renaux,2,1,1
Actor,Kevin Carroll,2,1,1
Actor,Mj Rodriguez,2,1,1
Actor,Laura Prepon,2,0,2
Actor,Ben McKenzie,2,1,1
Actor,Vinoth Kishan,2,2,0
Actor,Ella Jonas Farlinger,2,1,1
Actor,Ragaa Hussein,2,2,0
Actor,An Seo Hyun,2,1,1
Actor,B-Fine,2,2,0
Actor,Parker Young,2,1,1
Actor,Zachary Ray Sherman,2,1,1
Actor,Yin Fang,2,2,0
Actor,G. Hannelius,2,1,1
Actor,Denis Arndt,2,2,0
Actor,Rob James-Collier,2,0,2
Actor,Martin Wuttke,2,2,0
Actor,Trevor Noah,2,2,0
Actor,David A.R. White,2,2,0
Actor,Kevin Ardilova,2,2,0
Actor,Mona Hala,2,2,0
Actor,Demetri Goritsas,2,1,1
Actor,Foaz Al -Shatti,2,0,2
Actor,Sudhir,2,2,0
Actor,Frank Sinatra,2,2,0
Actor,Rosalind Chao,2,2,0
Actor,Nat Ho,2,0,2
Actor,Alan Bates,2,2,0
Actor,Valentina Acosta,2,0,2
Actor,Dan Milano,2,0,2
Actor,Alosian Vivancos,2,1,1
Actor,Ungsumalynn Sirapatsakmetha,2,1,1
Actor,Debbi Morgan,2,2,0
Actor,Madaleine Arthur,2,2,0
Actor,Stefan Weinert,2,1,1
Actor,Jana Pérez,2,0,2
Actor,Robert Carlyle,2,2,0
Actor,Ellen Hillingsø,2,0,2
Actor,Claudio Rissi,2,1,1
Actor,Samuel Larsen,2,2,0
Actor,Michelle Wolf,2,2,0
Actor,Zhao Wei,2,2,0
Actor,Israel Elejalde,2,1,1
Actor,Jin-young Jung,2,1,1
Actor,Carrie Brownstein,2,1,1
Actor,Ryu Seung-ryong,2,1,1
Actor,Dan Hedaya,2,2,0
Actor,Eric Stoltz,2,2,0
Actor,Jang Ki-yong,2,1,1
Actor,Suhair El-Babili,2,2,0
Actor,Taiwo Obileye,2,1,1
Actor,Kiria Malheiros,2,2,0
Actor,Bülent Emrah Parlak,2,2,0
Actor,Richard Kohnke,2,2,0
Actor,"Justin ""Alyssa Edwards"" Johnson",2,1,1
Actor,JoBeth Williams,2,2,0
Actor,Feng Shaofeng,2,1,1
Actor,Chris Kattan,2,2,0
Actor,Jordan Rock,2,2,0
Actor,Wallace Chung,2,2,0
Actor,Chaitanya Sharma,2,1,1
Actor,Mawar de Jongh,2,2,0
Actor,Benjamín Amadeo,2,2,0
Actor,Jason Lewis,2,2,0
Actor,Samadhi Zendejas,2,0,2
Actor,Vithaya Pansringarm,2,1,1
Actor,Yuji Kondo,2,0,2
Actor,Dave Pettitt,2,0,2
Actor,Gideon Adlon,2,0,2
Actor,Tommy Caldwell,2,2,0
Actor,Jessica Parker Kennedy,2,2,0
Actor,Sharanya,2,2,0
Actor,Joseph J. Terry,2,0,2
Actor,Ashwin Chitale,2,2,0
Actor,Allison Hossack,2,2,0
Actor,Beau Brooks,2,2,0
Actor,Takeru Sato,2,2,0
Actor,Will Mellor,2,1,1
Actor,Andrea Osvárt,2,2,0
Actor,Szu-Chia Chen,2,2,0
Actor,Kenji Utsumi,2,0,2
Actor,Rajatabha Dutta,2,2,0
Actor,Tanya Chisholm,2,1,1
Actor,Noma Dumezweni,2,1,1
Actor,Aaron Burns,2,2,0
Actor,Nicholas Pryor,2,2,0
Actor,Ezra Weisz,2,0,2
Actor,Gbubemi Ejeye,2,2,0
Actor,Garrick Hagon,2,2,0
Actor,Oded Fehr,2,1,1
Actor,Corey Burton,2,2,0
Actor,Jerry O'Connell,2,2,0
Actor,Eliza Bennett,2,2,0
Actor,Aina Clotet,2,2,0
Actor,Kaitlyn Bernard,2,2,0
Actor,Jeetendra,2,2,0
Actor,Kim Bum,2,0,2
Actor,Jens Albinus,2,1,1
Actor,Alexxis Lemire,2,2,0
Actor,Juliet Doherty,2,2,0
Actor,Nilesh Diwekar,2,2,0
Actor,Mac Mohan,2,2,0
Actor,Little Richard,2,2,0
Actor,Umesh Kamat,2,2,0
Actor,Yousef Fawzy,2,2,0
Actor,Gaurav Pandey,2,2,0
Actor,Zhao Lixin,2,1,1
Actor,Finn Wittrock,2,0,2
Actor,Griffin Newman,2,1,1
Actor,Ray Yang,2,0,2
Actor,Sherilyn Fenn,2,1,1
Actor,Mark Griffin,2,2,0
Actor,Charles S. Dutton,2,2,0
Actor,Christian Rubeck,2,1,1
Actor,Carolina Bang,2,2,0
Actor,Hani Furstenberg,2,2,0
Actor,Matt Salinger,2,2,0
Actor,Kathrine Thorborg Johansen,2,1,1
Actor,Pankaj Jha,2,2,0
Actor,Mackenzie Gray,2,0,2
Actor,Miller Khan,2,1,1
Actor,Keith Cooke,2,2,0
Actor,Antonio Pedro Tabet,2,1,1
Actor,Chanelle Peloso,2,2,0
Actor,Kentaro Sakaguchi,2,2,0
Actor,Gunn Junhavat,2,0,2
Actor,Barbara Scaff,2,1,1
Actor,Michael Xavier,2,1,1
Actor,Seyilaw,2,2,0
Actor,David Wilson Barnes,2,1,1
Actor,Stéphane Caillard,2,1,1
Actor,Sylvaine Strike,2,2,0
Actor,Sid Haig,2,2,0
Actor,Nao Albet,2,1,1
Actor,Wojciech Mecwaldowski,2,2,0
Actor,Clive Russell,2,0,2
Actor,Mark Monero,2,2,0
Actor,Dana Wheeler-Nicholson,2,2,0
Actor,David Errigo Jr,2,1,1
Actor,Eric Clapton,2,2,0
Actor,Piper Laurie,2,1,1
Actor,Rodrigo Abed,2,0,2
Actor,Rowan Atkinson,2,2,0
Actor,Andy Favreau,2,1,1
Actor,Am Rashed,2,2,0
Actor,Kiki Narendra,2,1,1
Actor,Björn Granath,2,1,1
Actor,Jandino Asporaat,2,2,0
Actor,Jacob Bertrand,2,1,1
Actor,Ülkü Duru,2,1,1
Actor,Amandla Stenberg,2,0,2
Actor,Patrick Brammall,2,0,2
Actor,Jassa Ahluwalia,2,2,0
Actor,Lito Pimentel,2,2,0
Actor,Matt Vogel,2,2,0
Actor,Richard Bohringer,2,2,0
Actor,Mitchell Whitfield,2,1,1
Actor,Joel Marsh Garland,2,1,1
Actor,Young-chang Song,2,1,1
Actor,Nayan Shukla,2,1,1
Actor,Randy McDowell,2,2,0
Actor,Kumaravel,2,2,0
Actor,César Troncoso,2,2,0
Actor,Flora Diaz,2,2,0
Actor,Teyonah Parris,2,2,0
Actor,Dexter Fletcher,2,2,0
Actor,Selwyn Ward,2,0,2
Actor,Loyiso Gola,2,1,1
Actor,Luz María Jerez,2,2,0
Actor,James Carter Cathcart,2,0,2
Actor,Ashley Benson,2,2,0
Actor,Erich Bergen,2,1,1
Actor,Jun Hashimoto,2,2,0
Actor,Gavin Lewis,2,1,1
Actor,Stephanie Gil,2,2,0
Actor,Will Poulter,2,2,0
Actor,Joaquín Reyes,2,2,0
Actor,Akarin Akaranitimaytharatt,2,0,2
Actor,Parineeti Chopra,2,2,0
Actor,Suhasini,2,2,0
Actor,Kate Moran,2,0,2
Actor,Lebleba,2,2,0
Actor,Tom Everett,2,2,0
Actor,Betsy Brandt,2,1,1
Actor,Alannah Ong,2,2,0
Actor,Laurent Lucas,2,0,2
Actor,Zhang Shui Fa,2,0,2
Actor,Ellen Wong,2,1,1
Actor,Octavian Kaul,2,0,2
Actor,Murat Boz,2,2,0
Actor,Mariola Fuentes,2,1,1
Actor,Nayantara,2,2,0
Actor,Cain Velasquez,2,2,0
Actor,Sam Jaeger,2,2,0
Actor,Shivkumar Subramaniam,2,2,0
Actor,Geoffrey McGivern,2,1,1
Actor,Rafael De La Fuente,2,1,1
Actor,Anders Baasmo Christiansen,2,2,0
Actor,Kamal Hassan,2,2,0
Actor,JoAnna Garcia Swisher,2,1,1
Actor,Eman El-Sayed,2,2,0
Actor,Lena Klenke,2,1,1
Actor,Eddie Pepitone,2,2,0
Actor,Nathanael Saleh,2,1,1
Actor,Roan Curtis,2,1,1
Actor,Nina Hellman,2,0,2
Actor,James Giblin,2,0,2
Actor,John Cameron Mitchell,2,2,0
Actor,Hariata Moriarty,2,2,0
Actor,Draya Michele,2,2,0
Actor,Kristy Swanson,2,2,0
Actor,Zawe Ashton,2,1,1
Actor,Mark Addy,2,2,0
Actor,Tomás Pozzi,2,2,0
Actor,Hassan Zaidi,2,1,1
Actor,Douglas Hodge,2,1,1
Actor,Isabella Ferrari,2,2,0
Actor,Muskkaan Jaferi,2,1,1
Actor,Demi Banwo,2,2,0
Actor,Catherine Kamau,2,2,0
Actor,Abdullah Al Hamiri,2,2,0
Actor,Brad Swaile,2,1,1
Actor,Christian Vasquez,2,0,2
Actor,Williams Uchemba,2,2,0
Actor,Angelique Cabral,2,2,0
Actor,Yunus Parvez,2,2,0
Actor,Suanne Braun,2,2,0
Actor,Toby Sebastian,2,2,0
Actor,Biassini Segura,2,1,1
Actor,P.J. Soles,2,2,0
Actor,Sarah Hyland,2,2,0
Actor,Sosie Bacon,2,2,0
Actor,John Vernon,2,2,0
Actor,Chinmay Mandlekar,2,2,0
Actor,Nawaf Alshubaili,2,1,1
Actor,Barkhad Abdi,2,2,0
Actor,Camila Bossa,2,0,2
Actor,Warren Masemola,2,1,1
Actor,Ege Tanman,2,1,1
Actor,Vera Yen,2,1,1
Actor,Glenn Plummer,2,2,0
Actor,Hee-seon Kim,2,0,2
Actor,Daisuke Hirakawa,2,0,2
Actor,Kim Hae-suk,2,0,2
Actor,Jorge Clemente,2,1,1
Actor,Tuesday Weld,2,2,0
Actor,Carina Lau,2,2,0
Actor,Taylor Momsen,2,1,1
Actor,Daniel Lundh,2,0,2
Actor,Lillian Blankenship,2,2,0
Actor,Chris Britton,2,1,1
Actor,Worrawech Danuwong,2,1,1
Actor,Daniel Ings,2,0,2
Actor,Qi Shu,2,2,0
Actor,Beverly Todd,2,2,0
Actor,Jon Stewart,2,2,0
Actor,Emeka Nwagbaraocha,2,1,1
Actor,Steve Guttenberg,2,2,0
Actor,Lindsey Morgan,2,1,1
Actor,Anton Lesser,2,1,1
Actor,Sílvia Abril,2,2,0
Actor,Simone Singh,2,2,0
Actor,A.J. Cook,2,1,1
Actor,Sally Hawkins,2,2,0
Actor,Darsheel Safary,2,2,0
Actor,Ashley Olsen,2,2,0
Actor,Lulu Xu,2,1,1
Actor,Oscar Salazar,2,0,2
Actor,Paloma Picasso,2,2,0
Actor,Sarah Solemani,2,0,2
Actor,Devadarshini Chetan,2,2,0
Actor,Lidia San José,2,0,2
Actor,Ysa Penarejo,2,1,1
Actor,Khalil Kain,2,2,0
Actor,Sérgio Malheiros,2,1,1
Actor,Paul Braunstein,2,2,0
Actor,Mandira Bedi,2,1,1
Actor,Sara Lazzaro,2,2,0
Actor,Jencarlos Canela,2,0,2
Actor,Agha,2,2,0
Actor,Hazuki Shimizu,2,1,1
Actor,Takeshi Kaneshiro,2,2,0
Actor,Dan Chameroy,2,0,2
Actor,Tom Guiry,2,2,0
Actor,Robert Kazinsky,2,2,0
Actor,Yiğit Kirazcı,2,1,1
Actor,Jessica Stroup,2,1,1
Actor,Celia Imrie,2,2,0
Actor,Alex Karpovsky,2,2,0
Actor,Néstor Guzzini,2,1,1
Actor,Marcus Vanco,2,1,1
Actor,Eva Marcille,2,2,0
Actor,Delzad Hiwale,2,2,0
Actor,Ümit Bülent Dinçer,2,2,0
Actor,Rosa María Bianchi,2,1,1
Actor,Christian Serratos,2,0,2
Actor,Mike Seal,2,2,0
Actor,Rahul Bagga,2,1,1
Actor,Vic Tayback,2,2,0
Actor,Harry Connick Jr.,2,2,0
Actor,Ashley Johnson,2,1,1
Actor,Pia Lanciotti,2,1,1
Actor,Joanna Scanlan,2,1,1
Actor,Karimah Westbrook,2,1,1
Actor,Gustaf Skarsgård,2,1,1
Actor,Jonathan Kite,2,1,1
Actor,Pepe Ocio,2,0,2
Actor,Russell Hodgkinson,2,1,1
Actor,Katija Pevec,2,2,0
Actor,Álvaro Roig,2,2,0
Actor,Laurent Capelluto,2,0,2
Actor,Liz Bonnin,2,0,2
Actor,Nadine Labaky,2,2,0
Actor,Kainaat Arora,2,2,0
Actor,Steve Schirripa,2,2,0
Actor,Ludovica Martino,2,2,0
Actor,Jessica Amlee,2,0,2
Actor,Nadine Velazquez,2,2,0
Actor,Lin He Xuan,2,1,1
Actor,Jake Epstein,2,2,0
Actor,Danuta Stenka,2,2,0
Actor,Janusz Chabior,2,2,0
Actor,Jonathan Majors,2,2,0
Actor,Yael Stone,2,0,2
Actor,Anna Francolini,2,2,0
Actor,Joséphine de La Baume,2,1,1
Actor,Koichi Iwaki,2,2,0
Actor,Gonca Vuslateri,2,2,0
Actor,Tommie-Amber Pirie,2,2,0
Actor,Feryal Youssef,2,2,0
Actor,Sinan Bengier,2,2,0
Actor,Ruby Lin,2,0,2
Actor,Heidi Niedermeyer,2,2,0
Actor,Huang Lu,2,2,0
Actor,Cissy Houston,2,2,0
Actor,Jun Fukushima,2,0,2
Actor,Lucinda Jenney,2,2,0
Actor,Alberto Ajaka,2,0,2
Actor,S.J. Surya,2,2,0
Actor,Louise Ford,2,0,2
Actor,Thagubothu Ramesh,2,2,0
Actor,Jimmy Wong,2,1,1
Actor,Kim Hawthorne,2,1,1
Actor,Jacob Derwig,2,2,0
Actor,Mike Vaughn,2,1,1
Actor,George Dzundza,2,2,0
Actor,Andy Milder,2,1,1
Actor,'Najite Dede,2,1,1
Actor,Ohad Knoller,2,2,0
Actor,Paul Winfield,2,2,0
Actor,Özgü Namal,2,2,0
Actor,Irfan Khan,2,2,0
Actor,Olivia Cooke,2,1,1
Actor,Leonardo Ortizgris,2,1,1
Actor,Ini Edo,2,2,0
Actor,Dawnisha Halfkenny,2,2,0
Actor,Ted Dykstra,2,0,2
Actor,Çağatay Ulusoy,2,1,1
Actor,David O'Hara,2,2,0
Actor,Nelson Camayo,2,0,2
Actor,Viswanathan Sridhar,2,1,1
Actor,Ali Kazmi,2,2,0
Actor,Romeo Miller,2,2,0
Actor,Kevin Chamberlin,2,2,0
Actor,Robert Clotworthy,2,0,2
Actor,Jane Sibbett,2,2,0
Actor,Omar Benson Miller,2,1,1
Actor,Sayaka Akimoto,2,0,2
Actor,Rob Sitch,2,1,1
Actor,Rachel Hurd-Wood,2,2,0
Actor,Asit Kumar Sen,2,2,0
Actor,Finesse Mitchell,2,2,0
Actor,Mandakini,2,2,0
Actor,Serena Dalrymple,2,2,0
Actor,Hiroki Takahashi,2,0,2
Actor,Ekavali Khanna,2,2,0
Actor,Andres Williams,2,1,1
Actor,Nikita Dutta,2,2,0
Actor,Richard van Weyden,2,2,0
Actor,Patricia Arquette,2,2,0
Actor,Aitor Luna,2,2,0
Actor,Amruta Khanvilkar,2,2,0
Actor,Aric Ho,2,0,2
Actor,Martin Bobb-Semple,2,2,0
Actor,Lisa Owen,2,0,2
Actor,Bovi Ugboma,2,2,0
Actor,Zoe Tay,2,0,2
Actor,Akiva Schaffer,2,2,0
Actor,Sermet Yeşil,2,1,1
Actor,Blaire Chang,2,0,2
Actor,Shoya Chiba,2,0,2
Actor,Mini Tsai,2,0,2
Actor,Adrian Dunbar,2,1,1
Actor,Ashwin Mushran,2,2,0
Actor,David Ostrosky,2,2,0
Actor,Tae Won-seok,2,0,2
Actor,Paul Chahidi,2,2,0
Actor,Diamond White,2,0,2
Actor,Michael Bisping,2,1,1
Actor,Luke Amis,2,0,2
Actor,Landon Liboiron,2,0,2
Actor,Gulfam Khan,2,1,1
Actor,Ksenia Solo,2,1,1
Actor,Patricia Ja Lee,2,0,2
Actor,Mike Pniewski,2,2,0
Actor,Fabrizio Bentivoglio,2,2,0
Actor,Jesse Inocalla,2,0,2
Actor,Debra Messing,2,2,0
Actor,Barclay Hope,2,1,1
Actor,Chemban Vinod Jose,2,2,0
Actor,Pierra Makena,2,2,0
Actor,Elçin Sangu,2,1,1
Actor,Ivan Massagué,2,0,2
Actor,John Dumelo,2,2,0
Actor,Daniel Di Biase,2,2,0
Actor,Eric Nelsen,2,2,0
Actor,Lupe Ontiveros,2,2,0
Actor,Bülent Çolak,2,2,0
Actor,Ian Hart,2,1,1
Actor,Alba Ribas,2,2,0
Actor,Lars Rudolph,2,2,0
Actor,Kyung-gu Seol,2,2,0
Actor,Ella Ballentine,2,2,0
Actor,Gwendoline Yeo,2,0,2
Actor,Kyeong-rim Park,2,0,2
Actor,Paul Herman,2,2,0
Actor,Vijay Kenkre,2,2,0
Actor,Zain Khan Durrani,2,2,0
Actor,Nicholas Colasanto,2,1,1
Actor,Felix Starck,2,2,0
Actor,Gloria Foster,2,2,0
Actor,Elizabeth McGovern,2,1,1
Actor,The Notorious B.I.G.,2,2,0
Actor,Chase Williamson,2,2,0
Actor,Rohan Joshi,2,2,0
Actor,Simran Kaur Mundi,2,2,0
Actor,Serhat Tutumluer,2,0,2
Actor,José Ramón Rosario,2,2,0
Actor,Julio Casado,2,0,2
Actor,Fiona Ramsey,2,2,0
Actor,Alejandro Nones,2,0,2
Actor,Sanam Saeed,2,1,1
Actor,Juliette Binoche,2,1,1
Actor,Kayode Olaiya,2,2,0
Actor,Karole Rocher,2,2,0
Actor,Ko Min-si,2,1,1
Actor,Ceren Moray,2,1,1
Actor,Amit Deondi,2,2,0
Actor,Sharif Atkins,2,2,0
Actor,Ishtiyak Khan,2,2,0
Actor,İbrahim Çelikkol,2,1,1
Actor,Sunny Charles,2,2,0
Actor,Julian Dennison,2,2,0
Actor,Agustín Silva,2,2,0
Actor,India Eisley,2,2,0
Actor,Fernando Arévalo,2,0,2
Actor,Stephen Ahanonu,2,2,0
Actor,Christopher Castile,2,2,0
Actor,Joey Rasdien,2,2,0
Actor,Virginia Gardner,2,1,1
Actor,Uqasha Senrose,2,1,1
Actor,Pongsatorn Jongwilak,2,2,0
Actor,Tanusree Chakraborty,2,2,0
Actor,Odessa Young,2,2,0
Actor,Ella Smith,2,1,1
Actor,Marcus Griffin,2,2,0
Actor,Yuen Qiu,2,2,0
Actor,Fu Lei,2,0,2
Actor,Prem Prakash,2,2,0
Actor,Elaine Hendrix,2,2,0
Actor,Samia Trabelsi,2,2,0
Actor,James Dean,2,2,0
Actor,Leonard Wu,2,1,1
Actor,Raj Mehra,2,2,0
Actor,Grace Van Patten,2,2,0
Actor,Phil Hendrie,2,1,1
Actor,Ione Skye,2,2,0
Actor,Lori Loughlin,2,0,2
Actor,Sabrina Carpenter,2,2,0
Actor,Benjamin Biolay,2,1,1
Actor,Philip Maurice Hayes,2,1,1
Actor,Supriya Pilgaonkar,2,2,0
Actor,Kenny Lucas,2,1,1
Actor,Nathaniel Parker,2,1,1
Actor,Spencer House,2,0,2
Actor,Mi-sook Lee,2,0,2
Actor,Li Wang,2,2,0
Actor,Noriko Shitaya,2,0,2
Actor,Tom Vermeir,2,1,1
Actor,Danish Hussain,2,1,1
Actor,Rajiv Lakshman,2,2,0
Actor,Yeong-wung Jeong,2,0,2
Actor,Chai Fonacier,2,2,0
Actor,Garland Whitt,2,1,1
Actor,Shannon Elizabeth,2,2,0
Actor,Chitrangada Chakraborty,2,2,0
Actor,Sofia Lesaffre,2,1,1
Actor,Toprak Sergen,2,2,0
Actor,Nicola Coughlan,2,0,2
Actor,John Gatins,2,2,0
Actor,Shun Oguri,2,2,0
Actor,Çağdaş Onur Öztürk,2,0,2
Actor,Jaeden Martell,2,2,0
Actor,Annie Parisse,2,1,1
Actor,Alejandro Aguilar,2,0,2
Actor,Emilie de Ravin,2,2,0
Actor,Johanna Fadul,2,0,2
Actor,Hugh Dillon,2,2,0
Actor,Maxim Roy,2,0,2
Actor,Aayam Mehta,2,2,0
Actor,Luis Guzman,2,2,0
Actor,Ana María Estupiñán,2,0,2
Actor,Cristián de la Fuente,2,2,0
Actor,Kang Ki-doong,2,0,2
Actor,Margarita Magaña,2,0,2
Actor,Alicia Sánchez,2,2,0
Actor,Karim Leklou,2,2,0
Actor,Julianna Guill,2,2,0
Actor,Ashwini Kalsekar,2,2,0
Actor,Robert Klein,2,2,0
Actor,Anatole Taubman,2,1,1
Actor,Tetchie Agbayani,2,2,0
Actor,Biswajit Chakraborty,2,2,0
Actor,Sananthachat Thanapatpisal,2,1,1
Actor,Hafeez Oyetoro,2,2,0
Actor,Gal Gadot,2,2,0
Actor,Yoon Du-jun,2,0,2
Actor,Gary Dourdan,2,2,0
Actor,Wesley Morgan,2,1,1
Actor,Janet Jackson,2,2,0
Actor,Tony Sun,2,0,2
Actor,Christian Camargo,2,1,1
Actor,D. Santosh,2,2,0
Actor,Cara Seymour,2,2,0
Actor,Jennifer Morrison,2,2,0
Actor,Daraneenuch Pasutanavin,2,0,2
Actor,Bill Hunter,2,2,0
Actor,Usha Uthup,2,2,0
Actor,Josh Mostel,2,2,0
Actor,Holly Weston,2,2,0
Actor,D. Narsingh Rao,2,2,0
Actor,Jason Pai Piao,2,2,0
Actor,Wymen Yang,2,0,2
Actor,Stacy Rock,2,2,0
Actor,Thomas Rosales Jr.,2,2,0
Actor,Kathryn Drysdale,2,0,2
Actor,Lyon Smith,2,0,2
Actor,Jack McGee,2,2,0
Actor,Jimmy Smits,2,1,1
Actor,Vincent Lacoste,2,2,0
Actor,David Krumholtz,2,1,1
Actor,Devon Graye,2,2,0
Actor,Mara Derwent,2,2,0
Actor,Ron Yuan,2,2,0
Actor,Harish Patel,2,2,0
Actor,Kim Ju-hun,2,0,2
Actor,Lou Taylor Pucci,2,2,0
Actor,Vikram,2,2,0
Actor,Lee Kwang-soo,2,0,2
Actor,Shamaine Centenera,2,2,0
Actor,Michael Taber,2,0,2
Actor,Samantha Logan,2,1,1
Actor,Steve Staley,2,0,2
Actor,Jodi Lyn O'Keefe,2,2,0
Actor,Linda Fiorentino,2,2,0
Actor,R.J. Mitte,2,1,1
Actor,Samuel Landea,2,2,0
Actor,Tika Bravani,2,2,0
Actor,Mircea Monroe,2,1,1
Actor,Adil Dehbi,2,1,1
Actor,Keean Johnson,2,2,0
Actor,Robert Bailey Jr.,2,1,1
Actor,Kim Young-chul,2,0,2
Actor,Obba Babatundé,2,2,0
Actor,Himesh Reshammiya,2,2,0
Actor,Hala Finley,2,1,1
Actor,Aseel Omran,2,0,2
Actor,Tyler Alvarez,2,1,1
Actor,Brooke Smith,2,2,0
Actor,Alex Jennings,2,1,1
Actor,Tim Man,2,2,0
Actor,Sari Nila,2,2,0
Actor,Mary Paz Mata,2,2,0
Actor,Gautham Vasudev Menon,2,0,2
Actor,Myung-Ryul Nam,2,1,1
Actor,Emma Holzer,2,2,0
Actor,Tommy Swerdlow,2,2,0
Actor,Mirai Moriyama,2,2,0
Actor,Dena Kaplan,2,1,1
Actor,Inés Sainz,2,0,2
Actor,Stefanie Martini,2,2,0
Actor,Gabriel Lan,2,0,2
Actor,Jake Weber,2,2,0
Actor,Alora Sasam,1,0,1
Actor,Kirikou S'hai Muldrow,1,0,1
Actor,Max Cavenham,1,1,0
Actor,Ali Haji,1,1,0
Actor,Ross Lynch,1,0,1
Actor,Ina Marie Smith,1,1,0
Actor,João Lagarto,1,1,0
Actor,Mili Avital,1,1,0
Actor,Sota Shinohara,1,1,0
Actor,Maximilian Brückner,1,0,1
Actor,Dinesh Lamba,1,1,0
Actor,Bedir Bedir,1,1,0
Actor,Wil Willis,1,0,1
Actor,Candice Modiselle,1,0,1
Actor,Charles Lin,1,0,1
Actor,Kandis Wanarun,1,0,1
Actor,Niharika Singh,1,1,0
Actor,Lenny Kravitz,1,1,0
Actor,Lilliya Scarlett Reid,1,0,1
Actor,Neda Margrethe Labba,1,1,0
Actor,Samy Seghir,1,1,0
Actor,Amel Bouchoucha,1,0,1
Actor,Yui Takano,1,1,0
Actor,Elma Mbadiwe,1,1,0
Actor,Thomás Lepera,1,1,0
Actor,Derel Isaac,1,1,0
Actor,Lee Kyu-han,1,0,1
Actor,Ivory Aquino,1,1,0
Actor,Alejandra Herrera,1,1,0
Actor,Liza Wilk,1,1,0
Actor,Kwak Si-yang,1,0,1
Actor,Justin Baldoni,1,0,1
Actor,Kirk Ward,1,1,0
Actor,Yohanan Herson,1,1,0
Actor,Roma,1,1,0
Actor,Lina El Arabi,1,0,1
Actor,Horan Chiaki,1,1,0
Actor,Ghanim Alzerlli,1,1,0
Actor,Andrea Bang,1,0,1
Actor,Lauren Cochrane,1,1,0
Actor,Liang Aiqi,1,0,1
Actor,Angela Gibbs,1,1,0
Actor,Amy Stryker,1,1,0
Actor,Ron Mueck,1,1,0
Actor,Eyad Ayman Kaifi,1,1,0
Actor,Kate Fleetwood,1,1,0
Actor,Jack Messina,1,0,1
Actor,Laëtitia Eïdo,1,0,1
Actor,Welker White,1,1,0
Actor,Theo Germaine,1,0,1
Actor,Karthi,1,1,0
Actor,Gkay,1,1,0
Actor,Chen Yen-chun,1,0,1
Actor,Yang Chen,1,0,1
Actor,Cindy Pickett,1,1,0
Actor,Abraham Rodríguez,1,0,1
Actor,Kevin G. Quinn,1,0,1
Actor,Anna Sawai,1,0,1
Actor,Matthew Bohrer,1,1,0
Actor,Jamila Ibrahim,1,1,0
Actor,Samir Sabri,1,1,0
Actor,Fiammetta Cicogna,1,1,0
Actor,Justin Collette,1,0,1
Actor,Melanie Chartoff,1,1,0
Actor,Dave Grohl,1,1,0
Actor,Florence Pernel,1,0,1
Actor,Tobias Kersloot,1,0,1
Actor,Jack Murray,1,0,1
Actor,Liang Yimu,1,0,1
Actor,Mohamed El Dafrawy,1,1,0
Actor,Richard Lukunku,1,1,0
Actor,Nacho López,1,1,0
Actor,Isela Vega,1,1,0
Actor,Renan Medeiros,1,1,0
Actor,James Waterston,1,0,1
Actor,Goize Blanco,1,0,1
Actor,Florrie Wilkinson,1,1,0
Actor,Begê Muniz,1,0,1
Actor,Meral Okay,1,1,0
Actor,Dolly Bindra,1,1,0
Actor,Emin Olcay,1,1,0
Actor,Diana Egwuatu,1,1,0
Actor,Øystein Røger,1,0,1
Actor,Ashok Lokhande,1,1,0
Actor,Firmine Richard,1,0,1
Actor,Arpit Chaudhary,1,1,0
Actor,Hepi Mita,1,1,0
Actor,Kang Hong-suk,1,0,1
Actor,P. Lynn Johnson,1,1,0
Actor,Hisham Suliman,1,0,1
Actor,Patrick Roche,1,1,0
Actor,Liza Colón-Zayas,1,1,0
Actor,Taylor Negron,1,1,0
Actor,Lee Ji-eun,1,0,1
Actor,Wang Sen,1,1,0
Actor,Tony Panterra,1,1,0
Actor,Deng Yuli,1,0,1
Actor,Abigail Adriano,1,0,1
Actor,Ade Otukoya,1,1,0
Actor,Tahmoh Penikett,1,1,0
Actor,Alexis Whelan,1,1,0
Actor,Tayo Faniran,1,1,0
Actor,Kiku Sharda,1,0,1
Actor,Josh Server,1,1,0
Actor,José Alfredo González Dzul,1,1,0
Actor,Lucinta Luna,1,1,0
Actor,Josie Totah,1,1,0
Actor,Coumba Dieng,1,1,0
Actor,Kaustubh Kumar,1,1,0
Actor,Yichi Zhang,1,1,0
Actor,Stephen Colbert,1,1,0
Actor,George Slebi,1,0,1
Actor,Lisa Pam Tok,1,1,0
Actor,Sofía Araujo,1,0,1
Actor,Yiftach Mizrahi,1,0,1
Actor,Landon McDonald,1,0,1
Actor,Michael Kudakwashe,1,1,0
Actor,Jeremy Shamos,1,1,0
Actor,Shivani Tanksale,1,1,0
Actor,Parminder Nagra,1,1,0
Actor,Aída Morales,1,1,0
Actor,David Chiu,1,0,1
Actor,Kerith Atkinson,1,0,1
Actor,Jordan Sandhu,1,1,0
Actor,Nia Sarfo,1,1,0
Actor,Manu Dieguez,1,0,1
Actor,Tinka Furst,1,1,0
Actor,Geeta Sudan,1,1,0
Actor,Matt Riedy,1,0,1
Actor,Ismail Alhassan,1,1,0
Actor,Esther Gohourou,1,1,0
Actor,Hao Shuai,1,0,1
Actor,Sarah Trigger,1,1,0
Actor,Mary Wickes,1,1,0
Actor,Vishal,1,1,0
Actor,Syamsul Yusof,1,1,0
Actor,Loi Nguyen,1,1,0
Actor,Park No-sik,1,0,1
Actor,Austin Amelio,1,1,0
Actor,Katharine Isabelle,1,0,1
Actor,Salvatore Antonio,1,0,1
Actor,Jenna Davis,1,0,1
Actor,Pat Cusick,1,1,0
Actor,Tej Raj,1,1,0
Actor,Leonardo Cidade,1,1,0
Actor,Emilia Fox,1,1,0
Actor,Jung Yoon-jung,1,0,1
Actor,George Georgiou,1,1,0
Actor,Cameron Fuller,1,1,0
Actor,Malay Chakrabarty,1,1,0
Actor,Jin Seon-kyu,1,1,0
Actor,Laura Quirós,1,0,1
Actor,William Lawandi,1,1,0
Actor,Daniela Newton,1,1,0
Actor,Miyuri Shimabukuro,1,0,1
Actor,Amel Carla,1,1,0
Actor,Pam Ferris,1,0,1
Actor,Aya Asahina,1,0,1
Actor,"Solvan ""Slick"" Naim",1,0,1
Actor,Keith Machekanyanga,1,1,0
Actor,Tucker Albrizzi,1,1,0
Actor,Jatin Goswami,1,0,1
Actor,Jorge Gutierrez,1,1,0
Actor,Vinny Sharp,1,0,1
Actor,Anirudh Tanwar,1,1,0
Actor,Daniel Lapaine,1,1,0
Actor,Atchareeya Potipipittanakorn,1,1,0
Actor,Megan Le,1,0,1
Actor,Jessica Madsen,1,1,0
Actor,Stephen Jennings,1,1,0
Actor,Sumita Majumdar,1,0,1
Actor,Park Hyo-ju,1,0,1
Actor,Tarek Lotfy,1,1,0
Actor,Bartu Küçükçağlayan,1,0,1
Actor,Kelly McCreary,1,0,1
Actor,Doyok Superdj,1,1,0
Actor,Gillian MacGregor,1,1,0
Actor,Seethabaala,1,1,0
Actor,Rakesh Bapat,1,1,0
Actor,Walter Fauntleroy,1,1,0
Actor,Nicolas Ronchi,1,1,0
Actor,Pauline Newstone,1,0,1
Actor,Ikuo Nishikawa,1,1,0
Actor,Anandito Dwis,1,1,0
Actor,Daniel Friedl,1,0,1
Actor,Jamil Prattis,1,1,0
Actor,Rumi Ochiai,1,0,1
Actor,Petar Zakavitsa,1,0,1
Actor,Rudy Mancuso,1,1,0
Actor,Mauricio Pimentel,1,0,1
Actor,Sandi Schultz,1,0,1
Actor,Jeremy Pope,1,0,1
Actor,Martin Scorsese,1,1,0
Actor,Roberto Leal,1,1,0
Actor,Ben Hoffman,1,0,1
Actor,Amaechi Muonagor,1,1,0
Actor,Victor Valdes,1,1,0
Actor,Juan Carlos Solarte,1,0,1
Actor,Magdalena Czerwińska,1,0,1
Actor,Bellamine Abdelmalek,1,0,1
Actor,Rose Rathod,1,1,0
Actor,Robin Boissevain,1,0,1
Actor,Steve Tientcheu,1,0,1
Actor,Gaja Masciale,1,1,0
Actor,Shradha Das,1,1,0
Actor,Mostafa Alkar,1,1,0
Actor,Núria Prims,1,0,1
Actor,Carroll Shelby,1,1,0
Actor,Jim Fowler,1,0,1
Actor,Megan Fahlenbock,1,0,1
Actor,Cornelia Gröschel,1,1,0
Actor,Katie Morgan,1,1,0
Actor,Gagan Kokri,1,1,0
Actor,Abbas,1,1,0
Actor,Georgette Timoney,1,1,0
Actor,Leonard Carow,1,1,0
Actor,Celia Pacquola,1,1,0
Actor,Korey Jackson,1,1,0
Actor,Tony Luke,1,1,0
Actor,Devansh Doshi,1,1,0
Actor,Andrea Barber,1,0,1
Actor,Mina Farid,1,1,0
Actor,Alison Bell,1,0,1
Actor,Tran Phong,1,1,0
Actor,Maria del Carmen Farías,1,0,1
Actor,Małgorzata Krzysica,1,1,0
Actor,Peter Coonan,1,1,0
Actor,Lauren Lindsey Donzis,1,0,1
Actor,Jamie-Lynn Sigler,1,1,0
Actor,Brooke Palsson,1,0,1
Actor,Hussain Shaikh,1,1,0
Actor,Dipti Bhatnagar,1,1,0
Actor,Alfredo Cerrone,1,0,1
Actor,Daniel Chamorro,1,0,1
Actor,Om Kanojiya,1,1,0
Actor,Paola Lattus,1,1,0
Actor,Marwa Mehran,1,1,0
Actor,Eduardo Casanova,1,0,1
Actor,Hari Dhillon,1,1,0
Actor,Sylvana Joyce,1,1,0
Actor,Eddie Cibrian,1,0,1
Actor,Park Min-ji,1,0,1
Actor,Veruska Rossi,1,1,0
Actor,Yalitza Aparicio,1,1,0
Actor,Marcel Bracks,1,0,1
Actor,Deniz Deha Lostar,1,1,0
Actor,Samantha Schmütz,1,1,0
Actor,Elana Dunkelman,1,1,0
Actor,Radosław Pazura,1,0,1
Actor,Lee Do-hyun,1,0,1
Actor,Tomas Milian,1,1,0
Actor,Paul Benjamin,1,1,0
Actor,Youssef Emalhoub,1,1,0
Actor,Catherine Benguigui,1,0,1
Actor,Carrie Goldberg,1,0,1
Actor,Eklavyey Kashyap,1,1,0
Actor,David Fynn,1,0,1
Actor,Bensu Soral,1,1,0
Actor,Mike Lucock,1,1,0
Actor,Jennifer Coppen,1,1,0
Actor,Ai Yoshikawa,1,1,0
Actor,Madison Bailey,1,0,1
Actor,Diona Elise Burnett,1,0,1
Actor,Seyi Law,1,1,0
Actor,Kiki Sukezane,1,1,0
Actor,Jitendra Shastri,1,1,0
Actor,Cut Chemist,1,1,0
Actor,Swizz Beatz,1,1,0
Actor,John Ashton,1,1,0
Actor,Masaru Mizuno,1,1,0
Actor,Chidsanupong Sakulnuntipat,1,0,1
Actor,Virginie Efira,1,0,1
Actor,Malick Bowens,1,1,0
Actor,Margaret Towner,1,0,1
Actor,Matthias Dandois,1,1,0
Actor,Ananth Narayan Mahadevan,1,1,0
Actor,Silvia Busuioc,1,1,0
Actor,Anoop Soni,1,1,0
Actor,Leonard Roberts,1,1,0
Actor,Steve Toussaint,1,0,1
Actor,Tomomi Yamakawa,1,0,1
Actor,Chanyeol,1,0,1
Actor,Dylan Naden,1,0,1
Actor,Chetan Chitnis,1,1,0
Actor,Monika Frajczyk,1,1,0
Actor,Kis-My-Ft2,1,0,1
Actor,Sofía Castro,1,0,1
Actor,Stuart Greer,1,1,0
Actor,Agus Kuncoro Adi,1,1,0
Actor,An Woo-yeon,1,0,1
Actor,Moustapha Oumarou,1,1,0
Actor,Jason Derek Prempeh,1,1,0
Actor,Steve Mouzakis,1,0,1
Actor,Christina Cox,1,1,0
Actor,Vadhir Derbez,1,1,0
Actor,John Clarence Stewart,1,0,1
Actor,Ermelinde Simo Sakah Jing,1,1,0
Actor,Kuldeep Sharma,1,1,0
Actor,Simone Bailly,1,1,0
Actor,Gilbert Pohan,1,1,0
Actor,Elissa Dowling,1,1,0
Actor,Wiyona Yeung,1,1,0
Actor,Farouk El Fishawy,1,0,1
Actor,Tinarie van Wyk Loots,1,1,0
Actor,José de la Torre,1,0,1
Actor,Ege Kökenli,1,1,0
Actor,Kevin McHale,1,0,1
Actor,Lee Joo-young,1,0,1
Actor,Andy Chen,1,0,1
Actor,Sandeepa Dhar,1,1,0
Actor,Premanan Sripanich,1,0,1
Actor,Christina Mok,1,0,1
Actor,Nilperi Şahinkaya,1,0,1
Actor,Choi Tae-hwan,1,0,1
Actor,Abdullrahman Al Gohani,1,1,0
Actor,T'Nia Miller,1,0,1
Actor,Inaam Germanos,1,1,0
Actor,Kyanna Simone Simpson,1,0,1
Actor,Leah Messer,1,0,1
Actor,Manoël Dupont,1,0,1
Actor,Nicholas Nkuna,1,1,0
Actor,Patrick Duffy,1,1,0
Actor,Yan Feldman,1,1,0
Actor,Marc Rodríguez,1,1,0
Actor,Hayate,1,0,1
Actor,Liang Jie,1,0,1
Actor,Yassir Lester,1,0,1
Actor,Liam Foley,1,0,1
Actor,Sushma Bakshi,1,1,0
Actor,Samantha Siqueiros,1,0,1
Actor,Tamaki Ogawa,1,0,1
Actor,Djédjé Apali,1,1,0
Actor,Mohammed Aly Rizk,1,1,0
Actor,Ng Siu-hin,1,1,0
Actor,Natalia Téllez,1,1,0
Actor,Tom Hulshof,1,0,1
Actor,Paul Dillon,1,1,0
Actor,Park Sang-nam,1,0,1
Actor,Rashi Mal,1,1,0
Actor,Zhang Zhang,1,0,1
Actor,Stanley Chibunna,1,1,0
Actor,Morgan Wigle,1,0,1
Actor,David Lewis,1,1,0
Actor,Raymond Pinharry,1,1,0
Actor,Gül Arıcı,1,1,0
Actor,Kyle Kinane,1,0,1
Actor,Arabron Nyyeneque,1,1,0
Actor,Maxwell Simba,1,1,0
Actor,Andrea De Oliveira,1,1,0
Actor,Kartina Aziz,1,1,0
Actor,Ambarish Deshpande,1,1,0
Actor,Kanyi Nokwe,1,0,1
Actor,Giulio Brizzi,1,0,1
Actor,Bhalchandra Kadam,1,1,0
Actor,Manpneet Grewal,1,1,0
Actor,Adam T. Perkins,1,1,0
Actor,Taiwo Arimoro,1,0,1
Actor,Gorka Aguinagalde,1,1,0
Actor,Timothy Castillo,1,1,0
Actor,Joséphine Drai,1,0,1
Actor,Mark L. Young,1,1,0
Actor,Erika Eleniak,1,1,0
Actor,Shashanka Ghosh,1,1,0
Actor,Andrea Lattanzi,1,0,1
Actor,Alex Aiono,1,1,0
Actor,Linda Lucía Callejas,1,0,1
Actor,MacKenzie Porter,1,0,1
Actor,Uli Herdinansyah,1,1,0
Actor,Maarten Heijmans,1,1,0
Actor,Gauhar Khan,1,1,0
Actor,Deniz Barut,1,0,1
Actor,Shireen Strooker,1,1,0
Actor,Jesse Carere,1,0,1
Actor,Brittany Wagner,1,0,1
Actor,Jella Haase,1,1,0
Actor,Rita Martinson,1,1,0
Actor,Weston Meredith,1,1,0
Actor,Lamont Bentley,1,0,1
Actor,Angelyna Martinez,1,1,0
Actor,Rashad Hossain,1,1,0
Actor,Lesley Fera,1,1,0
Actor,Alexander Dreymon,1,0,1
Actor,Annette Engelbrecht,1,1,0
Actor,Xabier Deive,1,0,1
Actor,Pramote Pathan,1,1,0
Actor,Eddy Leduc,1,1,0
Actor,Chidi Mokeme,1,1,0
Actor,AC Lim,1,1,0
Actor,Jeremy Ratchford,1,1,0
Actor,Madhampatti Rangaraj,1,1,0
Actor,Girja Shankar,1,1,0
Actor,Leonardo Ribeiro,1,1,0
Actor,Hamdy Al-Merghany,1,0,1
Actor,Pablo Memi,1,1,0
Actor,Hitesh Dave,1,1,0
Actor,Angélica Vale,1,0,1
Actor,Han Ji-wan,1,0,1
Actor,Khalid Al Suwaidi,1,1,0
Actor,Mayra Nájar,1,0,1
Actor,Pitisak Yaowananon,1,0,1
Actor,Navid Navid,1,1,0
Actor,Emily Jackson,1,1,0
Actor,Alex Ko,1,1,0
Actor,Ellen Pompeo,1,0,1
Actor,Casey Thomas Brown,1,0,1
Actor,Irving Peña,1,1,0
Actor,Riya Kothari,1,1,0
Actor,Alejandro de Hoyos Parera,1,0,1
Actor,Maryjun Takahashi,1,0,1
Actor,Pierre Aussedat,1,0,1
Actor,Jin Shirasu,1,1,0
Actor,Catherine Chabot,1,1,0
Actor,Lin Xinyi,1,0,1
Actor,Sonia Dhillon,1,1,0
Actor,Tomoharu Hasegawa,1,0,1
Actor,Abena Ayivor,1,0,1
Actor,Cristina Plazas,1,0,1
Actor,Chetan Cheenu,1,1,0
Actor,Wang Wei,1,0,1
Actor,Kim Gyu-sun,1,1,0
Actor,Alexandra Peters,1,0,1
Actor,Jacob Henshaw,1,0,1
Actor,Julia Rayner,1,1,0
Actor,Steve Blount,1,0,1
Actor,Jacqueline Brennan,1,0,1
Actor,Zeina Mansour,1,0,1
Actor,Daisy Lightfoot,1,1,0
Actor,Beth Chalmers,1,0,1
Actor,Michelle Phillips,1,1,0
Actor,Balaji Manohar,1,1,0
Actor,Yume Miyamoto,1,0,1
Actor,Fouad El-Mohandes,1,1,0
Actor,Andy Walken,1,1,0
Actor,Warisara Yu,1,0,1
Actor,Kim-Lian van der Meij,1,1,0
Actor,Phil Brown,1,0,1
Actor,Salah Abdallah,1,0,1
Actor,Eduardo Lloveras,1,0,1
Actor,Tim Heidecker,1,0,1
Actor,Justin Prentice,1,0,1
Actor,Ayten Gökçer,1,1,0
Actor,Hikaru Akao,1,0,1
Actor,Park Seon-im,1,0,1
Actor,Junchen Guo,1,0,1
Actor,Noor Naghmi,1,1,0
Actor,Assi Levy,1,0,1
Actor,Leo Rialp,1,1,0
Actor,Sooraj Pancholi,1,1,0
Actor,Leandro Hassum,1,1,0
Actor,Gladys Cooper,1,1,0
Actor,Peter Ritchie,1,1,0
Actor,Yann Gael,1,0,1
Actor,Seiko Iwaido,1,0,1
Actor,Anita Date,1,1,0
Actor,Matías Assler,1,1,0
Actor,René Miranda,1,1,0
Actor,John Paul Kakos,1,1,0
Actor,Tammi Øst,1,1,0
Actor,Rania Farid Shawki,1,0,1
Actor,Pierre Porquet,1,1,0
Actor,Chayanan Manomaisantiphap,1,0,1
Actor,João Pessanha,1,1,0
Actor,Kang In-soo,1,1,0
Actor,Sara Hjort Ditlevsen,1,0,1
Actor,Ruby Rose Turner,1,0,1
Actor,Choi Young-jae,1,0,1
Actor,Mohamed Henedy,1,0,1
Actor,David Medel,1,1,0
Actor,Donel Jack'sman,1,0,1
Actor,Katie Cassidy,1,0,1
Actor,Bill McKinney,1,1,0
Actor,Paulette Lamori,1,1,0
Actor,Atiqah Hasiholan,1,1,0
Actor,James Angus Cowan,1,1,0
Actor,Alli Willow,1,0,1
Actor,Ryosuke Yusa,1,1,0
Actor,Zolisa Xaluva,1,0,1
Actor,Tommaso Basili,1,0,1
Actor,Kim Bo-ra,1,0,1
Actor,Azela Robinson,1,0,1
Actor,Guðrún Eyfjörð,1,0,1
Actor,Amalia Yoo,1,0,1
Actor,Matheus Lustosa,1,0,1
Actor,Saba Azaad,1,0,1
Actor,Colson Baker,1,1,0
Actor,Ryle De Morny,1,0,1
Actor,Cho Jin-woong,1,0,1
Actor,Nuntasai Pisolyabut,1,0,1
Actor,Tyler Young,1,1,0
Actor,Song Ji-eun,1,0,1
Actor,Santiago Meléndez,1,0,1
Actor,Shinobu Adachi,1,1,0
Actor,Anna Ben,1,1,0
Actor,Wilma Bonet,1,1,0
Actor,Wong Sum-yin,1,1,0
Actor,Zachary Nichols,1,0,1
Actor,Sara Giraudeau,1,0,1
Actor,Ahmad Mazhar,1,1,0
Actor,Ryu Jun-yeol,1,0,1
Actor,Sarah Hassan,1,1,0
Actor,Maria DiGeronimo,1,0,1
Actor,Misha Collins,1,0,1
Actor,Nina Liu,1,0,1
Actor,Mandy Chen,1,0,1
Actor,Mary Woronov,1,1,0
Actor,Devon Weigel,1,1,0
Actor,Kevin Janssens,1,0,1
Actor,Mel Johnson Jr.,1,1,0
Actor,Bree Wasylenko,1,0,1
Actor,Anu Sinisalo,1,0,1
Actor,Ken Yamamura,1,1,0
Actor,Giulio Pranno,1,1,0
Actor,Karina Logue,1,1,0
Actor,Marco Baeza,1,1,0
Actor,Huang Youming,1,0,1
Actor,Tom Petty,1,1,0
Actor,Jeanté Godlock,1,0,1
Actor,Sébastien Lalanne,1,1,0
Actor,Chuxiao Qu,1,1,0
Actor,Lilian Echelon,1,1,0
Actor,Hailie Sahar,1,0,1
Actor,Suma Bhattacharya,1,1,0
Actor,Roger Taylor,1,1,0
Actor,Lim Hyung-kuk,1,1,0
Actor,George C. Wolfe,1,1,0
Actor,Seidy Lopez,1,0,1
Actor,Alejandro Camacho,1,0,1
Actor,Alice de Lencquesaing,1,0,1
Actor,Jérôme Gaspard,1,1,0
Actor,Kyary Pamyu Pamyu,1,0,1
Actor,Orukotan Adejola,1,0,1
Actor,Park Seo-joon,1,0,1
Actor,Johnnie Castillo,1,1,0
Actor,Jenny Bonden,1,1,0
Actor,Prasad Oak,1,1,0
Actor,Brad Kalilimoku,1,1,0
Actor,Neil Flynn,1,1,0
Actor,Adam Nawojczyk,1,1,0
Actor,Cristiana Capotondi,1,0,1
Actor,Alanta Potjes,1,1,0
Actor,Daniel Fanego,1,1,0
Actor,Todd Scott,1,1,0
Actor,Sylvia Syms,1,1,0
Actor,Tyrone Huggins,1,0,1
Actor,Kirk Fox,1,1,0
Actor,Maria Sabta,1,1,0
Actor,Jean-Baptiste Heuet,1,1,0
Actor,Marco D'Almeida,1,1,0
Actor,Huang Bai-wei,1,0,1
Actor,Sanet Ackermann,1,1,0
Actor,Judy Marte,1,1,0
Actor,Matilda Lambert,1,1,0
Actor,Thami Buti,1,1,0
Actor,Shigeru Sugimoto,1,0,1
Actor,Mariona Pagès,1,0,1
Actor,Linh Dan Pham,1,0,1
Actor,Lia Williams,1,0,1
Actor,Martyna Byczkowska,1,0,1
Actor,Michael McDonald,1,1,0
Actor,Tripathi Anupam,1,0,1
Actor,Yuan Wenkang,1,1,0
Actor,Theo Stockman,1,0,1
Actor,Pavarit Mongkolpisit,1,0,1
Actor,José Manuel Rincón,1,0,1
Actor,Notlim Taylor,1,0,1
Actor,Noorin Sha,1,1,0
Actor,Gregg Chillin,1,0,1
Actor,Ilamaria Ebrahim,1,1,0
Actor,Peter King,1,1,0
Actor,John Sharian,1,1,0
Actor,Jeff Ayers,1,0,1
Actor,Ali Erkazan,1,1,0
Actor,Lakshvir Saran,1,1,0
Actor,Chaunté Wayans,1,0,1
Actor,Koffi tha guru,1,1,0
Actor,Jennifer Brea,1,1,0
Actor,Choi Hyun-wook,1,0,1
Actor,McKayla Witt,1,1,0
Actor,Inge Hornstra,1,0,1
Actor,Andy Hayward,1,0,1
Actor,Lu Han,1,1,0
Actor,Moshe Ashkenazi,1,0,1
Actor,DJ Scratch,1,1,0
Actor,Sophie Mounicot,1,0,1
Actor,Robert Pastorelli,1,1,0
Actor,Fargass Assandé,1,0,1
Actor,Ayah Samaha,1,0,1
Actor,Minori Hagiwara,1,1,0
Actor,Jon Eyez,1,1,0
Actor,Denise Dal Vera,1,1,0
Actor,Ali A,1,0,1
Actor,Jaco Muller,1,1,0
Actor,Nobulali Dangazele,1,0,1
Actor,Kim Seo-hyung,1,0,1
Actor,Huddah Monroe,1,1,0
Actor,Corentin Fila,1,0,1
Actor,Hwang Seung-eon,1,0,1
Actor,Godeliv Van den Brandt,1,0,1
Actor,Jacques Colimon,1,0,1
Actor,Manjiri Pupala,1,0,1
Actor,Amrinder Gill,1,1,0
Actor,Abdulla Al-khudr,1,1,0
Actor,Armaan Ralhan,1,1,0
Actor,Shino Ikenami,1,0,1
Actor,Mandy Grace,1,1,0
Actor,Cha Seon-wu,1,0,1
Actor,Terri Oliver,1,1,0
Actor,Lucia Zotti,1,1,0
Actor,Lloyd Hutchinson,1,0,1
Actor,Kil Hae-yeon,1,0,1
Actor,Mason Hensley,1,0,1
Actor,Melissa Roxburgh,1,0,1
Actor,Viktoriya Agalakova,1,0,1
Actor,Thames Sanpakit,1,0,1
Actor,Owen Kline,1,1,0
Actor,Cantika Abigail,1,1,0
Actor,Andrew Lancel,1,0,1
Actor,John Buffalo Mailer,1,1,0
Actor,Elle-Máijá Tailfeathers,1,1,0
Actor,Simrat Kaur,1,1,0
Actor,Mr Jollof,1,1,0
Actor,Cynthia Stevenson,1,1,0
Actor,Lars Väringer,1,0,1
Actor,Utkarsh Mazumdar,1,1,0
Actor,Zoe Levin,1,0,1
Actor,NaZha,1,1,0
Actor,Saoirse-Monica Jackson,1,0,1
Actor,Ryuzo Hasuike,1,0,1
Actor,Kejmanee Wattanasin,1,0,1
Actor,Erica Nlewedim,1,1,0
Actor,Susanne Blakeslee,1,1,0
Actor,Laura Theux,1,1,0
Actor,Phoenix Raei,1,0,1
Actor,Yook Sung-jae,1,0,1
Actor,Andrea Chaparro,1,1,0
Actor,Tyler Blackburn,1,0,1
Actor,Nir Hasdai,1,0,1
Actor,Kansai Johnny's Jr.,1,0,1
Actor,Phantira Pipityakorn,1,1,0
Actor,Gerry Sundquist,1,1,0
Actor,Takayuki Kondo,1,0,1
Actor,Mona Wassef,1,0,1
Actor,Ron Mizuma,1,0,1
Actor,Rakshan,1,1,0
Actor,Ndidi Obi,1,1,0
Actor,Bernard Shen Jun,1,0,1
Actor,Majo Cardoso,1,0,1
Actor,Imran Tareen,1,1,0
Actor,Madhavi,1,1,0
Actor,David Warshofsky,1,1,0
Actor,James Weber Brown,1,1,0
Actor,Nena Rosier,1,1,0
Actor,Peng Sun,1,1,0
Actor,Gulsara Panyam,1,1,0
Actor,Milind Soman,1,1,0
Actor,Lizz Meiring,1,1,0
Actor,Pamela Donegan,1,1,0
Actor,Wang Hsi-hua,1,0,1
Actor,Curtis Harris,1,0,1
Actor,Silvia Abascal,1,0,1
Actor,César Manjarrez,1,0,1
Actor,John Stanton,1,0,1
Actor,Jason King,1,0,1
Actor,Marie Drion,1,0,1
Actor,Edvin Ryding,1,0,1
Actor,Rafael Tan,1,1,0
Actor,Ariana Neal,1,1,0
Actor,Victoria Ramos,1,0,1
Actor,Cynthia Dankwa,1,1,0
Actor,Enon Kawatani,1,0,1
Actor,Tomori Kusunoki,1,0,1
Actor,Norma Dell'Agnese,1,0,1
Actor,Mbissine Thérèse Diop,1,1,0
Actor,Rendi Jhon,1,1,0
Actor,Jing Lusi,1,1,0
Actor,Haroun Fall,1,0,1
Actor,Maki Kawase,1,0,1
Actor,Taleia Gilliam,1,0,1
Actor,Kevin Quinn,1,1,0
Actor,Zabyn Khan,1,1,0
Actor,Arunima Sinha,1,1,0
Actor,Christopher Rich,1,1,0
Actor,Jackson Nicoll,1,1,0
Actor,Diego Calva Hernández,1,0,1
Actor,Norman Groulx,1,1,0
Actor,Thierry Ballarin,1,1,0
Actor,Raymond Lee,1,1,0
Actor,Julian Black Antelope,1,1,0
Actor,Mateusz Więcławek,1,1,0
Actor,Aurélia Petit,1,0,1
Actor,Sankalp Rastogi,1,1,0
Actor,Gary Basaraba,1,1,0
Actor,Lenny Juma,1,1,0
Actor,Susan Sullivan,1,0,1
Actor,María Laura Quintero,1,0,1
Actor,Malcolm Danare,1,0,1
Actor,Ntosh Madlingozi,1,0,1
Actor,James Rankin,1,1,0
Actor,Shanna Reed,1,0,1
Actor,Kai Lentrodt,1,1,0
Actor,Vincent Ebrahim,1,1,0
Actor,Komsan Kajonpaisansuk,1,0,1
Actor,Ryan Ferguson,1,1,0
Actor,Lee Jae-eung,1,0,1
Actor,Emilian Oprea,1,1,0
Actor,Lina Tejeiro,1,1,0
Actor,Ndamo Damaris,1,1,0
Actor,Nia Fairweather,1,1,0
Actor,Mary Testa,1,1,0
Actor,Gabriel Malki,1,1,0
Actor,Minnie,1,0,1
Actor,Tom Kilgallon,1,0,1
Actor,Kubilay Penbeklioğlu,1,1,0
Actor,Patxi Santamaría,1,1,0
Actor,Suri Marrero,1,1,0
Actor,Sapna Pabbi,1,1,0
Actor,Panda Wu,1,1,0
Actor,Bonnie Wang,1,0,1
Actor,Camille Shooshani,1,1,0
Actor,Christine Ebersole,1,1,0
Actor,Inayat Verma,1,1,0
Actor,Julian Selman,1,1,0
Actor,Santiago Talledo,1,0,1
Actor,Shin Hyeon-seung,1,0,1
Actor,Asia Ortega Leiva,1,0,1
Actor,Patti Smith,1,1,0
Actor,Mehak Manwani,1,1,0
Actor,Momoko Ishikawa,1,0,1
Actor,Hiyori Kon,1,1,0
Actor,Diana Glenn,1,0,1
Actor,Dawid Ogrodnik,1,0,1
Actor,Esteban Caicedo,1,1,0
Actor,Thomas Hanzon,1,1,0
Actor,Pancho Garcia Aguirre,1,1,0
Actor,Faycal Attougui,1,1,0
Actor,Kazutoyo Koyabu,1,0,1
Actor,Lisa Arch,1,1,0
Actor,Michel Piccoli,1,1,0
Actor,Guillaume Bats,1,0,1
Actor,Clifton Powell,1,1,0
Actor,Ann D. Carey,1,1,0
Actor,Ximena Herrera,1,0,1
Actor,Phumelele Mthembu,1,1,0
Actor,Mahfouz Barakat,1,1,0
Actor,Dewi Sandra,1,1,0
Actor,Abdel Moneim Amayri,1,1,0
Actor,Suguru Inoue,1,1,0
Actor,Adam Moussamih,1,1,0
Actor,Bholaraj Sapkota,1,1,0
Actor,Kaan Urgancıoğlu,1,0,1
Actor,You Seong-joo,1,0,1
Actor,Ranbir Chakma,1,1,0
Actor,Smaran Sahu,1,0,1
Actor,Stephanie Lee,1,0,1
Actor,Kip Pardue,1,1,0
Actor,Magdalena Źak,1,0,1
Actor,Rayana Diniz,1,1,0
Actor,Zimkhitha Nyoka,1,1,0
Actor,Mélanie Thierry,1,1,0
Actor,Alejandro Peña Arenzana,1,1,0
Actor,Abeer Abrar,1,1,0
Actor,Iresh Zaker,1,1,0
Actor,Kimberley Wong,1,0,1
Actor,Tshepo Maseko,1,0,1
Actor,Dally Daljit,1,1,0
Actor,Nita Byack George,1,0,1
Actor,Emmanuelle Devos,1,1,0
Actor,Soundos El Ahmadi,1,0,1
Actor,Cassidy Gifford,1,1,0
Actor,Emi Shimokura,1,1,0
Actor,Jenna Boyd,1,0,1
Actor,Cortez Chappell,1,1,0
Actor,Selvaah,1,1,0
Actor,Alex Reid,1,0,1
Actor,Islam Bouakkaz,1,0,1
Actor,Pamela Chabora,1,1,0
Actor,Ignacy Liss,1,0,1
Actor,Karan Razdan,1,1,0
Actor,Tonya Kay,1,1,0
Actor,Chris Potter,1,0,1
Actor,Inder Bajwa,1,1,0
Actor,Keisha Zollar,1,0,1
Actor,Francesca Cavallin,1,1,0
Actor,Amybeth McNulty,1,0,1
Actor,Mr. Lawrence,1,1,0
Actor,Kim Kyung-nam,1,0,1
Actor,Eli Brown,1,1,0
Actor,Rico Paris,1,1,0
Actor,Rafał Zawierucha,1,1,0
Actor,Sukania Venugopal,1,1,0
Actor,Diane Marie Howard,1,1,0
Actor,Hazar Ergüçlü,1,0,1
Actor,Józef Pawłowski,1,1,0
Actor,Kwon Yuri,1,0,1
Actor,Leonor Watling,1,0,1
Actor,Haresh Raut,1,1,0
Actor,Donzaleigh Abernathy,1,1,0
Actor,Andrea Martí,1,0,1
Actor,Lin Yi,1,0,1
Actor,Geoff Bell,1,1,0
Actor,Devin Özgür Çınar,1,1,0
Actor,Benjamin Yuen,1,0,1
Actor,Brandon Flynn,1,0,1
Actor,Pete Thongchua,1,0,1
Actor,Andrew Simpson,1,0,1
Actor,Ajuawak Kapashesit,1,1,0
Actor,Lale Başar,1,1,0
Actor,Kiko Vianello,1,0,1
Actor,Jack Yao,1,0,1
Actor,Canute Gomes,1,0,1
Actor,Ashley Monique Clark,1,1,0
Actor,Naphon Phromsuwan,1,0,1
Actor,Will Kemp,1,0,1
Actor,Do-yeon Lee,1,0,1
Actor,Kim Ba-da,1,0,1
Actor,Rola Al Amin,1,1,0
Actor,Omara Esteghlal,1,1,0
Actor,Raúl Sandoval,1,0,1
Actor,Calista Okoronkwo,1,1,0
Actor,Geng Le,1,1,0
Actor,Muthukumar,1,1,0
Actor,Ruben Lopez,1,0,1
Actor,Juan Paiva,1,1,0
Actor,Loren Dean,1,1,0
Actor,Bernd Hölscher,1,1,0
Actor,Paul Adams,1,0,1
Actor,Titi Kuti,1,0,1
Actor,Yoshihiko Kumashino,1,1,0
Actor,Bea Hayden Kuo,1,0,1
Actor,Moon Ga-young,1,0,1
Actor,Stig R. Amdam,1,1,0
Actor,Sajin Cherukayil,1,1,0
Actor,Zain Saidan,1,0,1
Actor,Isabela Merced,1,1,0
Actor,Danielle Winits,1,1,0
Actor,Eivaut Rischen,1,0,1
Actor,Félix Maritaud,1,1,0
Actor,Christopher Jacot,1,0,1
Actor,Tristan Lake Leabu,1,1,0
Actor,Olivier Rabourdin,1,1,0
Actor,Qiao Shan,1,1,0
Actor,Paul Francis,1,1,0
Actor,Carlos Lauchu,1,1,0
Actor,Élodie Bouchez,1,1,0
Actor,Madeleine Stowe,1,0,1
Actor,Vimal,1,1,0
Actor,Charlotte De Bruyne,1,0,1
Actor,Dennis Staroselsky,1,1,0
Actor,Todd Grimes,1,1,0
Actor,Brandon Kyle Goodman,1,1,0
Actor,Abuli Mamaji,1,1,0
Actor,Sergio Montalvo,1,1,0
Actor,Tiarnie Coupland,1,1,0
Actor,Belle Mariano,1,1,0
Actor,Bae Yoon-kyung,1,0,1
Actor,Ghita Nørby,1,0,1
Actor,Josef Cannon,1,1,0
Actor,Park Seong-geun,1,0,1
Actor,Veronika Vernadskaya,1,1,0
Actor,Annette Frier,1,1,0
Actor,Mark Schlegel,1,1,0
Actor,Subhrajyoti Barat,1,1,0
Actor,Adrianna So,1,0,1
Actor,Yasmine Awad,1,1,0
Actor,Aleksandr Ustyugov,1,0,1
Actor,Filippo Scotti,1,0,1
Actor,Ryan Delon,1,1,0
Actor,Julie Johnson,1,0,1
Actor,Artur Beschastny,1,1,0
Actor,Sofia Hasmik,1,1,0
Actor,Inggrid Widjanarko,1,1,0
Actor,Kevin Howarth,1,0,1
Actor,Ibrahim Jammal,1,1,0
Actor,Kimia Behpoornia,1,1,0
Actor,Fatma Hassan,1,1,0
Actor,Tom Clarke-Hill,1,0,1
Actor,Brian Jordan Alvarez,1,0,1
Actor,Esodie Geiger,1,1,0
Actor,Priti Sapru,1,1,0
Actor,Naved Aslam,1,1,0
Actor,Sophie Kim,1,0,1
Actor,Hakan Ummak,1,1,0
Actor,Benedict Samuel,1,1,0
Actor,Winslow Fegley,1,1,0
Actor,Tom Ellis,1,0,1
Actor,Zeynep Ilgin Çelik,1,1,0
Actor,Enrique Diaz,1,0,1
Actor,Dante Hoagland,1,0,1
Actor,Makenzie Lee-Foster,1,0,1
Actor,Marcus Ornellas,1,0,1
Actor,Zehra Fazal,1,0,1
Actor,Kiran Yadnyopavit,1,1,0
Actor,Benjamin Alves,1,1,0
Actor,Dartanian Sloan,1,1,0
Actor,Nikhita,1,1,0
Actor,James Coburn,1,1,0
Actor,Evan Milton,1,0,1
Actor,Fanny Ardant,1,1,0
Actor,Vamsi raj Nekkanti,1,1,0
Actor,Bhisma Mulia,1,1,0
Actor,Ponlawit Ketprapakorn,1,0,1
Actor,Mncedisi Shabangu,1,1,0
Actor,Fuko Saito,1,0,1
Actor,Giulia Charm,1,0,1
Actor,Yi Qin Zhao,1,0,1
Actor,Kaustav Ghosh,1,1,0
Actor,Shohei Miura,1,1,0
Actor,Ravshana Kurkova,1,1,0
Actor,Fotinì Peluso,1,1,0
Actor,Rohan Campbell,1,1,0
Actor,Sathish,1,1,0
Actor,Laura Laprida,1,0,1
Actor,Yang Wei,1,1,0
Actor,Cocoa Brown,1,0,1
Actor,Alessandro Averone,1,0,1
Actor,Omar Germenos,1,0,1
Actor,Annita Sarucha,1,0,1
Actor,Mario Revolori,1,1,0
Actor,Angel Parker,1,1,0
Actor,Timothy Busfield,1,0,1
Actor,Eri Watanabe,1,1,0
Actor,Alexandra Duah,1,1,0
Actor,Marco Bocci,1,0,1
Actor,Gurvinder Brar,1,1,0
Actor,Stanley Baker,1,1,0
Actor,Hugh Baldwin,1,0,1
Actor,Olivier Schneider,1,1,0
Actor,Vimala Pons,1,1,0
Actor,Park Chul-min,1,0,1
Actor,Mason Wells,1,0,1
Actor,Nur Sürer,1,0,1
Actor,Marisa Lynae Hampton,1,1,0
Actor,Maithili Patwardhan,1,1,0
Actor,Jesús de los Ríos,1,0,1
Actor,Martha Plimpton,1,0,1
Actor,Carole Weyers,1,1,0
Actor,Ufoma Ejenobor,1,1,0
Actor,Farid Azad Khan,1,1,0
Actor,Paul Obazele,1,1,0
Actor,Kazuhiro Muroyama,1,1,0
Actor,Donny Lucas,1,1,0
Actor,Gonzalo VIzán,1,1,0
Actor,Luciano González,1,1,0
Actor,Sumit Suri,1,1,0
Actor,Marianne Miller,1,0,1
Actor,Zhao Jinmai,1,0,1
Actor,A.S. Sasi Kumar,1,1,0
Actor,Dominic Boyle,1,1,0
Actor,Tikhon Zhiznevskiy,1,1,0
Actor,Marshall Bean,1,1,0
Actor,Katarzyna Chojnacka,1,1,0
Actor,Joel Steingold,1,1,0
Actor,Wu Tai-ling,1,1,0
Actor,Donato Placido,1,1,0
Actor,Juan Millán,1,0,1
Actor,Naoko Matsui,1,0,1
Actor,Yuko Goto,1,0,1
Actor,Mitsuo Yoshihara,1,1,0
Actor,Maria Pakulnis,1,1,0
Actor,Karin Bohn,1,0,1
Actor,Nils Jørgen Kaalstad,1,0,1
Actor,Seyneb Saleh,1,0,1
Actor,Ralph Gilles,1,0,1
Actor,Tae In-ho,1,0,1
Actor,Elpidia Carrillo,1,1,0
Actor,Aya Furukawa,1,0,1
Actor,Kaly Bossy Asante,1,1,0
Actor,Charo Santos,1,1,0
Actor,Fify El Sebaay,1,1,0
Actor,Sefa Vlaarkamp,1,1,0
Actor,Marcelo Subiotto,1,1,0
Actor,Baard Owe,1,1,0
Actor,Saori Goto,1,0,1
Actor,Jake Farrow,1,0,1
Actor,Ayano Kinashi,1,0,1
Actor,Jorge Lamelas,1,1,0
Actor,Arie Kriting,1,0,1
Actor,Mary Scheer,1,0,1
Actor,Todd Duffee,1,1,0
Actor,Zenobia Shroff,1,1,0
Actor,Dean Jagger,1,1,0
Actor,Jolie Jenkins,1,0,1
Actor,Craig Horner,1,1,0
Actor,Ronald Zehrfeld,1,0,1
Actor,Joey Miyashima,1,1,0
Actor,Faisal Al Omairi,1,1,0
Actor,Rowan Hills,1,0,1
Actor,Marc Hosemann,1,0,1
Actor,Kristen Harris,1,1,0
Actor,Dania Gelderblom,1,1,0
Actor,Lindsey Alena,1,1,0
Actor,Vishwas Kamble,1,1,0
Actor,Sierra Bustos,1,1,0
Actor,Sal Masekela,1,1,0
Actor,Jeannette Sauksteliskis,1,1,0
Actor,Farah Shaer,1,1,0
Actor,Lela Rochon,1,1,0
Actor,Joe Murray,1,1,0
Actor,Aliton Graça,1,1,0
Actor,Firat Doğruloğlu,1,0,1
Actor,Ryota Matsushima,1,0,1
Actor,Rain Shuaiyu,1,0,1
Actor,Jason Cermak,1,1,0
Actor,Glenn Fleshler,1,1,0
Actor,Zahra Ali,1,1,0
Actor,Mimmo Mignemi,1,1,0
Actor,Chelsea Hertford,1,0,1
Actor,Sean Mahon,1,1,0
Actor,Alexandra Beaton,1,0,1
Actor,Natasha Rizki,1,1,0
Actor,Zhang Benyu,1,1,0
Actor,Phillipa Alexander,1,0,1
Actor,Olli Haaskivi,1,0,1
Actor,Mahindra Bajgai,1,1,0
Actor,Jamila Awad,1,1,0
Actor,Kabir Sadanand,1,1,0
Actor,Ivana Lotito,1,0,1
Actor,Rudolf Kowalski,1,0,1
Actor,Natalija Nogulich,1,1,0
Actor,Rajesh Puri,1,1,0
Actor,Wilfree Vasquez,1,1,0
Actor,Su Ke,1,1,0
Actor,Austin Obiajunwa,1,1,0
Actor,Larita Brooks,1,0,1
Actor,Maya Ali,1,1,0
Actor,Joseph Abboud,1,1,0
Actor,Jean Hinchliffe,1,0,1
Actor,Tony Nappo,1,0,1
Actor,Doru Ana,1,1,0
Actor,Krzysztof Ibisz,1,1,0
Actor,Viveca Lindfors,1,1,0
Actor,Ziyah Vastani,1,1,0
Actor,Pierre Cevaër,1,1,0
Actor,Veronica Afflerbach,1,1,0
Actor,Menassa Fahmy,1,1,0
Actor,Aditi Sharma,1,1,0
Actor,Neha Bhasin,1,1,0
Actor,Jonathan Readwin,1,1,0
Actor,Tara Meyer,1,0,1
Actor,Annie Cavalero,1,1,0
Actor,Lola Cordón,1,1,0
Actor,David Ali Rashed,1,0,1
Actor,Ana María Cuéllar,1,0,1
Actor,Max Greenfield,1,0,1
Actor,Nicole Bessick,1,1,0
Actor,Mangala Ahire,1,1,0
Actor,Suppakorn Chaiyo,1,0,1
Actor,Nahed Gabr,1,1,0
Actor,Sharon Miller,1,1,0
Actor,Raviza Chauhan,1,1,0
Actor,Ayaka Suwa,1,0,1
Actor,Gabriele Fiore,1,1,0
Actor,Juan del Río,1,0,1
Actor,Christiane Dumont,1,0,1
Actor,Patricia Castañeda,1,0,1
Actor,Dorota Kolak,1,0,1
Actor,JB Blanc,1,1,0
Actor,Stanley Fung Sui-Fan,1,1,0
Actor,Porscha Radcliffe,1,1,0
Actor,Melissa Ponzio,1,1,0
Actor,Wavyy Jonez,1,1,0
Actor,Ryan Kiera Armstrong,1,1,0
Actor,Bruce He,1,0,1
Actor,Neha Uberoi,1,1,0
Actor,Takaya Kamikawa,1,1,0
Actor,Matt Biedel,1,0,1
Actor,Jeremy Swift,1,0,1
Actor,I So Eun,1,0,1
Actor,Darci Shaw,1,0,1
Actor,Isabelle Daza,1,1,0
Actor,Derrick Baskin,1,1,0
Actor,Anoop Aravindan,1,1,0
Actor,Edwin Jonker,1,1,0
Actor,Mahayotaruk Thiti,1,0,1
Actor,Brian May,1,1,0
Actor,Song Geon-hee,1,0,1
Actor,Tarık Papuççuoğlu,1,1,0
Actor,Ronnie Hawkins,1,1,0
Actor,Alessio Valentini,1,0,1
Actor,Madoka Hiraide,1,0,1
Actor,Sergio Basañez,1,0,1
Actor,David Mandelbaum,1,0,1
Actor,Cara Maria Sorbello,1,0,1
Actor,Tarryn Alberts,1,1,0
Actor,Shoshana Sperling,1,0,1
Actor,Devale Ellis,1,0,1
Actor,Anya Lawrence,1,0,1
Actor,Sophia Albarakbah,1,1,0
Actor,Guy Burnet,1,1,0
Actor,Manju Chettri,1,1,0
Actor,Hisanori Yoshida,1,1,0
Actor,Roger Brice Sobgo,1,1,0
Actor,Adrienne Iapalucci,1,1,0
Actor,Wenty Mamenda,1,1,0
Actor,Penélope Guerrero,1,0,1
Actor,Nadera Emran,1,0,1
Actor,Thitinan Khlangphet,1,0,1
Actor,Ryo Matsuda,1,1,0
Actor,Terrance Smith,1,1,0
Actor,Benjamin Shaps,1,0,1
Actor,Sydney Cope,1,1,0
Actor,William Vanderpuye,1,0,1
Actor,Kristen Griffith-Vanderyacht,1,0,1
Actor,Tamer Hagras,1,1,0
Actor,Hayato Komori,1,1,0
Actor,Delroy Norman,1,1,0
Actor,Kürşat Alnıaçık,1,0,1
Actor,Sandrine Kretz,1,0,1
Actor,Maria Dejmek,1,1,0
Actor,Jimmy Odukoya,1,1,0
Actor,Giselle Toengi,1,1,0
Actor,Soundar,1,1,0
Actor,Lyric Justice,1,1,0
Actor,Isaac Arellanes,1,1,0
Actor,Stella Dlangalala,1,0,1
Actor,Nicolás Van de Moortele,1,0,1
Actor,Álvaro Espinosa,1,1,0
Actor,Michael Pavlicek,1,1,0
Actor,Shafin Patel,1,1,0
Actor,Emmanuel Nii Adom Quaye,1,1,0
Actor,Angeline Tan,1,0,1
Actor,Kana Ichinose,1,0,1
Actor,Arun Shekar,1,1,0
Actor,Dikmen Gürün,1,1,0
Actor,Harriet Akinola,1,1,0
Actor,Ambrose Hui,1,0,1
Actor,Gurinder Rai,1,1,0
Actor,Izuka Hoyle,1,1,0
Actor,Mya,1,1,0
Actor,Camille Lou,1,0,1
Actor,Christian James,1,1,0
Actor,Anjelica Bette Fellini,1,0,1
Actor,Sarika Choy,1,0,1
Actor,Adwa Fahad,1,1,0
Actor,Marco Tostado,1,0,1
Actor,Drew Nelson,1,0,1
Actor,Andrzej Chyra,1,0,1
Actor,Pastora Vega,1,0,1
Actor,Dimitri Leonidas,1,0,1
Actor,Mimi Kirkland,1,1,0
Actor,Spark Chen,1,1,0
Actor,Choi Yoon-so,1,0,1
Actor,Alice Bocchi,1,1,0
Actor,Keerthy Suresh,1,1,0
Actor,Leontine Borsato,1,1,0
Actor,Shaan Grover,1,1,0
Actor,Trudy Goodman,1,0,1
Actor,Lier Qiu,1,1,0
Actor,Matteo Guidicelli,1,1,0
Actor,Nat Sakdatorn,1,0,1
Actor,César Pezzuoli,1,0,1
Actor,Derrick Aduwo,1,1,0
Actor,Kim Hee-won,1,0,1
Actor,Kim Jae-wook,1,0,1
Actor,Ashlyn Pearce,1,1,0
Actor,Abhishek Duhan,1,1,0
Actor,Josh Radnor,1,0,1
Actor,Mason Gooding,1,1,0
Actor,Martha Julia,1,0,1
Actor,Guillermo Arribas,1,0,1
Actor,Luke Tennie,1,1,0
Actor,Carles Arquimbau,1,0,1
Actor,Darin Olien,1,0,1
Actor,David Ojalvo,1,0,1
Actor,Lisa Scenna,1,1,0
Actor,Brigitta Cynthia,1,0,1
Actor,Leo Cidade,1,1,0
Actor,Amelia Eve,1,0,1
Actor,Enhle Mlotshwa,1,0,1
Actor,Amber May,1,1,0
Actor,David Pittu,1,0,1
Actor,Benjamin Lim,1,1,0
Actor,Malcolm X,1,1,0
Actor,Peta Murgatroyd,1,1,0
Actor,Wang Haoxuan,1,0,1
Actor,Yang Hao Ming,1,0,1
Actor,Brendan McCarthy,1,1,0
Actor,Jase Ho,1,1,0
Actor,Nuttapong Boonyuen,1,0,1
Actor,Nadim Abou Samra,1,1,0
Actor,Panta Pattanaampaiwong,1,0,1
Actor,Jenn Chia,1,1,0
Actor,Siu-See Hung,1,1,0
Actor,Jamel Debbouze,1,0,1
Actor,Patrick Durham,1,1,0
Actor,Eden Grace Redfield,1,1,0
Actor,Juan Pablo Gil,1,0,1
Actor,Nichole Galicia,1,1,0
Actor,Baek Yeong-gwang,1,0,1
Actor,Mark Salling,1,0,1
Actor,Ian Alexander,1,0,1
Actor,Kalama Epstein,1,0,1
Actor,Krithi Shetty,1,1,0
Actor,Rupert Degas,1,0,1
Actor,Chase Stokes,1,0,1
Actor,Massimo Ghini,1,1,0
Actor,Noxee Maqashalala,1,0,1
Actor,Steve Rackman,1,1,0
Actor,Ian Nikus,1,1,0
Actor,Isabelle Guérard,1,1,0
Actor,Hany Seif,1,0,1
Actor,Tina Bursill,1,0,1
Actor,Daniel Ortiz,1,0,1
Actor,Kristopher Van Varenberg,1,1,0
Actor,Penny Cook,1,0,1
Actor,Mo Sidik,1,1,0
Actor,Bruno Peixoto,1,1,0
Actor,Dan McCoy,1,1,0
Actor,Tómas Lemarquis,1,1,0
Actor,Pedro Ottoni,1,1,0
Actor,Jo Kyoung-i,1,1,0
Actor,Ezzat El Alaily,1,1,0
Actor,Christine Tesco,1,1,0
Actor,Chika Lann,1,1,0
Actor,Frédéric Anscombre,1,1,0
Actor,Maria Khan,1,1,0
Actor,Peggy Tseng,1,0,1
Actor,Leonardo Boudreau,1,1,0
Actor,Isyana Sarasvati,1,1,0
Actor,PNL,1,1,0
Actor,Michael Villar,1,1,0
Actor,Manal Awad,1,1,0
Actor,Jose Lucena Jr.,1,1,0
Actor,Alex Hurt,1,0,1
Actor,El Hussein Abd,1,1,0
Actor,Olivia Charles,1,0,1
Actor,Michaela Holla,1,1,0
Actor,Daniel Bernhardt,1,1,0
Actor,Leah Lewis,1,1,0
Actor,Adalgisa Manfrida,1,0,1
Actor,Jatupone Chompoonich,1,1,0
Actor,Anuraag Arora,1,1,0
Actor,Marcellino Lafrand,1,1,0
Actor,Gerard Monaco,1,1,0
Actor,Belén Fabra,1,1,0
Actor,Dominique McClellan,1,1,0
Actor,Kim Myung-jun,1,0,1
Actor,Putri Ayudya,1,1,0
Actor,Lynn Shelton,1,1,0
Actor,Érika Mader,1,1,0
Actor,Carrie Lazar,1,1,0
Actor,Kai Ivo Baulitz,1,1,0
Actor,Emmanuel Imani,1,0,1
Actor,Kota Eberhardt,1,0,1
Actor,Chikao Otsuka,1,0,1
Actor,Tomasz Bagiński,1,1,0
Actor,Julie Kieffer,1,0,1
Actor,Rebecca Riedy,1,0,1
Actor,Sun Xilun,1,0,1
Actor,Mayu Matsuoka,1,1,0
Actor,Praewa Suthamphong,1,0,1
Actor,Ji Xiangning,1,0,1
Actor,Calista Flockhart,1,0,1
Actor,Masato Hagiwara,1,0,1
Actor,Małgorzata Kożuchowska,1,1,0
Actor,Hugues Jourdain,1,1,0
Actor,Katsuhisa Namase,1,1,0
Actor,Juan Carlos Messier,1,0,1
Actor,Devender Chaudhary,1,1,0
Actor,Benno Roßkopf,1,1,0
Actor,Raj Kesaria,1,1,0
Actor,Daniel Valdez,1,1,0
Actor,Guillaume Laurin,1,1,0
Actor,Razane Jammal,1,0,1
Actor,Eddie Webber,1,1,0
Actor,Lantana Ahmed,1,1,0
Actor,Jessica Alexander,1,0,1
Actor,Jane Scandizzo,1,0,1
Actor,Terje Lien,1,1,0
Actor,Mar Ayala,1,0,1
Actor,Fraser Aitcheson,1,1,0
Actor,Mohammad Adel,1,0,1
Actor,Long John Baldry,1,0,1
Actor,David Meadows,1,1,0
Actor,Biagio Forestieri,1,0,1
Actor,Nino Muhlach,1,1,0
Actor,Chikako Kaku,1,1,0
Actor,Shoukry Sarhan,1,1,0
Actor,Randolph Thompson,1,1,0
Actor,Bomma Sreedhar,1,1,0
Actor,Patrick Ridremont,1,0,1
Actor,Adrian Glynn McMorran,1,1,0
Actor,Yen Cheng-kuo,1,1,0
Actor,Chatchawai Kamonsakpitak,1,1,0
Actor,Elena Lyadova,1,1,0
Actor,Juán Carlos Torres,1,1,0
Actor,Jonny Rees,1,0,1
Actor,Yasmin Thayná,1,0,1
Actor,An Nae-sang,1,0,1
Actor,Scotia Anderson,1,0,1
Actor,Poorna,1,0,1
Actor,Julie Gonzalo,1,1,0
Actor,Aruldass,1,1,0
Actor,Kashish Singh,1,1,0
Actor,Um Hyo-sup,1,0,1
Actor,Michael Somma,1,1,0
Actor,Da'Vone McDonald,1,1,0
Actor,Yukihiro Nozuyama,1,0,1
Actor,Anju Kurian,1,1,0
Actor,Philippe Aractingi,1,1,0
Actor,Aditi Vasudev,1,1,0
Actor,Tim Lagasse,1,0,1
Actor,Zoa Morani,1,1,0
Actor,Deng Chao,1,1,0
Actor,Yin Shin,1,1,0
Actor,Agnieszka Dygant,1,1,0
Actor,Payman Maadi,1,1,0
Actor,Boulet Brothers,1,0,1
Actor,Nisha Bano,1,1,0
Actor,Irene Esser,1,0,1
Actor,Naomi Mburu,1,1,0
Actor,Ibraheem Alkhairallah,1,0,1
Actor,Tom Wlaschiha,1,1,0
Actor,Joshua Harto,1,1,0
Actor,Nancho Novo,1,0,1
Actor,Scott Mulligan,1,0,1
Actor,Efek Rumah Kaca,1,1,0
Actor,Norm Lewis,1,1,0
Actor,Liviu Pintileasa,1,1,0
Actor,Alison Becker,1,0,1
Actor,Kalp Shah,1,1,0
Actor,Sidhartha Siva,1,1,0
Actor,Kelly Overton,1,0,1
Actor,Shree Crooks,1,1,0
Actor,Sarel Piterman,1,0,1
Actor,Blessing Lung'Aho,1,1,0
Actor,Hira Ashar,1,0,1
Actor,Denise Ho,1,1,0
Actor,Kenny Wen,1,0,1
Actor,Jan Schweiterman,1,1,0
Actor,Joman Chiang,1,0,1
Actor,Alex Rich,1,0,1
Actor,Tyler Oakley,1,1,0
Actor,Salvador Montenegro,1,0,1
Actor,Gautam Bhimani,1,1,0
Actor,Yul Edochie,1,1,0
Actor,Teera Pratumtree,1,0,1
Actor,Ji Dae-han,1,0,1
Actor,Tariq Tamim,1,1,0
Actor,Bridget Pike,1,1,0
Actor,Jacky Cheung,1,1,0
Actor,Jaheem Toombs,1,1,0
Actor,Wil King,1,0,1
Actor,Matt Yang King,1,1,0
Actor,Zbigniew Waleryś,1,0,1
Actor,Jamie Thomas King,1,1,0
Actor,Lukas Løkken,1,0,1
Actor,Jean-Carl Boucher,1,1,0
Actor,Dan Bilzerian,1,1,0
Actor,Robbert Bleij,1,0,1
Actor,Fynn Kliemann,1,0,1
Actor,Paul Moniz de Sa,1,1,0
Actor,Marco Antonio Solís,1,1,0
Actor,Bilel Chegrani,1,0,1
Actor,Yun Jong-seok,1,0,1
Actor,Chris Jack,1,0,1
Actor,Debbie Harry,1,1,0
Actor,Erinn Westbrook,1,0,1
Actor,Mo Gilligan,1,1,0
Actor,Yurdaer Okur,1,0,1
Actor,Lee Kyung-hwa,1,0,1
Actor,David Joyner,1,0,1
Actor,Jung Yi-rang,1,0,1
Actor,Izan Llunas,1,0,1
Actor,Abdellah Bensaid,1,1,0
Actor,Kurtis Blow,1,1,0
Actor,Millaray Lobos,1,1,0
Actor,Ninad Mahajani,1,1,0
Actor,Jonah Mussolino,1,1,0
Actor,Andreo Kamau,1,1,0
Actor,Khaled Abol El Naga,1,1,0
Actor,Geeta Basra,1,1,0
Actor,Poonam Sinha,1,1,0
Actor,Marco Antonio Treviño,1,0,1
Actor,Jean-Henri Compère,1,0,1
Actor,Casey Siemaszko,1,1,0
Actor,Molly Harris,1,1,0
Actor,Kim Jung-nan,1,0,1
Actor,Jesús Sida,1,0,1
Actor,Serdar Deniz,1,0,1
Actor,Matthew Hussey,1,0,1
Actor,Joseba Usabiaga,1,1,0
Actor,Carolina Miranda,1,0,1
Actor,Camille Aguilar,1,0,1
Actor,Gwyneth Jones,1,1,0
Actor,Gabrielle Ryan,1,0,1
Actor,Tomás Raimondi,1,1,0
Actor,Daisuke Kirii,1,0,1
Actor,Bruce Gomlevsky,1,1,0
Actor,Mercedes McCambridge,1,1,0
Actor,Arturo Muselli,1,1,0
Actor,Zdenko Jelcic,1,0,1
Actor,Oh Ji-ho,1,0,1
Actor,Luke Hawker,1,1,0
Actor,Théo Christine,1,1,0
Actor,Jonathan Daviss,1,0,1
Actor,Isaach De Bankolé,1,1,0
Actor,Nick Sandow,1,0,1
Actor,Mike Ward,1,1,0
Actor,Martín Bello,1,0,1
Actor,Chicha Amatayakul,1,0,1
Actor,Andrew Cownden,1,1,0
Actor,Keesha Sharp,1,1,0
Actor,Peter Verby,1,1,0
Actor,Ishita Dutta,1,1,0
Actor,Reem Shaikh,1,1,0
Actor,Eva Ariel Binder,1,1,0
Actor,Josep Linuesa,1,0,1
Actor,Su Ae,1,1,0
Actor,Sani Muazu,1,0,1
Actor,Christian Malheiros,1,0,1
Actor,Flávio Tolezani,1,0,1
Actor,Katrin Saß,1,0,1
Actor,Emilio Mazur,1,0,1
Actor,Janice,1,1,0
Actor,Kozo Morishita,1,1,0
Actor,Jim Peck,1,1,0
Actor,Ralph Palka,1,1,0
Actor,Li Xiang-yu,1,0,1
Actor,Karen Pittman,1,0,1
Actor,Vu Le Hong,1,0,1
Actor,Chris Smith,1,0,1
Actor,Nick Apostolides,1,0,1
Actor,Caitlin Howden,1,1,0
Actor,Tihana Lazovic,1,0,1
Actor,Sho Kasamatsu,1,0,1
Actor,Shubrajyoti Barat,1,1,0
Actor,József Gyabronka,1,1,0
Actor,Kheiron,1,1,0
Actor,Marcella Arguello,1,1,0
Actor,Park Won-suk,1,0,1
Actor,Nina Rehill,1,1,0
Actor,Anders Hove,1,1,0
Actor,Fan Linfeng,1,0,1
Actor,Rob Hayter,1,1,0
Actor,Ahmed Adel,1,1,0
Actor,Carlos Antunes,1,1,0
Actor,Jayant Kripalani,1,1,0
Actor,David Clayton Rogers,1,0,1
Actor,Carlo D'Ursi,1,1,0
Actor,Judith Ivey,1,1,0
Actor,Raghav Raj Kakker,1,0,1
Actor,Lee Jeong-ha,1,0,1
Actor,Ellen Tamaki,1,0,1
Actor,Yudhishtir Urs,1,1,0
Actor,Suzzanne Douglas,1,1,0
Actor,Robbie Magasiva,1,0,1
Actor,Bea Segura,1,0,1
Actor,Mamley Djangmah,1,1,0
Actor,Kai Calhoun,1,0,1
Actor,Jason Rogel,1,1,0
Actor,Natthawara Hongsuwan,1,0,1
Actor,Eileen Yañez,1,0,1
Actor,Yi Zi,1,1,0
Actor,Shaily Dubey,1,0,1
Actor,Gaspard Ulliel,1,0,1
Actor,Kid Rock,1,1,0
Actor,Mizuki Kayashima,1,1,0
Actor,Khathu Ramabulana,1,0,1
Actor,Mauricio Figueroa,1,0,1
Actor,Sagar Arya,1,1,0
Actor,Pathy Dejesus,1,0,1
Actor,Charlotte Ritchie,1,0,1
Actor,Anil Dutt,1,1,0
Actor,Dwyane Wade,1,1,0
Actor,Austin Abrams,1,0,1
Actor,Max Perlich,1,1,0
Actor,Joelle Frenn,1,1,0
Actor,Zdzislaw Wardejn,1,0,1
Actor,Romann Berrux,1,0,1
Actor,Civan Canova,1,0,1
Actor,Kristoff St. John,1,1,0
Actor,Jonathan Scarfe,1,0,1
Actor,Caitlyn Jenner,1,0,1
Actor,Nishikant Rawji,1,1,0
Actor,Costas Mandylor,1,1,0
Actor,Zita Sattar,1,0,1
Actor,Daniele Pilli,1,1,0
Actor,Amarr M. Wooten,1,1,0
Actor,Oh Mi-hee,1,1,0
Actor,Nick Liberato,1,0,1
Actor,Emma Watkins,1,0,1
Actor,Lisa Davina Phillip,1,1,0
Actor,Marissa Jo Cerar,1,0,1
Actor,Raul,1,1,0
Actor,Eita Okuno,1,1,0
Actor,Valeria Seciu,1,1,0
Actor,Siobhan Murphy,1,0,1
Actor,Phumphat Chartsuriyakiat,1,0,1
Actor,Jamie Brewer,1,0,1
Actor,Georgia King,1,1,0
Actor,Kuljinder Sidhu,1,1,0
Actor,Maxwell Powers,1,0,1
Actor,Patravadi Mejudhon,1,0,1
Actor,Han Ning,1,0,1
Actor,Lisa Ambalavanar,1,0,1
Actor,Joelle Rizk,1,1,0
Actor,Joo Won,1,0,1
Actor,Romy Rafael,1,1,0
Actor,Gauri Chakraborty,1,1,0
Actor,Takamasa Mogi,1,0,1
Actor,Johnny Selema,1,1,0
Actor,Ravjeet Singh,1,1,0
Actor,David Julian Hirsh,1,0,1
Actor,Gutto Szuster,1,0,1
Actor,Dolly De Leon,1,1,0
Actor,Pablo Béjar,1,0,1
Actor,Miriam Freeland,1,1,0
Actor,Ana María Arango,1,0,1
Actor,Nazeera Sardi,1,0,1
Actor,SixTONES,1,0,1
Actor,Joziah Lagonoy,1,1,0
Actor,Jeong Jae-heon,1,1,0
Actor,Catherine Walker,1,0,1
Actor,Ju Hyun,1,0,1
Actor,Wyatt Smith,1,1,0
Actor,Raja Hudda,1,1,0
Actor,Kevin Daniels,1,1,0
Actor,Jaber Jokhadar,1,1,0
Actor,Gülse Birsel,1,1,0
Actor,Misel Maticevic,1,0,1
Actor,Kang Bu-ja,1,0,1
Actor,Tseng Ching-hua,1,1,0
Actor,Patricia Hodge,1,1,0
Actor,Melvin Gregg,1,1,0
Actor,Sartaaj Kakkar,1,1,0
Actor,Carla Moscatelli,1,1,0
Actor,Shashi Tharan,1,1,0
Actor,Sallehuddin Abu Bakar,1,1,0
Actor,Eri Murakawa,1,1,0
Actor,Kelly Chen Jia-li,1,0,1
Actor,Nik Rabinowitz,1,1,0
Actor,Soham Chakraborty,1,1,0
Actor,Thomas Gumede,1,1,0
Actor,Charlie Taylor,1,1,0
Actor,Petronela Grigorescu,1,1,0
Actor,Nelly González,1,1,0
Actor,Lee Jai-jin,1,0,1
Actor,Jerome Ehlers,1,1,0
Actor,Jeana Ho Pui-yu,1,0,1
Actor,Karen Obilom,1,1,0
Actor,Ahmed Saeed Abdel-Ghany,1,1,0
Actor,Samuel Patrick Chu,1,1,0
Actor,Fenda Drame,1,1,0
Actor,Adi Lev,1,1,0
Actor,Helen George,1,0,1
Actor,Maryana Spivak,1,0,1
Actor,Jodie Leslie Ahlborn,1,1,0
Actor,Jiang Du-hui,1,0,1
Actor,Ama Qamata,1,0,1
Actor,Cameron Mitchell,1,1,0
Actor,Sebastián Sánchez,1,0,1
Actor,Bill Martin Williams,1,1,0
Actor,Juno Rinaldi,1,0,1
Actor,Ibinabo Fiberesima,1,1,0
Actor,Ben Savage,1,1,0
Actor,Ehsan Khan,1,1,0
Actor,Nessbeal,1,1,0
Actor,Oscar Skagerberg,1,0,1
Actor,Patrick Gibson,1,0,1
Actor,Hiroaki Ogi,1,1,0
Actor,Kader Benchoudar,1,1,0
Actor,Catherine Deneuve,1,1,0
Actor,Quetzalli Cortés,1,0,1
Actor,Freja Riemann,1,0,1
Actor,William Haresceugh,1,0,1
Actor,Eva Gerr,1,1,0
Actor,Alexander Brouwer,1,0,1
Actor,Blaise Afonso,1,1,0
Actor,Maria Cordero,1,1,0
Actor,Carme Elias,1,1,0
Actor,Aria Ferris,1,0,1
Actor,Mia X,1,1,0
Actor,Susanne Storm,1,0,1
Actor,Ahmet Pinar,1,0,1
Actor,Mauricio Novoa,1,0,1
Actor,Kristina Tonteri-Young,1,0,1
Actor,Maggie Parto,1,1,0
Actor,Gabriela Muskała,1,1,0
Actor,Cristina Urgel,1,0,1
Actor,Katrina Begin,1,1,0
Actor,Yutaro,1,0,1
Actor,Nadia Buari,1,1,0
Actor,Constance Gay,1,0,1
Actor,Daniel Ibáñez,1,0,1
Actor,Joey Bada$$,1,1,0
Actor,Matt McCoy,1,1,0
Actor,Tim Guinee,1,0,1
Actor,Luca Streussnig,1,1,0
Actor,Ronnie Van Zandt,1,1,0
Actor,Alicia Calaway,1,0,1
Actor,Sangeeta Krishnasamy,1,1,0
Actor,CJ Beckford,1,1,0
Actor,Melissa Joan Hart,1,0,1
Actor,Enzo Ovideo,1,0,1
Actor,Vijay S. Kumar,1,1,0
Actor,Tomoyo Chujo,1,0,1
Actor,Lee Shin-ki,1,0,1
Actor,Carlos Corona,1,0,1
Actor,Hayes Hargrove,1,1,0
Actor,Frankie Hervey,1,0,1
Actor,Shivantha Wijesinha,1,1,0
Actor,Ali Al Tayeb,1,0,1
Actor,Justin Chambers,1,0,1
Actor,Ronald Guttman,1,0,1
Actor,Kelly Marie Stewart,1,0,1
Actor,Lucy Davis,1,0,1
Actor,Edilsy Vargas,1,1,0
Actor,Peder Holm Johansen,1,0,1
Actor,Logan Edra,1,1,0
Actor,Marisa Paredes,1,1,0
Actor,Mia Tomlinson,1,0,1
Actor,Mary-Colin Chisholm,1,1,0
Actor,Regina Orquín,1,0,1
Actor,Moses Storm,1,1,0
Actor,Virgina Diop,1,0,1
Actor,Hiyori Sakurada,1,1,0
Actor,Buddy Stephens,1,0,1
Actor,Carlos Alfredo Jr.,1,0,1
Actor,Keegan Joyce,1,0,1
Actor,Carolyn Bridget Kennedy,1,1,0
Actor,Edwin Goh,1,1,0
Actor,Mengqin,1,0,1
Actor,Kevin Liu,1,0,1
Actor,Tait Blum,1,1,0
Actor,Adario Strange,1,1,0
Actor,Bethany Hamilton,1,1,0
Actor,Catherine Desplaces,1,0,1
Actor,Anita Daniels,1,1,0
Actor,Victor Anastacio,1,1,0
Actor,Cauã Gonçalves,1,0,1
Actor,Jessa Zarubica,1,1,0
Actor,Kaaris,1,1,0
Actor,Bhaskar Jha,1,1,0
Actor,Marley Dias,1,0,1
Actor,Aimée Sayah,1,0,1
Actor,Shakira Jasmine,1,1,0
Actor,Dede Satria,1,1,0
Actor,Shamol Mawla,1,1,0
Actor,Andrea Guzmán,1,0,1
Actor,Joris Jarksy,1,0,1
Actor,Nam Da-reum,1,1,0
Actor,Nazmi Kırık,1,1,0
Actor,Pajaree Nantarat,1,0,1
Actor,Venecia Troncoso,1,1,0
Actor,Zara JKT48,1,1,0
Actor,André Sørum,1,0,1
Actor,Faiza Mahnur,1,1,0
Actor,Tamer Burjaq,1,1,0
Actor,Marni Nixon,1,1,0
Actor,Milind Shirole,1,1,0
Actor,Lisa Amedjout,1,1,0
Actor,Xu Xiaonuo,1,0,1
Actor,Adrian Alandy,1,1,0
Actor,Eve Ponsonby,1,1,0
Actor,Nasser Al-Dhahnani,1,1,0
Actor,Malia Baker,1,0,1
Actor,Alida Baldari Calabria,1,1,0
Actor,Stefan Kapicic,1,0,1
Actor,Rosanna Sapia,1,1,0
Actor,Ibrahim Issa,1,0,1
Actor,Sebastián Eslava,1,0,1
Actor,Mercedes Cabral,1,1,0
Actor,Michaella Russell,1,0,1
Actor,Jan Silverio,1,1,0
Actor,Ahaji Issa Bello,1,1,0
Actor,Ahmed Saddam,1,1,0
Actor,Pamela Tola,1,0,1
Actor,Kim Shaw,1,1,0
Actor,Hong-Chi Lee,1,1,0
Actor,Irfan Ramli,1,1,0
Actor,Kritika Avasthi,1,0,1
Actor,India Jarvis,1,1,0
Actor,Yan Gakharmanov,1,0,1
Actor,Oguzhan Kocakli,1,1,0
Actor,Alba Rohrwacher,1,1,0
Actor,Elle Macpherson,1,1,0
Actor,Dhanesh Anand,1,1,0
Actor,Mizuki Itagaki,1,1,0
Actor,Juri Winkler,1,0,1
Actor,Lauri Tilkanen,1,0,1
Actor,Kailas Mahadevan,1,1,0
Actor,Matias Maldonado,1,0,1
Actor,Go Ara,1,0,1
Actor,Colby Donaldson,1,0,1
Actor,Ha Ji-won,1,0,1
Actor,Jimmy Sheirgill,1,1,0
Actor,Na Mun-hee,1,0,1
Actor,Anna Jullienne,1,1,0
Actor,Jenny Boyd,1,0,1
Actor,Adeniyi Johnson,1,1,0
Actor,Pan Hong,1,0,1
Actor,Maria Rianne Castro,1,1,0
Actor,Huan Zhang,1,1,0
Actor,Pete Spyropoulos,1,1,0
Actor,Ine Marie Wilmann,1,0,1
Actor,Christian Mulas,1,1,0
Actor,Rebeca Montero,1,1,0
Actor,Qian Chen,1,0,1
Actor,Thijs Römer,1,0,1
Actor,Bolaji Ogunmola,1,1,0
Actor,Ross McCall,1,1,0
Actor,Mateo Iribarren,1,1,0
Actor,Deni Gordon,1,0,1
Actor,Jamal Alradhan,1,1,0
Actor,Phil Davis,1,1,0
Actor,Vaibhav Tatwawaadi,1,1,0
Actor,Daniel MK Cohen,1,0,1
Actor,Klarke Pipkin,1,1,0
Actor,Kenan Ece,1,0,1
Actor,Maymay Entrata,1,1,0
Actor,Nils d'Aulaire,1,1,0
Actor,Daphne Rubin-Vega,1,0,1
Actor,Emilia Jones,1,0,1
Actor,Miguel Borines,1,0,1
Actor,Jonathan Espinoza,1,1,0
Actor,Ne-Yo,1,1,0
Actor,Kalani Hilliker,1,1,0
Actor,Andrés Pardave,1,0,1
Actor,Janet Hsieh,1,0,1
Actor,Vishal Sharma,1,1,0
Actor,Nicholas Aaron,1,1,0
Actor,Francesco Acquaroli,1,0,1
Actor,Robert Long,1,1,0
Actor,Mavis Fan,1,0,1
Actor,Emi Shinohara,1,0,1
Actor,Hannah Jane Fox,1,0,1
Actor,Tenz McCall,1,0,1
Actor,Gil Alexandre,1,1,0
Actor,Tomasz Stockinger,1,1,0
Actor,Siu Yam Yam,1,1,0
Actor,Spencer Garrett,1,1,0
Actor,Garcia,1,0,1
Actor,Bruno Garcia,1,0,1
Actor,Eric Dirnes,1,1,0
Actor,Martina Eitner-Acheampong,1,0,1
Actor,Vance Banzo,1,1,0
Actor,Yao Ai-ning,1,0,1
Actor,Rajat Kaul,1,1,0
Actor,Michael Berresse,1,1,0
Actor,Angeli Nicole Sanoy,1,0,1
Actor,Adrian Majewski,1,1,0
Actor,Gísli Örn Garðarsson,1,0,1
Actor,Jenna Lamia,1,0,1
Actor,Nicholas Brown,1,0,1
Actor,Kim,1,1,0
Actor,La Terremoto de Alcorcón,1,0,1
Actor,Paula Usero,1,0,1
Actor,Nana Mensah,1,0,1
Actor,Carolina Clemente,1,1,0
Actor,Misty Lee,1,0,1
Actor,Eve,1,1,0
Actor,Fourtwnty,1,1,0
Actor,Hsia Ching Ting,1,0,1
Actor,Ralf Jameson,1,0,1
Actor,Mama Sane,1,1,0
Actor,Evelina Fernandez,1,1,0
Actor,Marcial Álvarez,1,0,1
Actor,Luis Felipe Tovar,1,0,1
Actor,Louw Venter,1,1,0
Actor,Daniel Ogbeide-John,1,0,1
Actor,Ingi Abou Zeid,1,0,1
Actor,Thor Lok,1,0,1
Actor,Chirag Lobo,1,1,0
Actor,Yang Zheng,1,0,1
Actor,Sami Gawhar,1,1,0
Actor,Saverio Raimondo,1,1,0
Actor,Owen Daniels,1,0,1
Actor,Ai Maeda,1,0,1
Actor,August Nuñez,1,0,1
Actor,Eleanor Bennett,1,0,1
Actor,Tomoya Maeno,1,0,1
Actor,Michael Tao,1,0,1
Actor,Hannah Endicott-Douglas,1,0,1
Actor,Aditi Balan,1,0,1
Actor,Nikita Uggla,1,0,1
Actor,Alba August,1,0,1
Actor,Yui Toita,1,0,1
Actor,Helen Sadler,1,0,1
Actor,Lex Scott Davis,1,1,0
Actor,Suchada Tongam,1,0,1
Actor,J.L. Reate,1,1,0
Actor,Lai Yi,1,0,1
Actor,David Rintoul,1,1,0
Actor,Afi Okaidja,1,1,0
Actor,Dillon Windvogel,1,0,1
Actor,Toya Turner,1,0,1
Actor,Dennis Mojen,1,1,0
Actor,Jung Man-sik,1,0,1
Actor,Deneen Tyler,1,1,0
Actor,Ella Rumpf,1,0,1
Actor,Shelby Wulfert,1,1,0
Actor,Rodolfo Valente,1,0,1
Actor,Karl Pilkington,1,0,1
Actor,Selma Lopes,1,1,0
Actor,Cassandra Sánchez Navarro,1,0,1
Actor,Nattapat Nimjirawat,1,0,1
Actor,Gandhi Wasuwitchayagit,1,0,1
Actor,Liu Haikuan,1,0,1
Actor,Hareesh Peradi,1,1,0
Actor,Theresa Sutera,1,1,0
Actor,Philbert Falakeza,1,1,0
Actor,Takeru Satoh,1,1,0
Actor,Eike Duarte,1,1,0
Actor,Afra Saraçoğlu,1,1,0
Actor,Emre Kıvılcım,1,1,0
Actor,Boipelo Nokukhanya Tau,1,1,0
Actor,Hala Sarhan,1,1,0
Actor,Travis Tope,1,1,0
Actor,Callum Shoniker,1,0,1
Actor,Naya Rivera,1,0,1
Actor,Takumi Yamazaki,1,0,1
Actor,Christian Dal Dosso,1,0,1
Actor,Asuka Kurosawa,1,1,0
Actor,Paul Jurewicz,1,1,0
Actor,Pablo Morán,1,0,1
Actor,Cristina Lago,1,0,1
Actor,Adam Boyer,1,1,0
Actor,Vinson Tran,1,1,0
Actor,Amanda Leighton,1,0,1
Actor,Rochelle Aytes,1,0,1
Actor,Şennur Nogaylar,1,1,0
Actor,Nneka Okoye,1,0,1
Actor,Dana Lewis,1,1,0
Actor,Wu Xiong,1,0,1
Actor,Ahn Jang-hyuk,1,0,1
Actor,Hugo Chegwin,1,0,1
Actor,Arianne Botelho,1,1,0
Actor,Maricel Laxa,1,1,0
Actor,Heba El Dorry,1,1,0
Actor,Aracely Arámbula,1,0,1
Actor,Chavalit Chittanant,1,0,1
Actor,Vincenzo Nicoli,1,1,0
Actor,Claudia Geisler-Bading,1,0,1
Actor,Shruti Marathe,1,1,0
Actor,Michaela Conlin,1,1,0
Actor,Myra Karn,1,1,0
Actor,Johan Leysen,1,1,0
Actor,James Garner,1,1,0
Actor,Edward Ashley,1,0,1
Actor,Youssef Haddad,1,0,1
Actor,Yoon Hyun-min,1,0,1
Actor,Yash Shashank Dholye,1,0,1
Actor,Cristiano Caccamo,1,1,0
Actor,Adam Campbell,1,0,1
Actor,Suyog Rajendra Gorhe,1,1,0
Actor,Christina Rodriguez,1,0,1
Actor,Moon Sook,1,0,1
Actor,Keith Lee,1,1,0
Actor,Pierce Cravens,1,0,1
Actor,Steve Gaines,1,1,0
Actor,Otto Jespersen,1,1,0
Actor,Manish Devkush,1,1,0
Actor,Giju John,1,1,0
Actor,Yuka Nukui,1,0,1
Actor,Melody Tally,1,1,0
Actor,YaYa Gosselin,1,1,0
Actor,Andy Wu,1,0,1
Actor,Jessalyn Wanlim,1,0,1
Actor,Zara Udofia Ejoh,1,1,0
Actor,Anna Ferzetti,1,0,1
Actor,Jim Chim Sui Man,1,0,1
Actor,Noshir Dalal,1,0,1
Actor,Cristina do Rego,1,0,1
Actor,Evgeniy Sidikhin,1,1,0
Actor,Runa Onodera,1,0,1
Actor,Emily Woo Zeller,1,0,1
Actor,Anne Suarez,1,0,1
Actor,David Pasquesi,1,1,0
Actor,Robyn Slade,1,0,1
Actor,Ryushin Tei,1,0,1
Actor,Monalisa Chinda,1,1,0
Actor,Félix Antequera,1,0,1
Actor,Yuki Kaneko,1,1,0
Actor,Lee Seo-won,1,0,1
Actor,Pinky Amador,1,1,0
Actor,Rachel Kimsey,1,1,0
Actor,Yuri Kuznetsov,1,0,1
Actor,Wilfred Hyde-White,1,1,0
Actor,Giovanna Grigio,1,1,0
Actor,Artimus Pyle,1,1,0
Actor,Eriska Rein,1,1,0
Actor,Bikram Choudhury,1,1,0
Actor,Yael Eitan,1,1,0
Actor,Miki Nakatani,1,0,1
Actor,Coco Rebecca Edogamhe,1,0,1
Actor,Munish Makhija,1,1,0
Actor,Hongchen Li,1,1,0
Actor,Lorna Campos,1,1,0
Actor,Ginny Schreiber,1,1,0
Actor,Pally Siqueira,1,0,1
Actor,Wafda Saifan,1,1,0
Actor,Aasha Pawar,1,1,0
Actor,Briggitte Bozzo,1,0,1
Actor,Leander Vyvey,1,1,0
Actor,Juliet Simmons,1,1,0
Actor,Ni Dahong,1,0,1
Actor,Vicky Liang,1,0,1
Actor,Mickey Huang,1,0,1
Actor,David Hoole,1,0,1
Actor,Laura Haddock,1,0,1
Actor,Shimon Okura,1,0,1
Actor,Sebastián Ayala,1,0,1
Actor,Alexander Bello,1,1,0
Actor,Peter Meehan,1,0,1
Actor,Mohsen Hassanein,1,1,0
Actor,Anderson Cooper,1,0,1
Actor,Ni Yan,1,1,0
Actor,John Lewis,1,1,0
Actor,Ronnawee Sereerat,1,0,1
Actor,Mutsuki Arisawa,1,0,1
Actor,William Rützou,1,0,1
Actor,Michael Shanks,1,0,1
Actor,Andryan Bima,1,1,0
Actor,Jaturong Kolimart,1,0,1
Actor,Cigano Satyohamba,1,1,0
Actor,Kiran Malik,1,1,0
Actor,Tempestt Bledsoe,1,1,0
Actor,Jonathan Lajoie,1,1,0
Actor,Ishtiaque Zico,1,1,0
Actor,Leandro Daniel,1,0,1
Actor,Felix Cameron,1,1,0
Actor,Crispin Freeman,1,0,1
Actor,Shin Su-ho,1,0,1
Actor,Nam Moon-cheol,1,1,0
Actor,Fernando Campo,1,0,1
Actor,Justin Schilling,1,1,0
Actor,Margherita Morchio,1,0,1
Actor,Kimberly Hébert-Gregory,1,1,0
Actor,Seong Hye-min,1,0,1
Actor,Jenny Gebara,1,1,0
Actor,Arlinda Di Baio,1,0,1
Actor,Praveen Tarde,1,1,0
Actor,Antonio Valero,1,1,0
Actor,Ju Jingyi,1,0,1
Actor,Marcus Brigstocke,1,0,1
Actor,Ladi Alpha,1,1,0
Actor,Takumu Miyazono,1,0,1
Actor,Sala Baker,1,1,0
Actor,Aniello Arena,1,1,0
Actor,Madison De La Garza,1,1,0
Actor,Luka Peros,1,1,0
Actor,Thomas Turgoose,1,1,0
Actor,Monkey Shao,1,0,1
Actor,Kim Jun-han,1,0,1
Actor,Tavi Gevinson,1,0,1
Actor,Diego Gallardo,1,0,1
Actor,Isak Ferriz,1,1,0
Actor,Kiera Strauss,1,1,0
Actor,Kahaan,1,1,0
Actor,Valentin Kretz,1,0,1
Actor,Kim Ah-joong,1,0,1
Actor,Ren Zhengbin,1,1,0
Actor,Rahasya Gorak,1,1,0
Actor,Imari Williams,1,0,1
Actor,Nunthapak Chalermpuwadej,1,0,1
Actor,Bautista Lena,1,1,0
Actor,Sullivan Stapleton,1,1,0
Actor,Lexi Perkel,1,1,0
Actor,Omar Murillo,1,1,0
Actor,Fathia Balogun,1,1,0
Actor,Piyathida Woramusik,1,0,1
Actor,Karolina Wydra,1,1,0
Actor,Emily Sweet,1,1,0
Actor,Erom Cordeiro,1,0,1
Actor,Pablo Sanabio,1,1,0
Actor,Said Sandoval,1,0,1
Actor,Sai Pallavi,1,0,1
Actor,William Ash,1,0,1
Actor,Ibrahim Daddy,1,1,0
Actor,Brian Bosworth,1,1,0
Actor,Nicolette Kluijver,1,1,0
Actor,Nimmi Harasgama,1,1,0
Actor,Raghavan,1,1,0
Actor,Ranjan Sehgal,1,1,0
Actor,Mann Patel,1,1,0
Actor,Sylvain Jailloux,1,1,0
Actor,Peter Cassidy,1,0,1
Actor,Görkem Mertsöz,1,0,1
Actor,Álvaro Rodríguez,1,0,1
Actor,Kim Jong-goo,1,0,1
Actor,Rita Pokk,1,1,0
Actor,Robert Aramayo,1,0,1
Actor,Faisal Qureshi,1,1,0
Actor,Galatea Ranzi,1,0,1
Actor,Graham Hamilton,1,0,1
Actor,Ibrahim Al-Sheikhly,1,1,0
Actor,Dick Terhune,1,0,1
Actor,Nina Tantimonaco,1,0,1
Actor,Preston Nyman,1,0,1
Actor,Richard Foronjy,1,1,0
Actor,Zafer Abdeen,1,0,1
Actor,Brice Montagne,1,1,0
Actor,Griffin McIntyre,1,0,1
Actor,Jahmil French,1,0,1
Actor,Elizabeth Cullen,1,0,1
Actor,Maneerat Kham-uan,1,0,1
Actor,Walter Mercado,1,1,0
Actor,Gary Jones,1,0,1
Actor,Arthur Nightingale,1,0,1
Actor,Freedom Martin,1,1,0
Actor,Sladen Peltier,1,1,0
Actor,Genevieve Lemon,1,1,0
Actor,Ali Yörenç,1,0,1
Actor,Gregg Sulkin,1,1,0
Actor,Mike Rinder,1,0,1
Actor,Paula Trickey,1,1,0
Actor,Kazuma Horie,1,0,1
Actor,Anja Matković,1,0,1
Actor,Christian Villamil,1,1,0
Actor,Will Ennis,1,1,0
Actor,Reign Edwards,1,1,0
Actor,Lee Han-wi,1,0,1
Actor,Madelyn Cline,1,0,1
Actor,Sinjai Plengpanich,1,0,1
Actor,Mustapha Aarab,1,1,0
Actor,Na In-woo,1,0,1
Actor,Luis Rivera,1,0,1
Actor,Gily Itskovitch,1,0,1
Actor,Wang Zhener,1,1,0
Actor,Yuko Sasaki,1,0,1
Actor,Rhenzy Feliz,1,1,0
Actor,Cho Hee-bong,1,0,1
Actor,Shakti Singh,1,1,0
Actor,Khalima Gadji,1,0,1
Actor,Tilky Jones,1,1,0
Actor,Miao Ke-li,1,0,1
Actor,Too $hort,1,1,0
Actor,Mohammed Hafiz,1,0,1
Actor,"Nancy ""Vincenza Careri"" Kulik",1,1,0
Actor,Joe Perrino,1,1,0
Actor,Mark Lewis,1,1,0
Actor,Royston Stoffels,1,1,0
Actor,Greg Perrow,1,1,0
Actor,Mauricio Lara,1,0,1
Actor,Li He,1,0,1
Actor,Jamal Graham,1,1,0
Actor,Carla Tassara,1,0,1
Actor,Daniel Kang,1,0,1
Actor,Timothy Renouf,1,1,0
Actor,Ranveer Singh,1,1,0
Actor,Elmano Sancho,1,1,0
Actor,Tyler Howitt,1,0,1
Actor,Mary Mara,1,1,0
Actor,Danilo de Moura,1,0,1
Actor,Rizky Mocil,1,1,0
Actor,Karim Belkhadra,1,1,0
Actor,Bella Band,1,0,1
Actor,Rajan Bhise,1,1,0
Actor,Chela del Río,1,0,1
Actor,Shona Ferguson,1,0,1
Actor,Joe Estevez,1,1,0
Actor,Michelle Wai,1,1,0
Actor,Guo Yue,1,1,0
Actor,Robert Random,1,1,0
Actor,Liam Hughes,1,1,0
Actor,Claudia Pineda,1,0,1
Actor,Shaun Austin-Olsen,1,1,0
Actor,Jesse LaTourette,1,1,0
Actor,Ejke Blomberg,1,0,1
Actor,Ramón Aguirre,1,1,0
Actor,Gülçin Kültür Şahin,1,0,1
Actor,Vuyo Dabula,1,0,1
Actor,Michael Wittenborn,1,1,0
Actor,Jean Pedro,1,1,0
Actor,Sunita Sharma,1,1,0
Actor,Lars Simonsen,1,0,1
Actor,Tarun Khanna,1,1,0
Actor,Michael Greyeyes,1,0,1
Actor,Ronald Peet,1,0,1
Actor,Priya Anand,1,1,0
Actor,Julian Kostov,1,0,1
Actor,KAT-TUN,1,0,1
Actor,Zahia Dehar,1,1,0
Actor,Alisha Bailey,1,1,0
Actor,Beatriz Spelzini,1,1,0
Actor,Nora Rios,1,0,1
Actor,Mona Wasef,1,1,0
Actor,Deyanira Coronado,1,1,0
Actor,Takumi Yamasaki,1,0,1
Actor,Gavin Peter,1,1,0
Actor,Allen Collins,1,1,0
Actor,Tobie Dela Cruz,1,1,0
Actor,Ashley Rogan,1,1,0
Actor,Julian Robinson,1,1,0
Actor,Mohammad Mansour,1,0,1
Actor,Kelcey Mawema,1,1,0
Actor,Tracee Chimo,1,1,0
Actor,Ilknur Boyraz,1,1,0
Actor,Baraka Rahmani,1,0,1
Actor,Elnaaz Norouzi,1,1,0
Actor,Jang Hyeok-jin,1,0,1
Actor,Ravinder Grewal,1,1,0
Actor,Pamela Ospina,1,0,1
Actor,Michael Jordan,1,0,1
Actor,Madalina Anea,1,1,0
Actor,Akshay Tanksale,1,1,0
Actor,Lucretia Mandric,1,1,0
Actor,Itsuji Itao,1,0,1
Actor,James Hayden,1,1,0
Actor,Dulce Neri,1,0,1
Actor,James Reid,1,1,0
Actor,Helena Marie,1,0,1
Actor,Thaís Schier,1,1,0
Actor,Gulliver McGrath,1,1,0
Actor,Monisha Ram,1,1,0
Actor,Miika Bryce Whiskeyjack,1,1,0
Actor,Guilherme Weber,1,0,1
Actor,Pawan Kalra,1,0,1
Actor,Tamara Vallarta,1,0,1
Actor,Carsten Norgaard,1,0,1
Actor,Christopher Sciueref,1,1,0
Actor,David Shaughnessy,1,0,1
Actor,Chris Grimes,1,1,0
Actor,Karan Mehra,1,1,0
Actor,Magdalena Korpas,1,1,0
Actor,Lada Obradovic,1,0,1
Actor,Hala Sedki,1,1,0
Actor,Elsa Pataky,1,0,1
Actor,Kubbra Sait,1,1,0
Actor,Chinenye Nnebe,1,1,0
Actor,Talisa Soto,1,1,0
Actor,Yaima Ramos,1,0,1
Actor,Simon Lian,1,0,1
Actor,Mahmoud Hijazi,1,1,0
Actor,Seo Hyun-woo,1,0,1
Actor,Sofía de Llaca,1,0,1
Actor,Zerrin Tekindor,1,1,0
Actor,Chance Perez,1,0,1
Actor,Bitto Davis,1,1,0
Actor,Ken Howard,1,1,0
Actor,Aci Resti,1,0,1
Actor,John-Paul Lavoisier,1,1,0
Actor,Jorge Luis Alonso,1,0,1
Actor,Hope Olaide Wilson,1,1,0
Actor,Luca Ward,1,1,0
Actor,Deborah Joy Winans,1,0,1
Actor,Sumanto Chattopadhyay,1,1,0
Actor,Max Wright,1,1,0
Actor,Nadav Nates,1,0,1
Actor,Deepann,1,1,0
Actor,Roberto Fiesco,1,1,0
Actor,Henry G. Sanders,1,0,1
Actor,Erin Ocampo,1,1,0
Actor,Gautam Kurup,1,1,0
Actor,Frank Finlay,1,1,0
Actor,Hannah Ledesma,1,1,0
Actor,Kaurwakee Vashistha,1,1,0
Actor,Yang Haoyu,1,1,0
Actor,Charles Aidman,1,1,0
Actor,Hwang Jung-eum,1,0,1
Actor,Lovell Adams-Gray,1,0,1
Actor,Sammy Scheuritzel,1,1,0
Actor,Ella Becroft,1,0,1
Actor,Mauricio Dayub,1,1,0
Actor,Brianne Davis,1,1,0
Actor,Samuel Gu,1,1,0
Actor,Zac Zedalis,1,1,0
Actor,Sayaka Aoki,1,0,1
Actor,Michał Piprowski,1,1,0
Actor,Damian Nueva Cortes,1,0,1
Actor,Basma Yasser,1,0,1
Actor,Aayan Boradia,1,1,0
Actor,Vetri,1,1,0
Actor,Thomas Padley,1,0,1
Actor,Munira Sen,1,1,0
Actor,Nurfathiah Diaz,1,0,1
Actor,Mahabrata Basu,1,1,0
Actor,Samaire Armstrong,1,1,0
Actor,Samira Sarkis,1,1,0
Actor,Carolina Yuste,1,0,1
Actor,Supavitch Nepremwattana,1,1,0
Actor,Kristiina Halttu,1,0,1
Actor,Leila Hakim,1,1,0
Actor,Tai Nguyen,1,0,1
Actor,Alex Fisher,1,1,0
Actor,Diana Hopper,1,1,0
Actor,Lai Wei,1,0,1
Actor,Juan Carlos Colombo,1,1,0
Actor,James Mathis III,1,1,0
Actor,Shun Takagi,1,0,1
Actor,Vanessa Lachey,1,0,1
Actor,Tyler Ritter,1,0,1
Actor,Justin Allan,1,1,0
Actor,Virgil Aioanei,1,1,0
Actor,Cory Cassidy,1,1,0
Actor,Lucy Capri,1,1,0
Actor,Joe Turkel,1,1,0
Actor,Jillian Mueller,1,0,1
Actor,Wang Xiao Chen,1,1,0
Actor,Erick Estrada,1,1,0
Actor,Yoo Hee-je,1,0,1
Actor,Ruth Marini,1,1,0
Actor,Tom Maden,1,0,1
Actor,Chiaki Takahashi,1,0,1
Actor,Giorgio Locatelli,1,0,1
Actor,Alina Cheng,1,0,1
Actor,Nika Williams,1,1,0
Actor,Natalia Rodríguez,1,0,1
Actor,Chuck Morgan,1,0,1
Actor,Celebrity Landlord,1,1,0
Actor,Rahul Jungral,1,1,0
Actor,E. Roger Mitchell,1,1,0
Actor,Linda Ignazi,1,1,0
Actor,Lizelle de Klerk,1,1,0
Actor,Jeanfi Janssens,1,0,1
Actor,Samuel Joslin,1,1,0
Actor,Tara Rios,1,1,0
Actor,Milan Maric,1,1,0
Actor,Kariam Castro,1,0,1
Actor,Leo Putt,1,0,1
Actor,Livia Matthes,1,1,0
Actor,Roberto Bonfim,1,1,0
Actor,Jorge Basanta,1,1,0
Actor,Viji Chandrasekhar,1,1,0
Actor,Dan Naturman,1,1,0
Actor,Patrick McAuley,1,1,0
Actor,Mark Leonard Winter,1,0,1
Actor,Edmond Enaibe,1,0,1
Actor,Yahir Alday,1,1,0
Actor,Yohannes Frezgi,1,1,0
Actor,Vebjørn Enger,1,1,0
Actor,Erwin Leder,1,1,0
Actor,Meng Ching-fu,1,0,1
Actor,Alfonso Torregrosa,1,0,1
Actor,Yashodhan Bal,1,1,0
Actor,Ariel Goldenberg,1,1,0
Actor,Bryson Baugus,1,0,1
Actor,Bing Pimental,1,1,0
Actor,Shrikant Verma,1,1,0
Actor,Hicham Ouarqa,1,1,0
Actor,Luca Zingaretti,1,1,0
Actor,Crystal Scales,1,1,0
Actor,Juan Martinez,1,0,1
Actor,Cal Wilson,1,0,1
Actor,Khaled Bamashmoos,1,0,1
Actor,Antonio Arochi,1,0,1
Actor,Ge Wang,1,1,0
Actor,Bruno Sosa,1,1,0
Actor,Brigitte Sy,1,0,1
Actor,Malaika Shenoy,1,1,0
Actor,Sofia Bent,1,1,0
Actor,Sydelle Noel,1,0,1
Actor,Dong Yanlei,1,0,1
Actor,Mike Edward,1,0,1
Actor,Teddy Moynihan,1,0,1
Actor,Glenn Howerton,1,1,0
Actor,Gritte Agatha,1,1,0
Actor,Essined Aponte,1,0,1
Actor,Yoon Se-a,1,0,1
Actor,Juan Pablo Franco,1,0,1
Actor,Katherine La Nasa,1,0,1
Actor,Sonya Smith,1,0,1
Actor,Erika Ervin,1,0,1
Actor,Shardul Bhardwaj,1,1,0
Actor,George Remes,1,1,0
Actor,Magela Zanotta,1,1,0
Actor,Veena Nandakumar,1,1,0
Actor,Médina El Aidi-Azouni,1,1,0
Actor,Chinonye Chidolue,1,0,1
Actor,Natalia Millán,1,0,1
Actor,Vaidehi Parshurami,1,1,0
Actor,Joey Oglesby,1,1,0
Actor,Elizabeth Lail,1,0,1
Actor,Rhea Chakraborty,1,1,0
Actor,Fernando Surya,1,1,0
Actor,Martin Brygmann,1,0,1
Actor,Juan Fernando Sánchez,1,0,1
Actor,Celestial,1,1,0
Actor,Saamer Usmani,1,0,1
Actor,Luc Schwarz,1,1,0
Actor,Choi Jun-young,1,1,0
Actor,Wojciech Zieliński,1,0,1
Actor,Bucek Depp,1,1,0
Actor,Cho Min-soo,1,1,0
Actor,Cacai Bautista,1,1,0
Actor,Tomohiro Shiozaki,1,0,1
Actor,Alejandro Vera,1,1,0
Actor,Pablo Lyle,1,0,1
Actor,Chelo Falcón,1,0,1
Actor,Adam Tomei,1,1,0
Actor,Imogen Faires,1,0,1
Actor,Christopher Sean,1,1,0
Actor,Brian Muller,1,1,0
Actor,Mohsin Ali Khan,1,1,0
Actor,Kelly Jo Minter,1,1,0
Actor,Björn Mosten,1,0,1
Actor,Panjai Sirisuwan,1,0,1
Actor,Geoff Stults,1,1,0
Actor,Carla Hall,1,0,1
Actor,Nish Kumar,1,0,1
Actor,Catarina Spinetta,1,1,0
Actor,Mabelle Soueid,1,1,0
Actor,Youn Jung-hoon,1,0,1
Actor,Zayed Mohammed Mahmoud,1,1,0
Actor,Kim Seo-kyung,1,0,1
Actor,Piotr Trojan,1,0,1
Actor,Mohan Bhagath,1,1,0
Actor,Joseph Mascolo,1,1,0
Actor,Rena Maeda,1,0,1
Actor,Scott Cavalheiro,1,1,0
Actor,Daniyal Yousuf,1,1,0
Actor,Anna Ciocchetti,1,0,1
Actor,Serhat Özcan,1,1,0
Actor,Maciej Zakościelny,1,1,0
Actor,Alisa Lozovskaya,1,0,1
Actor,Kannan Nayar,1,1,0
Actor,Henry Adofo,1,1,0
Actor,Sadia,1,1,0
Actor,Oladele Ogunlana,1,1,0
Actor,Nachjaree Horvejkul,1,1,0
Actor,Yo-Landi Visser,1,1,0
Actor,Josh McKenzie,1,0,1
Actor,Aproko Doctor,1,1,0
Actor,Hinako Tanaka,1,0,1
Actor,Ricky Memphis,1,1,0
Actor,Engin Akyürek,1,0,1
Actor,Dr. Rebecca Hedrick,1,0,1
Actor,Milo Elmido Jr.,1,1,0
Actor,Ian Toner,1,1,0
Actor,Dr. Helen Hsu,1,0,1
Actor,Numthip Jongrachatawiboon,1,0,1
Actor,Javier Pereira,1,0,1
Actor,Anisa Rahma,1,1,0
Actor,Philipp Hochmair,1,0,1
Actor,Caroline Martin,1,0,1
Actor,Olivier Kretz,1,0,1
Actor,Hege Schøyen,1,0,1
Actor,Kevin Jose,1,1,0
Actor,Margot Bancilhon,1,0,1
Actor,Alaa Hammoud,1,1,0
Actor,Kim Young-kwang,1,0,1
Actor,Sparsh Shrivastava,1,0,1
Actor,Zara Albalushi,1,0,1
Actor,Colby Minifie,1,1,0
Actor,Halley Feiffer,1,1,0
Actor,Elya Baskin,1,1,0
Actor,Pascaline Edwards,1,1,0
Actor,Kerry Knuppe,1,1,0
Actor,Steve Stamp,1,0,1
Actor,Aksha Pardhasany,1,0,1
Actor,Hany El Sabagh,1,1,0
Actor,Francis X. McCarthy,1,1,0
Actor,Christopher Roxas,1,1,0
Actor,Naomi Ryan,1,1,0
Actor,Gbemi Akinlade,1,1,0
Actor,Thamyra Thâmara,1,0,1
Actor,Yuko Kobayashi,1,1,0
Actor,Amit Varma,1,1,0
Actor,Jagathy Sreekumar,1,1,0
Actor,Paopetch Charoensook,1,1,0
Actor,Bruna Inocencio,1,1,0
Actor,Song Jia,1,1,0
Actor,Pakija Begum,1,1,0
Actor,Baraa Alem,1,1,0
Actor,Viva Harsha,1,1,0
Actor,J. Anthony Brown,1,1,0
Actor,Michael Eric Reid,1,0,1
Actor,Princess Martinez,1,1,0
Actor,John DeMita,1,1,0
Actor,Bayu Skak,1,1,0
Actor,Alexander Yatsenko,1,0,1
Actor,Daniel Villarreal,1,1,0
Actor,Brooke Nevin,1,1,0
Actor,Peter Clayton-Luce,1,1,0
Actor,Marlene Favela,1,0,1
Actor,Florent Lacger,1,1,0
Actor,Nicole Ong,1,0,1
Actor,James Davis,1,0,1
Actor,José Giménez Zapiola,1,0,1
Actor,Ingeborga Dapkunaite,1,0,1
Actor,Mansaku Ikeuchi,1,0,1
Actor,Matt Day,1,0,1
Actor,Patrick Otoro,1,1,0
Actor,Andrew Foster,1,0,1
Actor,Omar Fierro,1,1,0
Actor,Mountain Kao,1,0,1
Actor,Massimiliano Rossi,1,1,0
Actor,Tungia Baker,1,1,0
Actor,Ryu Gyeong-soo,1,0,1
Actor,Áurea Maranhão,1,0,1
Actor,Rafa Al Sanea,1,1,0
Actor,Tuva Olivia Remman,1,1,0
Actor,Vineeth Vishwam,1,1,0
Actor,Edith Bowman,1,1,0
Actor,Jonathan Martin,1,1,0
Actor,Johnny Weir,1,0,1
Actor,Onur Attila,1,1,0
Actor,Jess Walton,1,1,0
Actor,Luke LaFontaine,1,1,0
Actor,Abigail Oliver,1,0,1
Actor,James Hyde,1,0,1
Actor,Tony Quinones,1,0,1
Actor,Samuel Arnold,1,0,1
Actor,Deddy Sutomo,1,1,0
Actor,Connie Chung,1,1,0
Actor,Ed King,1,1,0
Actor,Vichuda Pindum,1,1,0
Actor,Antonella Costa,1,1,0
Actor,Ivan Makarevich,1,1,0
Actor,Nathan Blair,1,1,0
Actor,Yoo Min-kyu,1,0,1
Actor,Anne Lamott,1,0,1
Actor,Roopa Koduvayur,1,1,0
Actor,Songül Öden,1,1,0
Actor,Helen Schneider,1,1,0
Actor,Deniz Baysal,1,1,0
Actor,Bartłomiej Kotschedoff,1,1,0
Actor,Aaron Ashmore,1,0,1
Actor,Supoj Pongpancharoen,1,0,1
Actor,Leslie Easterbrook,1,1,0
Actor,Chris Hackney,1,0,1
Actor,Daniel Huttlestone,1,1,0
Actor,Sophie Mousel,1,0,1
Actor,An-Li Bogan,1,0,1
Actor,Nidia Telles,1,1,0
Actor,Heather Sossaman,1,1,0
Actor,Hanan Motawie,1,0,1
Actor,Svetlana Khodchenkova,1,1,0
Actor,Magüi Mira,1,1,0
Actor,Kwon Jae-hwan,1,0,1
Actor,Kyana Teresa,1,1,0
Actor,Micheal Ajotubu,1,1,0
Actor,Monica Barbaro,1,0,1
Actor,Arawinda Kirana,1,0,1
Actor,Thorston Manderlay,1,1,0
Actor,Guy Loel,1,0,1
Actor,Van Hansis,1,0,1
Actor,Ngozi Nwosu,1,1,0
Actor,Heléne Lombard,1,1,0
Actor,Yukitoshi Kikuchi,1,0,1
Actor,Jorge Cabrera,1,1,0
Actor,Salsabiela,1,0,1
Actor,Bi shonen,1,0,1
Actor,José Ramón Barreto,1,0,1
Actor,Danny Ramirez,1,0,1
Actor,Alden Richards,1,1,0
Actor,Cho Eun-ji,1,0,1
Actor,Ginifer King,1,0,1
Actor,Ashutosh Gowariker,1,1,0
Actor,Matteo Oscar Giuggioli,1,1,0
Actor,Ganesh Diweker,1,1,0
Actor,Kwak Jung-eun,1,0,1
Actor,Cao Bingkun,1,1,0
Actor,Sapna Bhavnani,1,1,0
Actor,Esther Chen,1,0,1
Actor,Hashem El Garhy,1,1,0
Actor,Vivekanand Walake,1,1,0
Actor,Nabil Mallat,1,0,1
Actor,Phillip David Lewis,1,0,1
Actor,Gautam Sarkar,1,1,0
Actor,Eddie Liu,1,0,1
Actor,Kimiko Saito,1,0,1
Actor,Gu Youming,1,0,1
Actor,Hocine Mokando,1,1,0
Actor,Loretto Bernal,1,1,0
Actor,Raphaël Romand,1,1,0
Actor,Zoé Charron,1,1,0
Actor,Ruby Barker,1,0,1
Actor,Carla Chambel,1,1,0
Actor,Nicole Beharie,1,1,0
Actor,Raghav Juyal,1,1,0
Actor,Jennifer Lim,1,1,0
Actor,Lori Heuring,1,1,0
Actor,Rahmah Hasan,1,1,0
Actor,Anita Sokołowska,1,1,0
Actor,Kimmy Gatewood,1,0,1
Actor,Sergio Pizzorno,1,1,0
Actor,Will Tilston,1,0,1
Actor,Ramiz Monsef,1,1,0
Actor,Venkatesh Kakumanu,1,1,0
Actor,Min Jin-woong,1,0,1
Actor,Kyla Kane,1,1,0
Actor,Shanthnu Bhagyaraj,1,0,1
Actor,Anna Favella,1,0,1
Actor,Michael Cudlitz,1,1,0
Actor,Mysskin,1,1,0
Actor,Andrew Horton,1,0,1
Actor,Surinder Shinda,1,1,0
Actor,Patrick Cronen,1,1,0
Actor,Yolanda Sey,1,1,0
Actor,Gil Frank,1,0,1
Actor,Hsiu-Ling Lin,1,0,1
Actor,Carlos Carlín,1,1,0
Actor,Markus Silbiger,1,0,1
Actor,Malina Weissman,1,0,1
Actor,Brian Altemus,1,0,1
Actor,Kuang Tian,1,0,1
Actor,Darko Peric,1,0,1
Actor,Panupan Jantanawong,1,0,1
Actor,Kika Markham,1,1,0
Actor,Suhail Dabbach,1,1,0
Actor,Reiko Suzuki,1,1,0
Actor,Lovely Abella,1,1,0
Actor,Gelu Colceag,1,1,0
Actor,Ching-Wan Hui,1,1,0
Actor,Anabela Teixeira,1,1,0
Actor,Ricky Norwood,1,1,0
Actor,Chloe Grace Moretz,1,1,0
Actor,Frank Schorpion,1,1,0
Actor,Antia Nazarely Reynoso,1,1,0
Actor,Mayra Batalla,1,0,1
Actor,Alexander Chan,1,1,0
Actor,Panadda Wongphudee️️,1,0,1
Actor,Dennis Prescott,1,0,1
Actor,Ludwika Paleta,1,0,1
Actor,Nancy Dupláa,1,0,1
Actor,Marcus Henderson,1,1,0
Actor,Niklas Bruhn,1,1,0
Actor,Cem Zeynel Kiliç,1,0,1
Actor,Emily Baldoni,1,1,0
Actor,Dimple Kaur,1,1,0
Actor,Naoki Kobayashi,1,1,0
Actor,Rexen Cheng,1,0,1
Actor,Bruno Ricci,1,1,0
Actor,Jarot Superdj,1,1,0
Actor,Michele Weaver,1,0,1
Actor,Hakan Karsak,1,1,0
Actor,Sarah Roemer,1,1,0
Actor,María Zamora,1,1,0
Actor,Jay Shanker Pandey,1,1,0
Actor,Che Yongli,1,1,0
Actor,Ibrahima Gueye,1,1,0
Actor,Enzo Marcos,1,1,0
Actor,Kaki Sham,1,0,1
Actor,Shun Sugata,1,1,0
Actor,Calvin Jeremy,1,1,0
Actor,Anjum Rajabali,1,1,0
Actor,Zaide Silvia Gutiérrez,1,0,1
Actor,Yang Zi,1,0,1
Actor,John Beasley,1,1,0
Actor,Odessa A’zion,1,0,1
Actor,Nicholas Teo,1,0,1
Actor,Charlotte Hope,1,0,1
Actor,David Willis,1,1,0
Actor,Saravanan,1,1,0
Actor,Bae Soo-bin,1,0,1
Actor,Gérard Rudolf,1,1,0
Actor,Seann Walsh,1,0,1
Actor,Badriyyah Tulbah,1,1,0
Actor,Kouhei Amasaki,1,0,1
Actor,Georgia Somary,1,0,1
Actor,Pablo Gama Iturrarán “Mago Gamini”,1,1,0
Actor,George Hamilton,1,1,0
Actor,T. Pana Wynchester,1,1,0
Actor,Arfa Abdel Rassoul,1,1,0
Actor,Allan Corduner,1,1,0
Actor,Phoebe Robinson-Galvin,1,1,0
Actor,Nicola Correia-Damude,1,0,1
Actor,Doug Lussenhop,1,0,1
Actor,Ali Sunal,1,1,0
Actor,Geoffrey Arend,1,0,1
Actor,Gaspard Gévin-Hié,1,1,0
Actor,Nina Kunzendorf,1,1,0
Actor,Tymberlee Hill,1,1,0
Actor,Josephine Benini,1,0,1
Actor,Pilar Pilapil,1,1,0
Actor,Harriet Cains,1,0,1
Actor,Beth Armstrong,1,0,1
Actor,Norma Lobo,1,1,0
Actor,Erdal Özyağcılar,1,1,0
Actor,Barry Qu,1,1,0
Actor,Otto Jr.,1,0,1
Actor,Ian Yi,1,0,1
Actor,Matt Lowe,1,0,1
Actor,Taina Elg,1,1,0
Actor,Samo Rafael,1,1,0
Actor,Chris Warner,1,1,0
Actor,Hana Burnett,1,0,1
Actor,Shreedhar Dubey,1,1,0
Actor,Mario Alberto Monroy,1,0,1
Actor,Steven Martini,1,1,0
Actor,Fifi Box,1,0,1
Actor,Elan Garfias,1,0,1
Actor,Dorian N'Goumou dit Dosseh,1,1,0
Actor,Julián Zucchi,1,1,0
Actor,Nqobile Khumalo,1,1,0
Actor,Ashwin Dhar,1,1,0
Actor,Andrew Lopez,1,1,0
Actor,Justin Willman,1,0,1
Actor,Kaamya Sharma,1,1,0
Actor,Suda Chuenban,1,0,1
Actor,Amarin Nitipon,1,0,1
Actor,Yvan Naubron,1,0,1
Actor,Shin Sung-rok,1,0,1
Actor,Martin von Hildebrand,1,1,0
Actor,Danying Feng,1,1,0
Actor,Krissiri Sukhsvasti,1,1,0
Actor,Julieta Villar,1,0,1
Actor,Matleena Kuusniemi,1,0,1
Actor,Kumiko Aso,1,1,0
Actor,Sean Quan,1,1,0
Actor,Wati Sudiyono,1,1,0
Actor,Chris Sturgeon,1,1,0
Actor,Nadia de Santiago,1,0,1
Actor,Lin He-xuan,1,0,1
Actor,Lúcia Moniz,1,1,0
Actor,Julian Hilliard,1,0,1
Actor,V. K. Naresh,1,1,0
Actor,Emily Meade,1,1,0
Actor,James Keach,1,1,0
Actor,Cheon Ho-jin,1,0,1
Actor,Steven M. Porter,1,0,1
Actor,plus Whitney Cummings gives suspect dating advice.,1,1,0
Actor,Antonia Malinova,1,1,0
Actor,Edward Moloney,1,0,1
Actor,Savannah Lee May,1,0,1
Actor,Abby Bergman,1,0,1
Actor,Lewis Hamilton,1,1,0
Actor,Rodrigo Guardiola,1,1,0
Actor,Christopher Fataki,1,1,0
Actor,Ken Uo,1,0,1
Actor,Carolina Sarmiento,1,1,0
Actor,Kongyingyong Chonlathorn,1,0,1
Actor,Ku Faridah,1,1,0
Actor,Alana Haim,1,1,0
Actor,Irshad Ali,1,1,0
Actor,Katie Nehra,1,1,0
Actor,Laura Perico,1,0,1
Actor,Seán Óg Cairns,1,0,1
Actor,Binod Pradhan,1,1,0
Actor,Anthony Boswell,1,1,0
Actor,Aurélien Cotentin,1,1,0
Actor,Ayşen Gruda,1,1,0
Actor,Manu Fullola,1,0,1
Actor,Karina Smulders,1,0,1
Actor,Caleb Castille,1,1,0
Actor,Manuel 'Flaco' Ibáñez,1,1,0
Actor,Sean Connolly,1,1,0
Actor,Heba Abdelaziz,1,0,1
Actor,Erica Durance,1,0,1
Actor,Calliope Taylor,1,1,0
Actor,Poonam Mathur,1,1,0
Actor,Javier Beltrán,1,0,1
Actor,Rima Kallingal,1,1,0
Actor,Rohit Shetty,1,1,0
Actor,Samantha Liana Cole,1,0,1
Actor,Jimmy Deshler,1,1,0
Actor,Blanche Williams,1,0,1
Actor,Sana Althaf,1,1,0
Actor,Noah Grismer,1,0,1
Actor,Bria Vinaite,1,1,0
Actor,Ishaani Krishna,1,1,0
Actor,Mara Holguin,1,1,0
Actor,Elias Holmen Sørensen,1,0,1
Actor,Dalip Sondhi,1,0,1
Actor,Roger Hawa,1,1,0
Actor,Karen Slater,1,1,0
Actor,Surbhi Mahendru,1,1,0
Actor,Flávia Garrafa,1,1,0
Actor,Lalit Mohan Tiwari,1,1,0
Actor,Althogali Saif,1,1,0
Actor,Ludovik,1,1,0
Actor,Indrajit Sinha,1,1,0
Actor,Awaovieyi Agie,1,1,0
Actor,Madhusudhanan,1,1,0
Actor,Colleen Foy,1,0,1
Actor,Amr Abdel Guelil,1,0,1
Actor,Marie Göranzon,1,1,0
Actor,Kevin Andrés Muñoz,1,1,0
Actor,Sara Minami,1,1,0
Actor,Elton Walker,1,1,0
Actor,Ariana Saavedra,1,0,1
Actor,Kushalini Pulapa,1,1,0
Actor,Olaf Lubaszenko,1,1,0
Actor,Jaxson Riddle,1,1,0
Actor,Louise Cardoso,1,1,0
Actor,Terje Strømdahl,1,0,1
Actor,Patrick Stump,1,1,0
Actor,Issaka Sawadogo,1,0,1
Actor,Irene Papas,1,1,0
Actor,Cullen Moss,1,1,0
Actor,Wenpei Ju,1,1,0
Actor,Gemma Forsyth,1,0,1
Actor,Bukola Oshibowale,1,1,0
Actor,Muhand Alsaleh,1,1,0
Actor,Allan Toh,1,0,1
Actor,Francisco Gaspar,1,0,1
Actor,"Mike ""Caveman"" Pyle",1,0,1
Actor,Karthik,1,1,0
Actor,Julia Goldani Telles,1,1,0
Actor,Anisa Butt,1,1,0
Actor,Nikhil Chinappa,1,1,0
Actor,Mauricio Paniagua,1,0,1
Actor,Lavinia Wilson,1,1,0
Actor,Rockwelle Dortch,1,1,0
Actor,Huda El Mufti,1,0,1
Actor,Vanna White,1,0,1
Actor,Banita Lagun,1,1,0
Actor,Taylor Clarke-Hill,1,0,1
Actor,Naveen Kumar,1,0,1
Actor,Răzvan Vasilescu,1,1,0
Actor,Raúl Prieto,1,1,0
Actor,Jonathan Filley,1,1,0
Actor,Ari Graynor,1,1,0
Actor,Mandy Teefey,1,0,1
Actor,Anthony Salerno,1,0,1
Actor,Sanaj Naval,1,1,0
Actor,Adam Greaves-Neal,1,1,0
Actor,Donny Boaz,1,1,0
Actor,Paula Sartor,1,0,1
Actor,Nicki von Tempelhoff,1,0,1
Actor,Fatou-Elise Ba,1,0,1
Actor,Kim Sook-young,1,0,1
Actor,Bhagyashree Pandit,1,1,0
Actor,Shinnosuke Tachibana,1,0,1
Actor,Dylan McTee,1,1,0
Actor,Richard O'Brien,1,1,0
Actor,Supachai Suwanon,1,0,1
Actor,Moran Rosenblatt,1,0,1
Actor,Svetlana Efremova,1,0,1
Actor,Jack Kilmer,1,1,0
Actor,Jeff Berg,1,0,1
Actor,Hadijah Shahab,1,1,0
Actor,Frank Elstner,1,0,1
Actor,Sondra Locke,1,1,0
Actor,Ali Matar,1,1,0
Actor,Jaytiya Naiwattanakul,1,0,1
Actor,Sean Xiao,1,0,1
Actor,Ali Hillis,1,1,0
Actor,Adel Emam,1,1,0
Actor,Jensen Ackles,1,0,1
Actor,Asher Ma,1,0,1
Actor,Jay Paulson,1,1,0
Actor,Awwe,1,0,1
Actor,Kim Ji-young,1,0,1
Actor,Indira Andrewin,1,1,0
Actor,Kittiphong Dumavibhat,1,0,1
Actor,Shinji Aramaki,1,1,0
Actor,Dina Mohsen,1,1,0
Actor,Yvette Monreal,1,1,0
Actor,Patrick McKenna,1,0,1
Actor,Anna Unterberger,1,1,0
Actor,José Juan Vaquero,1,1,0
Actor,Mike Wade,1,0,1
Actor,Inuko Inuyama,1,0,1
Actor,Anna Jobling,1,1,0
Actor,Shaimaa Abdelkader,1,1,0
Actor,Julius Nitschkoff,1,1,0
Actor,Gaia Bermani Amaral,1,1,0
Actor,Antonio Valles,1,1,0
Actor,Karanvir Bohra,1,1,0
Actor,Mari Yaguchi,1,0,1
Actor,Aleksandr Seteykin,1,1,0
Actor,Rachel Momo,1,0,1
Actor,Thekla Reuten,1,1,0
Actor,Larry Coulter,1,1,0
Actor,Collin Wilcox Paxton,1,1,0
Actor,Jojo Riguerra,1,1,0
Actor,Chika Ike,1,1,0
Actor,Marcela Agudelo,1,0,1
Actor,Gargi Shitole,1,1,0
Actor,Katherine Porto,1,0,1
Actor,Poonam Jhawer,1,1,0
Actor,Lola Metcalfe,1,1,0
Actor,Jafra Younes,1,1,0
Actor,Bridey Elliott,1,1,0
Actor,Mzuri,1,1,0
Actor,Praveen,1,1,0
Actor,Andrea Menard,1,0,1
Actor,Nicolas Lumbreras,1,1,0
Actor,Salman,1,1,0
Actor,Yoshihisa Kawahara,1,0,1
Actor,Keiyon Cook,1,0,1
Actor,Andrzej Kłak,1,1,0
Actor,Daniela Norman,1,0,1
Actor,Fred Durst,1,1,0
Actor,Lexy Kolker,1,1,0
Actor,Park Choong-hwan,1,0,1
Actor,Alex Lutz,1,0,1
Actor,Rodrigo Pandolfo,1,0,1
Actor,Gian Franco Rodriguez,1,0,1
Actor,Dashiell Messitt,1,0,1
Actor,Ali Alshehabi,1,0,1
Actor,James III,1,0,1
Actor,Tamar Amit-Joseph,1,0,1
Actor,James Mackay,1,0,1
Actor,Omar Mikati,1,1,0
Actor,Emanuele Linfatti,1,1,0
Actor,Pabllo Vittar,1,0,1
Actor,Isaac Akwesi Awonor,1,1,0
Actor,Lim Won-hee,1,0,1
Actor,Jeff Wilbusch,1,0,1
Actor,Aseem Sharma,1,1,0
Actor,Chris Casamassa,1,1,0
Actor,Robert Gossett,1,1,0
Actor,Ilana Glazer,1,0,1
Actor,Ahmet Gülhan,1,1,0
Actor,Tauquir Ahmed,1,1,0
Actor,Gabriel Sunday,1,1,0
Actor,Brian McMonagle,1,0,1
Actor,Lloyd Griffith,1,0,1
Actor,Derrick Carr,1,1,0
Actor,Rocco Luna,1,0,1
Actor,Jules Werner,1,0,1
Actor,Jonathan Riggs,1,1,0
Actor,Géraldine Frippiat,1,0,1
Actor,Tait Fletcher,1,1,0
Actor,Louise Blachère,1,1,0
Actor,Desmond Richardson,1,1,0
Actor,Memry Savanhu,1,1,0
Actor,Fang Wenqiang,1,0,1
Actor,Melissa Rauch,1,1,0
Actor,Angga Dwimas Sasongko,1,1,0
Actor,Milly Alcock,1,0,1
Actor,Jerjes Jbara,1,1,0
Actor,Flor Eduarda Gurrola,1,1,0
Actor,Jeong Jin-hwan,1,0,1
Actor,Ahmed Al Zein,1,1,0
Actor,Eriakha Edgar,1,1,0
Actor,Ben Rausch,1,1,0
Actor,Jared Isaacman,1,1,0
Actor,Òscar Jarque,1,0,1
Actor,Isabelle Van Hecke,1,0,1
Actor,Lillian Dube,1,1,0
Actor,Bibeth Orteza,1,1,0
Actor,Liliana Mumy,1,1,0
Actor,Chayanit Chansangavej,1,0,1
Actor,Kim Mi-su,1,0,1
Actor,Kevin McDonald,1,1,0
Actor,Monica Piseddu,1,1,0
Actor,Adam Bessa,1,1,0
Actor,Magaly Solier,1,1,0
Actor,Emiliano Zurita,1,1,0
Actor,Dominic Gomez,1,1,0
Actor,Rehab Hussien,1,0,1
Actor,Edoardo Leo,1,1,0
Actor,Nattarika Thampridanant,1,0,1
Actor,Shinichi Shinohara,1,1,0
Actor,Jung Da-bin,1,0,1
Actor,Babs Olusanmokun,1,0,1
Actor,Anshuman Joshi,1,1,0
Actor,Xie Jing-jing,1,1,0
Actor,Paul Vincent O'Connor,1,1,0
Actor,Ian Fang Weijie,1,1,0
Actor,Abdelghany Kamar,1,1,0
Actor,Judith Audu,1,1,0
Actor,Him Law,1,1,0
Actor,Jin Sun-kyu,1,1,0
Actor,Swann Arlaud,1,1,0
Actor,Sun Lulu,1,0,1
Actor,Yang Di,1,1,0
Actor,Mary Ellen Trainor,1,1,0
Actor,Antti Pääkkönen,1,0,1
Actor,VK Naresh,1,1,0
Actor,Murad Ismayil,1,1,0
Actor,Zhao Lusi,1,0,1
Actor,Katie Clarkson-Hill,1,1,0
Actor,Wakana Kowaka,1,0,1
Actor,Donny Falsetti,1,1,0
Actor,Claude Musungayi,1,1,0
Actor,Kim Ho-jung,1,0,1
Actor,Kelly Lua,1,1,0
Actor,Isabella Barragán,1,0,1
Actor,Subhajit Das,1,1,0
Actor,Kasper Lange,1,0,1
Actor,Gunjan Bakshi,1,1,0
Actor,Teya Patt,1,1,0
Actor,Blac Youngsta,1,1,0
Actor,Louis Ferrigno,1,1,0
Actor,Ali Skovbye,1,0,1
Actor,Neeraj Purohit,1,0,1
Actor,Nohely Arteaga,1,0,1
Actor,Grant Morrison,1,0,1
Actor,Denise Tantucci,1,1,0
Actor,Sophia Crawford,1,1,0
Actor,Claudia Solís,1,1,0
Actor,Adel Redwan,1,0,1
Actor,Duke Akintola,1,0,1
Actor,Jessie Paege,1,1,0
Actor,Orchita Sporshia,1,1,0
Actor,Elena Poniatowska,1,1,0
Actor,Thomas Francis Murphy,1,1,0
Actor,Sabrina Haskett,1,1,0
Actor,Gamon Kaai,1,1,0
Actor,Tunku Hanis,1,0,1
Actor,Cleber Salgado,1,1,0
Actor,Caoilinn Springall,1,1,0
Actor,Alan Napier,1,1,0
Actor,Nicole Garcia,1,0,1
Actor,Geraldine Keams,1,1,0
Actor,Lewis MacDougall,1,1,0
Actor,Uma Yg,1,1,0
Actor,Louis Hynes,1,0,1
Actor,Owain Yeoman,1,1,0
Actor,Zach De La Rocha,1,1,0
Actor,George Cheung,1,1,0
Actor,Laurie Peret,1,0,1
Actor,Sean Keenan,1,0,1
Actor,Anaïs Thomas,1,0,1
Actor,Giulia Michelini,1,0,1
Actor,Ahmed Hatem,1,0,1
Actor,Seo Woo-jin,1,0,1
Actor,Irina Björklund,1,1,0
Actor,Cory Monteith,1,0,1
Actor,Pihla Viitala,1,0,1
Actor,Vince Miranda,1,0,1
Actor,Prem Modgil,1,0,1
Actor,Anchuleeon Buagaew,1,1,0
Actor,Elizabeth Bower,1,0,1
Actor,Fran Lebowitz,1,0,1
Actor,Eric Santos,1,1,0
Actor,Rocky Bhardwaj,1,1,0
Actor,Asana Alhassan,1,1,0
Actor,Alaa Shakir,1,1,0
Actor,Bárbara Maia,1,1,0
Actor,Regina Anikiy,1,1,0
Actor,Leo Messi,1,1,0
Actor,John Cullum,1,1,0
Actor,Park Yeon-kyung,1,0,1
Actor,Amir Wilson,1,0,1
Actor,Richard Gore,1,1,0
Actor,José Gimenez Zapiola,1,1,0
Actor,Carissa Putri,1,1,0
Actor,Kulraj Randhawa,1,1,0
Actor,Berkley Silverman,1,0,1
Actor,Ali Azour,1,1,0
Actor,Lee Dae-yeon,1,0,1
Actor,Chin Shih-chieh,1,1,0
Actor,Wafeeq Narimab,1,1,0
Actor,Uriel Emil,1,1,0
Actor,Mahmoud El Fishawy,1,1,0
Actor,Koh Woo-ri,1,0,1
Actor,Charles Rocket,1,1,0
Actor,Martin Maloney,1,0,1
Actor,Amardeep Jha,1,1,0
Actor,Rukhsar Ahmed,1,1,0
Actor,Frank John Hughes,1,1,0
Actor,Jéssica Córes,1,0,1
Actor,Amber Riley,1,0,1
Actor,Stéphane Jobert,1,0,1
Actor,Doudou Masta,1,0,1
Actor,Bashir Lone,1,1,0
Actor,Aleksey Guskov,1,1,0
Actor,Katsuhisa Houki,1,0,1
Actor,Natsumi Fujiwara,1,0,1
Actor,Shany Nadan,1,0,1
Actor,Teo Briones,1,1,0
Actor,César Bandera,1,1,0
Actor,Mateusz Banasiuk,1,1,0
Actor,Ha Hee-ra,1,0,1
Actor,Shalom Brune-Franklin,1,0,1
Actor,Emma Mackey,1,0,1
Actor,Rahul Patel,1,1,0
Actor,Mónica Duprat,1,1,0
Actor,Tory Trowbridge,1,0,1
Actor,María Camila Zárate,1,0,1
Actor,Trevor Gumbi,1,1,0
Actor,Yukiya Kitamura,1,1,0
Actor,Julia Reichert,1,1,0
Actor,Raj Jhinger,1,1,0
Actor,Jennylyn Mercado,1,1,0
Actor,Anthony J. Mifsud,1,1,0
Actor,Melia Kreiling,1,1,0
Actor,Geraldine Cole,1,0,1
Actor,Jason Beghe,1,1,0
Actor,Clea Lewis,1,1,0
Actor,Deb Ranajan Nag,1,1,0
Actor,Denise Laurel,1,1,0
Actor,Park Hae-il,1,1,0
Actor,Ali Reza,1,1,0
Actor,Eddie Shin,1,0,1
Actor,Vincenzo Crea,1,1,0
Actor,Rich Skidmore,1,1,0
Actor,Hu Jun,1,1,0
Actor,Vidhur Rajarajan,1,1,0
Actor,Reda Idrees,1,0,1
Actor,Nattapol Diloknawarit,1,0,1
Actor,Jeremiah Lisbo,1,1,0
Actor,Tika Panggabean,1,1,0
Actor,Yoo Yeol,1,1,0
Actor,Laila Odom,1,1,0
Actor,Nika McGuigan,1,0,1
Actor,Kazuya Takahashi,1,1,0
Actor,Jerah Milligan,1,0,1
Actor,Gabriel Canella,1,0,1
Actor,Kevin Alexander Clark,1,1,0
Actor,Rebecca Naomi Jones,1,1,0
Actor,Courtenay Taylor,1,0,1
Actor,Sonal Jha,1,1,0
Actor,Swen Temmel,1,1,0
Actor,Ariel Lin,1,1,0
Actor,Cho Byeong-kyu,1,0,1
Actor,Saeed Saleh,1,1,0
Actor,Junior Béjar Roca,1,1,0
Actor,Kai Zen,1,1,0
Actor,Cinthya Carmona,1,0,1
Actor,Aitor Urtzelai,1,1,0
Actor,Sanjay Sharma,1,1,0
Actor,Abhishek Rawat,1,1,0
Actor,Shitanshu Kumar Sharad,1,1,0
Actor,Ayaka Saito,1,0,1
Actor,Yootha Wong-Loi-Sing,1,1,0
Actor,Olaniyi Afonja,1,1,0
Actor,Jon Freda,1,1,0
Actor,Indra Brotolaras,1,1,0
Actor,Sharjil Rasool,1,0,1
Actor,Fero Walandouw,1,1,0
Actor,Salem Klass,1,1,0
Actor,Cristina Castaño,1,0,1
Actor,Andre Jacobs,1,1,0
Actor,Ron Morales,1,1,0
Actor,Ishita Vyas,1,1,0
Actor,Derek Webster,1,0,1
Actor,Robert Buckley,1,0,1
Actor,Julia Denton,1,1,0
Actor,Esther Acebo,1,0,1
Actor,Mislina Mustaffa,1,1,0
Actor,Tania Staite,1,1,0
Actor,Fernando Estrada,1,1,0
Actor,Susana Hidalgo,1,0,1
Actor,Kit Chan,1,1,0
Actor,Julissa Calderon,1,0,1
Actor,Rozie Rashid,1,1,0
Actor,David Vert,1,0,1
Actor,Julián Sorín,1,1,0
Actor,Alexandre Schreiber,1,1,0
Actor,Stephanie Escajeda,1,1,0
Actor,Krzysztof Zarzecki,1,0,1
Actor,Grady McGahan,1,1,0
Actor,Paul Genovese,1,1,0
Actor,David Geffen,1,1,0
Actor,Fabián Merlo,1,0,1
Actor,Goro Inagaki,1,1,0
Actor,Pavel Douglas,1,1,0
Actor,José Ramón Argoitia,1,1,0
Actor,Shunsuke Daitoh,1,1,0
Actor,Hassan Farhat,1,1,0
Actor,Mariana Treviño,1,0,1
Actor,Takuya Wakabayashi,1,0,1
Actor,Roger Narayan,1,1,0
Actor,Cristina Suzanne,1,0,1
Actor,Ryoo Jeom-hee,1,0,1
Actor,Kim Joo-ryoung,1,0,1
Actor,Mohit Chauhan,1,1,0
Actor,Andrea Arcangeli,1,1,0
Actor,Adrián Ladrón,1,0,1
Actor,Edmundo Vargas,1,0,1
Actor,Malen Clarkson,1,0,1
Actor,Lisa Chandler,1,1,0
Actor,Escalante Lundy,1,1,0
Actor,Hu Yitian,1,0,1
Actor,Sian Proctor,1,1,0
Actor,Mounir Amamra,1,0,1
Actor,Lucy Aarden,1,1,0
Actor,Ana Villagrasa,1,0,1
Actor,Yuko Hara,1,0,1
Actor,Boshra,1,1,0
Actor,Josh Groban,1,0,1
Actor,Alexei Maklakov,1,1,0
Actor,Lee In-suk,1,0,1
Actor,Clint Obenchain,1,1,0
Actor,Yoshiyuki Shimozuma,1,0,1
Actor,Kaycie Chase,1,0,1
Actor,Vera Chen,1,1,0
Actor,Magdalena Perlińska,1,1,0
Actor,Adam Gradowski,1,1,0
Actor,Alex Haydon,1,1,0
Actor,Alexia Twister,1,0,1
Actor,Michael McPhee,1,1,0
Actor,Ritu Varma,1,1,0
Actor,Neha Awati,1,1,0
Actor,Seizo Kato,1,1,0
Actor,Lily Brooks O'Briant,1,0,1
Actor,Julieta Vallina,1,1,0
Actor,Julia Marcan,1,1,0
Actor,Nestor Aaron Absera,1,1,0
Actor,Dineo Ranaka,1,1,0
Actor,Carmela Martins,1,0,1
Actor,Khalid Tyabji,1,1,0
Actor,Bestemsu Özdemir,1,0,1
Actor,Tedros Teclebrhan,1,1,0
Actor,Sheryl Lee Ralph,1,0,1
Actor,Nusrat Imroz Tisha,1,1,0
Actor,Gautam Rode,1,1,0
Actor,Kim Ki-ri,1,0,1
Actor,Mikail Gandhi,1,0,1
Actor,Ángela Cano,1,0,1
Actor,Daniel Diemer,1,1,0
Actor,Lellê,1,1,0
Actor,Joseph Rosenberg,1,1,0
Actor,Tássia Reis,1,0,1
Actor,Shen Hai-jung,1,0,1
Actor,Samiha Ayyoub,1,1,0
Actor,Cedric Yarbrough,1,0,1
Actor,Manimegalai,1,1,0
Actor,Christian Morales,1,1,0
Actor,Jerry Trainor,1,0,1
Actor,Afemo Omilami,1,1,0
Actor,In Deok Hwang,1,0,1
Actor,Go Yoon,1,0,1
Actor,Artur Busquets,1,1,0
Actor,Iben Dorner,1,0,1
Actor,Heather Downey,1,0,1
Actor,Chatchaya Suthisuwan,1,0,1
Actor,Lourinelson Vladmir,1,0,1
Actor,Eleonora Gaggero,1,1,0
Actor,Ntonga Mwanza,1,1,0
Actor,Priyanka Sharma,1,1,0
Actor,Karthik A,1,1,0
Actor,Lesley Nicol,1,0,1
Actor,Maite Lanata,1,1,0
Actor,Fernando Sarfatti,1,0,1
Actor,Mathilda Obaseki,1,1,0
Actor,Lee Rodriguez,1,0,1
Actor,Phollawat Manuprasert,1,0,1
Actor,Hidetoshi Nakamura,1,1,0
Actor,Quintessa Swindell,1,0,1
Actor,Abdel-Wareth Asar,1,1,0
Actor,Mark Szabo,1,0,1
Actor,Matthew McCann,1,0,1
Actor,Samer Elkhal,1,1,0
Actor,Pavel Tomeš,1,1,0
Actor,Elize Cawood,1,1,0
Actor,Mirosław Baka,1,1,0
Actor,Minoru Shiraishi,1,0,1
Actor,Domingo Ambriz,1,1,0
Actor,Steven Pasquale,1,1,0
Actor,Johnny Hao,1,0,1
Actor,Stephanie Kurtzuba,1,1,0
Actor,Seth Rollins,1,1,0
Actor,Virginia Williams,1,0,1
Actor,Sela Ward,1,1,0
Actor,Vishal Bhosle,1,1,0
Actor,Camilo Jiménez,1,0,1
Actor,Sana'a Shaik,1,0,1
Actor,Dagmara Dominczyk,1,1,0
Actor,Jonathan Craig WIlliams,1,0,1
Actor,Devery Jacobs,1,0,1
Actor,Stuart Stone,1,0,1
Actor,Mariana Garzón,1,0,1
Actor,Claudia Vega,1,0,1
Actor,Guiomar Puerta,1,0,1
Actor,Sean T. Krishnan,1,0,1
Actor,Ikubese Emmanuel Ifeanyi,1,1,0
Actor,Chinmaya Surve,1,1,0
Actor,Aleksandr Kuznetsov,1,0,1
Actor,Lana Mushtak,1,1,0
Actor,Harrison Houde,1,0,1
Actor,Kai Inowaki,1,0,1
Actor,Cristina Cappelli,1,0,1
Actor,Joshua Fields Millburn,1,1,0
Actor,Asuka Hanamura,1,0,1
Actor,María Tasende,1,0,1
Actor,Dante Brown,1,0,1
Actor,Hazel Keech,1,1,0
Actor,Kim Soo-hyun,1,0,1
Actor,Siena Agudong,1,0,1
Actor,Paul Guyet,1,0,1
Actor,Andrew Lua,1,1,0
Actor,Brion James,1,1,0
Actor,Dolly Singh,1,0,1
Actor,Sangeeth Shoban,1,0,1
Actor,Pierre Francois Pistori,1,0,1
Actor,Nawarat Techarathanaprasert,1,0,1
Actor,Kevin Tighe,1,1,0
Actor,Luis Gonzaga,1,0,1
Actor,Alfred Munyua,1,1,0
Actor,Gustavo Vaz,1,0,1
Actor,Oscar Butler,1,1,0
Actor,Lakshmi Rai,1,1,0
Actor,Enuka Okuma,1,1,0
Actor,Oswin Benjamin,1,1,0
Actor,Katelyn Epperly,1,1,0
Actor,Arya Banerjee,1,1,0
Actor,Isha Rikhi,1,1,0
Actor,Bill Goldberg,1,1,0
Actor,Jillian Murray,1,1,0
Actor,Minnie West,1,0,1
Actor,Roberto Escobar,1,0,1
Actor,Joelle Hannah,1,1,0
Actor,Silk Road,1,1,0
Actor,Coline Beal,1,0,1
Actor,Marlon Pérez Cruz,1,1,0
Actor,Jason E.L Agha,1,1,0
Actor,Thomas Elms,1,0,1
Actor,Cosmo Jarvis,1,1,0
Actor,Alejandro Castiglioni,1,1,0
Actor,Lisa Schwartz,1,0,1
Actor,Kang Shin-il,1,0,1
Actor,Joy,1,0,1
Actor,Jimmy Olea,1,1,0
Actor,Paul Karmiryan,1,0,1
Actor,Seraph Sun,1,1,0
Actor,Diane Guerrero,1,0,1
Actor,Anusorn Maneethet,1,0,1
Actor,Antonio Grimau,1,0,1
Actor,Bunmi Shogade,1,0,1
Actor,He Meixuan,1,0,1
Actor,Regina Bikkinina,1,0,1
Actor,Lois Smith,1,1,0
Actor,Renée Dick,1,1,0
Actor,Kwon Ji-hye,1,0,1
Actor,Svenja Jung,1,0,1
Actor,Fisiwe Kubeka,1,0,1
Actor,Kausar Mohammed,1,0,1
Actor,Habiba Zock-Sock,1,1,0
Actor,Ashraf Nagoo,1,1,0
Actor,Dillon Freasier,1,1,0
Actor,Jacob Blair,1,1,0
Actor,Lynn Gilmartin,1,1,0
Actor,Kan Kantathavorn,1,0,1
Actor,Austin Pendleton,1,1,0
Actor,Yoann Blanc,1,0,1
Actor,Richard Dean Anderson,1,0,1
Actor,Aylin Kontante,1,1,0
Actor,Greeshma Sridhar,1,1,0
Actor,Melissa Sturm,1,1,0
Actor,Abhicha Thanachanun,1,0,1
Actor,Tom Waes,1,0,1
Actor,Luis Fernando Hoyos,1,0,1
Actor,Christopher Atkins,1,1,0
Actor,Shammi,1,1,0
Actor,Jang Won-young,1,0,1
Actor,Adair Curtis,1,0,1
Actor,Sumruddhi Shukla,1,0,1
Actor,Philip Ng,1,1,0
Actor,Pisay Pao,1,0,1
Actor,Noraworn Puangumpai,1,0,1
Actor,Lorna zu Solms,1,0,1
Actor,Lee Min-young,1,0,1
Actor,Adam Bobik,1,1,0
Actor,John Narváez,1,0,1
Actor,Soki Matsumoto,1,0,1
Actor,Kevin Vechiatto,1,0,1
Actor,Sam Hoare,1,0,1
Actor,Ma Chi Wai,1,1,0
Actor,Tom Savini,1,1,0
Actor,Sebastian Marx,1,1,0
Actor,Chen Bo-zheng,1,0,1
Actor,Niken Anjani,1,1,0
Actor,Katarina Kajkus,1,1,0
Actor,Rudy Pankow,1,0,1
Actor,Taro Kiuchi,1,0,1
Actor,Trieste Kelly Dunn,1,1,0
Actor,Terry Serpico,1,1,0
Actor,Brenna Sherman,1,1,0
Actor,Alex Lora,1,1,0
Actor,Sidse Babett Knudsen,1,0,1
Actor,Charli Birdgenau,1,1,0
Actor,Abdur Arsyad,1,1,0
Actor,Claudia Ríos,1,0,1
Actor,Manoj Kolhatkar,1,1,0
Actor,Lachlan Nieboer,1,1,0
Actor,Mohamed El Moutamassik,1,1,0
Actor,Victor Boccard,1,1,0
Actor,Barry Rothbart,1,1,0
Actor,Kenya Sawada,1,1,0
Actor,Travis Japan,1,0,1
Actor,Riele Downs,1,0,1
Actor,Lisa Hensley,1,1,0
Actor,Razmus Nyström,1,1,0
Actor,Carrie Fleming,1,1,0
Actor,SEOLA,1,0,1
Actor,Lisa Smit,1,0,1
Actor,Sophia Tatum,1,0,1
Actor,Andrew Lin,1,1,0
Actor,Nisawan Silpapearsue,1,0,1
Actor,Yu Hayashi,1,0,1
Actor,Ève Landry,1,0,1
Actor,Martin Wong,1,0,1
Actor,Kim Jae-hyun,1,1,0
Actor,Tuna Dwek,1,0,1
Actor,Joe Taslim,1,1,0
Actor,Sebastian Rosas,1,0,1
Actor,Danny Griffin,1,0,1
Actor,Eduardo Recabarren,1,1,0
Actor,Joakim Sorensen,1,0,1
Actor,Gemma Ward,1,1,0
Actor,Charlie Storwick,1,0,1
Actor,Carmenza González,1,0,1
Actor,Ronnie Alonte,1,1,0
Actor,Ali Fikry,1,1,0
Actor,Tatjana Saphira,1,1,0
Actor,Cheong Hae-kyun,1,0,1
Actor,Altagracia Guzman,1,1,0
Actor,Lisa Chappell,1,0,1
Actor,Hadar Ratzon Rotem,1,0,1
Actor,Mirhan,1,1,0
Actor,Chiki Fawzi,1,1,0
Actor,Haruka Fukuhara,1,0,1
Actor,Angela Dippe,1,0,1
Actor,Moon Hee-kyung,1,0,1
Actor,Yennis Cheung,1,1,0
Actor,Arvid Sand,1,0,1
Actor,Ina Feleo,1,1,0
Actor,Kim Jong-tae,1,0,1
Actor,Beau DeMayo,1,1,0
Actor,S I Neelambari,1,1,0
Actor,Lucianne Akpabio,1,1,0
Actor,Raffey Cassidy,1,1,0
Actor,Vince Poletto,1,0,1
Actor,Justin Cuyugan,1,1,0
Actor,Vikram Grover,1,1,0
Actor,Xia Teng-hong,1,1,0
Actor,Morten Hauch-Fausbøll,1,0,1
Actor,Richie Ren,1,1,0
Actor,Lauryn Hill,1,1,0
Actor,Charlott Madeleine Utzig,1,1,0
Actor,Segilola Ogidan,1,1,0
Actor,Augusto Brítez,1,0,1
Actor,Genevieve O'Reilly,1,0,1
Actor,Pep Ambròs,1,0,1
Actor,Greta Jameson,1,0,1
Actor,Tarun Bajaj,1,1,0
Actor,Yamam Al Hassan,1,1,0
Actor,Michael Adam Hamilton,1,1,0
Actor,Kendall Ryan Sanders,1,1,0
Actor,Elko Weaver,1,0,1
Actor,JC Lin,1,1,0
Actor,Sawsan Arsheed,1,1,0
Actor,Ma Zhengyang,1,0,1
Actor,Beatrice Alda,1,1,0
Actor,Razia Sukhvir,1,1,0
Actor,Julia Schlaepfer,1,0,1
Actor,Dilone,1,0,1
Actor,Kunchanuj Kengkarnka,1,0,1
Actor,Rajeev Gupta,1,1,0
Actor,Jessica Turner,1,1,0
Actor,Ricky Mabe,1,1,0
Actor,Anders Juul,1,0,1
Actor,Marrese Crump,1,1,0
Actor,Howard Stern,1,0,1
Actor,Gambit Saifullah,1,1,0
Actor,Maya Eshet,1,0,1
Actor,Darren Espanto,1,1,0
Actor,Artem Kretov,1,0,1
Actor,Ismi Melinda,1,1,0
Actor,Tseng Yun-fan,1,0,1
Actor,Cristián Riquelme,1,1,0
Actor,Okşan Büyük,1,1,0
Actor,Cassandra Scerbo,1,1,0
Actor,Laura Prats,1,0,1
Actor,Kit Thompson,1,1,0
Actor,María Costas,1,0,1
Actor,Cristina Morán,1,1,0
Actor,Rachael Dickson,1,0,1
Actor,Tom Cavanagh,1,0,1
Actor,Yumiri Hanamori,1,0,1
Actor,Luan Caruzo,1,1,0
Actor,Pete Rock,1,1,0
Actor,Irina Baeva,1,0,1
Actor,Marty Sander,1,1,0
Actor,Yun-Hoo Ko,1,0,1
Actor,Bianca Matthews,1,1,0
Actor,Janani Iyer,1,1,0
Actor,Marie-Françoise Theodore,1,1,0
Actor,Happy Goldsplatt,1,1,0
Actor,Tom Brokaw,1,1,0
Actor,Seung-un Hwang,1,0,1
Actor,Kim Webster,1,0,1
Actor,Myra J.,1,1,0
Actor,Pammi Bai,1,1,0
Actor,Diana Bracho,1,1,0
Actor,Ana Cecilia Natteri,1,1,0
Actor,Mazin Elsadig,1,0,1
Actor,Myriam Djeljeli,1,1,0
Actor,Ciaran Bermingham,1,1,0
Actor,Luoyong Wang,1,0,1
Actor,Julian Arahanga,1,1,0
Actor,Ethan Botwick,1,1,0
Actor,Kevin Morris,1,1,0
Actor,Mirza Salihovic,1,0,1
Actor,Harris Dickinson,1,1,0
Actor,Polly Niles,1,1,0
Actor,k.d. lang,1,1,0
Actor,Shane Nigaam,1,1,0
Actor,Remy Hii,1,0,1
Actor,Mercedes Hoyos,1,1,0
Actor,Dave Bridges,1,0,1
Actor,Lola Glaudini,1,0,1
Actor,Narucha Chaimareung,1,1,0
Actor,Tien Hsiang Lung,1,1,0
Actor,Pamelyn Chee,1,1,0
Actor,Ruba Blal,1,1,0
Actor,Dorothy Gordon,1,1,0
Actor,Jeff Geddis,1,0,1
Actor,Jan Lamb,1,1,0
Actor,Jenny Lewis,1,1,0
Actor,Aabhas Yadav,1,1,0
Actor,Zhang Zixian,1,1,0
Actor,Andrew McNee,1,1,0
Actor,Bronson Webb,1,1,0
Actor,Mari Yamachi,1,0,1
Actor,Anula Navlekar,1,1,0
Actor,Sonia Sahni,1,1,0
Actor,Luc Proulx,1,1,0
Actor,Zac Posen,1,1,0
Actor,Harry Treadaway,1,0,1
Actor,Bradley Venable,1,0,1
Actor,Tara Macri,1,1,0
Actor,Emily Tremaine,1,1,0
Actor,Yusuf Aulia,1,1,0
Actor,Willam Belli,1,1,0
Actor,Sean Carrigan,1,1,0
Actor,Poulomi Das,1,1,0
Actor,Kaneta Kimotsuki,1,0,1
Actor,Jirí Mádl,1,1,0
Actor,Titikarn Tongprasearth,1,1,0
Actor,Jane Darwell,1,1,0
Actor,Brett Kelly,1,1,0
Actor,Diego Muñoz,1,1,0
Actor,So-yeong Hong,1,0,1
Actor,Amy Siriya,1,1,0
Actor,Craig Gazey,1,1,0
Actor,Sanjay Keni,1,0,1
Actor,Zdzislaw Maklakiewicz,1,1,0
Actor,Ken Kirzinger,1,1,0
Actor,Ahmad Iswazir,1,0,1
Actor,Kelly Gough,1,1,0
Actor,Hee-soon Park,1,1,0
Actor,Elaine Jin,1,1,0
Actor,Julien Bourdel,1,0,1
Actor,Jayapradha,1,1,0
Actor,Chris Gartin,1,1,0
Actor,Lee Sun-bin,1,1,0
Actor,Germán Jaramillo,1,0,1
Actor,Hailey McCann,1,1,0
Actor,Ashrut Jain,1,1,0
Actor,Toni Rakkaen,1,0,1
Actor,Chems Dahmani,1,1,0
Actor,Danish Taimoor,1,1,0
Actor,Conrad Pla,1,0,1
Actor,Tuncer Necmioğlu,1,0,1
Actor,Max Talisman,1,1,0
Actor,Rowena King,1,1,0
Actor,Burnie Burns,1,0,1
Actor,Joan Collins,1,1,0
Actor,Robert Curtis Brown,1,1,0
Actor,Jeong-hee Moon,1,1,0
Actor,Magic Johnson,1,1,0
Actor,Harinder Bhullar,1,1,0
Actor,Zhang Yixing,1,1,0
Actor,Amr El Kady,1,1,0
Actor,Óscar Torres,1,1,0
Actor,James Maclurcan,1,0,1
Actor,Randy Newman,1,1,0
Actor,Victor Laplace,1,0,1
Actor,Raina Bassnet,1,1,0
Actor,Sherman Howard,1,1,0
Actor,Mayo Suzukaze,1,0,1
Actor,Irene Cara,1,1,0
Actor,Mallika Sarabhai,1,1,0
Actor,Madeline Kahn,1,1,0
Actor,Fyvush Finkel,1,1,0
Actor,Poom Rungsrithananon,1,1,0
Actor,Rob Morrow,1,1,0
Actor,Joe Mande,1,1,0
Actor,Harold Pinter,1,1,0
Actor,Nathan Zellner,1,0,1
Actor,Luis Machín,1,0,1
Actor,Hülya Gülsen Irmak,1,1,0
Actor,Wolfgang Bodison,1,1,0
Actor,Chloe Perrin,1,1,0
Actor,Kathryn Erbe,1,1,0
Actor,Ciarán Owens,1,0,1
Actor,Ulvi Alacakaptan,1,0,1
Actor,John Connors,1,1,0
Actor,Chris Burkard,1,1,0
Actor,Lyes Salem,1,1,0
Actor,Fehmi Karaarslan,1,1,0
Actor,Dara Our,1,1,0
Actor,Kassandra Voyagis,1,1,0
Actor,Ana Rujas,1,1,0
Actor,Bass Dhem,1,1,0
Actor,Kelly Marie Tran,1,1,0
Actor,Shawn Levy,1,0,1
Actor,Chris Bell,1,1,0
Actor,Aarohi Patel,1,1,0
Actor,Clint Howard,1,1,0
Actor,David Walton,1,1,0
Actor,Pedro Godoy,1,1,0
Actor,Susan May Pratt,1,1,0
Actor,Ty Panitz,1,1,0
Actor,Ariclenes Barroso,1,1,0
Actor,Timothy Lee DePriest,1,1,0
Actor,Melissa Newman,1,0,1
Actor,Kelly Huang,1,0,1
Actor,Herculano Trevino,1,1,0
Actor,Takeshi Kaga,1,0,1
Actor,Daniel Dantas,1,1,0
Actor,Urmila Kanitkar,1,1,0
Actor,Daniel Whyte,1,1,0
Actor,Aditi Arya,1,0,1
Actor,Ye-jin Lim,1,0,1
Actor,Bob Irvine,1,1,0
Actor,De Ming Wang,1,1,0
Actor,Rocco Siffredi,1,1,0
Actor,Lilly Blacker,1,1,0
Actor,Sabitha Jayaraj,1,1,0
Actor,Phillip Jeanmarie,1,0,1
Actor,Asha Bhende,1,1,0
Actor,Mustafa Uzunyılmaz,1,1,0
Actor,Peter Rowley,1,0,1
Actor,Ana Girardot,1,0,1
Actor,Ekta Kaul,1,0,1
Actor,Sergio Calderón,1,1,0
Actor,Melanie Comarcho,1,1,0
Actor,Nick Alachiotis,1,1,0
Actor,Peter Mel,1,1,0
Actor,Maggie Meyer,1,1,0
Actor,Burl Ives,1,1,0
Actor,Allie Gallerani,1,1,0
Actor,Brad Beyer,1,0,1
Actor,Shane Zaza,1,0,1
Actor,Yingying Sarucha,1,0,1
Actor,Annie Sundberg,1,1,0
Actor,Stevie Lynn Jones,1,1,0
Actor,Michelle Arthur,1,1,0
Actor,David Carr,1,0,1
Actor,Rashed Al Shamrani,1,0,1
Actor,Aowyn Grace Peoples,1,1,0
Actor,Chachchaya Chalemphol,1,1,0
Actor,Mario Moran,1,1,0
Actor,Megan Baily,1,1,0
Actor,Joséphine Derenne,1,1,0
Actor,Masaaki Tsukada,1,1,0
Actor,Richard Haydn,1,1,0
Actor,Renato Gutz,1,0,1
Actor,Arnold Reyes,1,1,0
Actor,Heather Locklear,1,1,0
Actor,Sammy Pérez,1,1,0
Actor,Cyrus McQueen,1,1,0
Actor,Kenny Wormald,1,1,0
Actor,Allan Kournikova,1,1,0
Actor,Chang-wan Kim,1,0,1
Actor,Kayla Rybicka,1,1,0
Actor,Matsuri Mizuguchi,1,0,1
Actor,Sornsin Maneewan,1,1,0
Actor,Brian D. Mays,1,1,0
Actor,Sudhanshu Aggarwal,1,1,0
Actor,Mamadou Doumbia,1,1,0
Actor,Manolo Blahnik,1,1,0
Actor,Avii,1,1,0
Actor,Eva Swan,1,1,0
Actor,Louis-Do de Lencquesaing,1,1,0
Actor,Tony Dulzaidez,1,1,0
Actor,Lucy Faust,1,1,0
Actor,Kashmira Shah,1,1,0
Actor,Eugene Domingo,1,1,0
Actor,Nadia Farès,1,0,1
Actor,Tenzing Norgay Trainor,1,0,1
Actor,Cameron Boyce,1,1,0
Actor,Richard Dumont,1,1,0
Actor,Benjamin Lutzke,1,1,0
Actor,Fathimah Az Zahra,1,0,1
Actor,Rahul Bhatt,1,1,0
Actor,Nicky Katt,1,1,0
Actor,Terri Douglas,1,1,0
Actor,Fred Ewanuick,1,1,0
Actor,Z-Chen,1,0,1
Actor,Katherine Helmond,1,1,0
Actor,Esther Rolle,1,1,0
Actor,John Saxon,1,1,0
Actor,Lee Li-Chun,1,1,0
Actor,Nicki Aycox,1,1,0
Actor,Luis Bordonada,1,1,0
Actor,Adrian Murray,1,1,0
Actor,Tuhin Mitra,1,1,0
Actor,Bobby Naderi,1,1,0
Actor,Jessica Rey,1,0,1
Actor,Tom Hygreck,1,1,0
Actor,Jordyn Ashley Olson,1,1,0
Actor,Sylvia Earle,1,1,0
Actor,Laurence Llewelyn-Bowen,1,0,1
Actor,Daryl Mitchell,1,1,0
Actor,Subhashini Ali,1,1,0
Actor,Sabine Azéma,1,1,0
Actor,André Wilms,1,1,0
Actor,Rafał Rutkowski,1,1,0
Actor,Brittany Ross,1,1,0
Actor,Anshikaa Shrivastava,1,1,0
Actor,Eva Marie Saint,1,1,0
Actor,Yin Yuanzhang,1,1,0
Actor,Ulyana Chan,1,1,0
Actor,Tommy Morrison,1,1,0
Actor,Dustin Harnish,1,1,0
Actor,Titus Covington,1,1,0
Actor,Adam Silver,1,1,0
Actor,Jim Gray,1,0,1
Actor,Ariel Texido,1,0,1
Actor,Nikki Hahn,1,1,0
Actor,Steve Baran,1,1,0
Actor,Nigel Morgan,1,1,0
Actor,Richard Kiel,1,1,0
Actor,Paul Briggs,1,1,0
Actor,Alex Murphy,1,1,0
Actor,Jimmy Akingbola,1,1,0
Actor,Giuseppe Fragapane,1,1,0
Actor,Raul-Gomez Pina,1,0,1
Actor,Sawyer Barth,1,1,0
Actor,Kiyoshi Kobayashi,1,1,0
Actor,Amanda Hale,1,0,1
Actor,İlker Kızmaz,1,0,1
Actor,Sonam Stobgais,1,1,0
Actor,Mali Levi,1,1,0
Actor,August Zirner,1,1,0
Actor,Ozama Oancea,1,1,0
Actor,Sid Mallya,1,1,0
Actor,Georges Hayeck,1,1,0
Actor,Paul Lambert,1,1,0
Actor,Ivan Sergei,1,1,0
Actor,Ronald Lee Clark,1,1,0
Actor,Grażyna Staniszewska,1,1,0
Actor,Mayumi Iizuka,1,0,1
Actor,Temarii Buillard,1,1,0
Actor,Elvy Yost,1,1,0
Actor,Robin Weaver,1,0,1
Actor,Samuel Robinson,1,1,0
Actor,Rhys Connah,1,0,1
Actor,In-hwan Park,1,1,0
Actor,Marzia Ubaldi,1,1,0
Actor,Chumphorn Thepphithak,1,1,0
Actor,Aleksey Zorin,1,0,1
Actor,Amy Ferguson,1,1,0
Actor,Ken Tong,1,1,0
Actor,Korie Robertson,1,1,0
Actor,Polly Draper,1,1,0
Actor,Abraham Attah,1,1,0
Actor,Tomo Sakurai,1,0,1
Actor,Niveditha,1,1,0
Actor,Adeel Hussain,1,1,0
Actor,Wayne Duvall,1,1,0
Actor,Syafiq Kyle,1,0,1
Actor,Anu Sithara,1,1,0
Actor,Laz Alonso,1,1,0
Actor,Onur Saylak,1,0,1
Actor,Steve O'Connell,1,0,1
Actor,Hania Aamir,1,1,0
Actor,Mauricio Kuri,1,1,0
Actor,Max Sheldon,1,1,0
Actor,Yeong-gyu Park,1,0,1
Actor,Joseph C. Phillips,1,1,0
Actor,Shailashree,1,1,0
Actor,Natalia Dzyublo,1,0,1
Actor,Jonathan Mulia,1,1,0
Actor,Jamison Stern,1,1,0
Actor,Erroll Shand,1,1,0
Actor,Min-sik Choi,1,1,0
Actor,Sandhanam,1,1,0
Actor,Badriya Tolba,1,1,0
Actor,Miya Muqi,1,1,0
Actor,Nam Da-Reum,1,0,1
Actor,Amir Tessler,1,1,0
Actor,Darwin Shaw,1,1,0
Actor,Pradip Mukherjee,1,1,0
Actor,Nick Rhys,1,1,0
Actor,Tanaji Galgunde,1,1,0
Actor,Goldy Notay,1,1,0
Actor,Aleksander Bednarz,1,1,0
Actor,John Farley,1,1,0
Actor,Tommy Ramone,1,1,0
Actor,Rosemary Harris,1,1,0
Actor,Benny Golson,1,1,0
Actor,Jacqui Fox,1,0,1
Actor,Mark Alan,1,1,0
Actor,Cary Joji Fukunaga,1,1,0
Actor,Sebastian Bach,1,0,1
Actor,Teo Planell,1,1,0
Actor,Dennis Hayden,1,1,0
Actor,Lisa Harrow,1,1,0
Actor,Dina Amer,1,1,0
Actor,Elisabeth Rosen,1,1,0
Actor,Vanessa Marano,1,1,0
Actor,David Villada,1,1,0
Actor,Aufa Assagaf,1,1,0
Actor,Kyle Jordan,1,0,1
Actor,Dobrina Liubomirova,1,1,0
Actor,Chen Chi-hsia,1,0,1
Actor,Meena T.,1,1,0
Actor,Pallavi Joshi,1,1,0
Actor,Alison MacInnis,1,0,1
Actor,Yeo One,1,0,1
Actor,Adam Ferrara,1,1,0
Actor,Ernie Reyes Jr.,1,1,0
Actor,Nathan Anderson,1,0,1
Actor,Malavika Mohanan,1,1,0
Actor,Soumyak Kanti DeBiswas,1,1,0
Actor,Jadwiga Jankowska-Cieslak,1,1,0
Actor,Thierry Godard,1,0,1
Actor,Hae-seong Kwon,1,0,1
Actor,Eddie Cheung,1,1,0
Actor,P.J. Gallagher,1,1,0
Actor,Jean Louisa Kelly,1,1,0
Actor,Milhem Cortaz,1,1,0
Actor,Tracey Gold,1,1,0
Actor,Lisa Pelikan,1,1,0
Actor,Font García,1,1,0
Actor,Zeeshan Shafa,1,1,0
Actor,Daniel Sánchez Arévalo,1,1,0
Actor,Scott Kyle,1,1,0
Actor,Stuart Manning,1,1,0
Actor,Thelma Farnes Ottersen,1,0,1
Actor,Suna Yıldızoğlu,1,0,1
Actor,Michael Turney,1,1,0
Actor,Gary Wilmes,1,1,0
Actor,Lorraine Bracco,1,1,0
Actor,Shari Watson,1,1,0
Actor,Woong-in Jeong,1,1,0
Actor,Hee-ae Kim,1,0,1
Actor,Tu Nokwe,1,0,1
Actor,Linda Hunt,1,1,0
Actor,Máximo Pastor,1,1,0
Actor,Cara Ricketts,1,1,0
Actor,Melissa Macedo,1,1,0
Actor,Fridtjov Såheim,1,0,1
Actor,Omair Rana,1,1,0
Actor,Niza Jay,1,1,0
Actor,Luis Rosales,1,1,0
Actor,Zhou Zhou,1,0,1
Actor,Donald Sumpter,1,1,0
Actor,Lance Lim,1,1,0
Actor,Cristine Prosperi,1,1,0
Actor,El Polaco,1,1,0
Actor,Fabricio Werdum,1,1,0
Actor,Claudio Amendola,1,1,0
Actor,Ayesha Omer,1,0,1
Actor,Ushio Shinohara,1,1,0
Actor,Don McManus,1,1,0
Actor,Georgie Kidder,1,0,1
Actor,Jay Kim,1,0,1
Actor,Zak Hendrikz,1,1,0
Actor,Lorenzo Berinizi,1,1,0
Actor,Kirsten Vangsness,1,0,1
Actor,Rosa Romay,1,0,1
Actor,Huang Wenyong,1,0,1
Actor,Ian Hitchens,1,1,0
Actor,Ali Lohan,1,1,0
Actor,Fa Zeng Li,1,1,0
Actor,Emika Grant Emma,1,0,1
Actor,Ryan Montano,1,1,0
Actor,Ki-joon Uhm,1,0,1
Actor,Mia Farrow,1,1,0
Actor,Sal Stowers,1,1,0
Actor,Fanny Valette,1,1,0
Actor,Christopher Godwin,1,0,1
Actor,Taran Bajaj,1,1,0
Actor,Serayah,1,1,0
Actor,Yulia Snigir,1,0,1
Actor,Antonio Quercia,1,1,0
Actor,Gagan Malik,1,0,1
Actor,Julie Newmar,1,1,0
Actor,Heino Ferch,1,1,0
Actor,Usashi Chakraborty,1,1,0
Actor,Sara Craddick,1,1,0
Actor,Corinne Marchand,1,1,0
Actor,Fran Jaye,1,1,0
Actor,Lew Schneider,1,1,0
Actor,Madhavi Soman,1,1,0
Actor,Rania Elkhatib,1,1,0
Actor,Feihu Sun,1,0,1
Actor,Arielle Kebbel,1,1,0
Actor,Jackie Clune,1,0,1
Actor,Happy Anderson,1,1,0
Actor,Mi-ji Lee,1,0,1
Actor,Pilar Benitez Vibart,1,1,0
Actor,Dylan Cortes,1,1,0
Actor,Burhanuddin Ohorella,1,1,0
Actor,Shaheizy Sam,1,1,0
Actor,Martin Clunes,1,1,0
Actor,Rica Peralejo,1,1,0
Actor,Soo-yeon Kim,1,0,1
Actor,Lisa Robin Kelly,1,0,1
Actor,Andie Chen,1,0,1
Actor,JD Pardo,1,0,1
Actor,Heather Wahlquist,1,1,0
Actor,Franco Fantasia,1,1,0
Actor,Catherine Johnson,1,1,0
Actor,Emmanuel Orenday,1,0,1
Actor,Han Groo,1,0,1
Actor,Ju-sang Yun,1,1,0
Actor,Sami Hifny,1,1,0
Actor,Jacqueline Brookes,1,1,0
Actor,Billy Meade,1,1,0
Actor,J.J. Abrams,1,1,0
Actor,Leslie Thurston,1,1,0
Actor,Adam Eskilden,1,1,0
Actor,Leez Rosli,1,0,1
Actor,Tunde Adebimpe,1,1,0
Actor,Neil Kopit,1,1,0
Actor,Jamie Donnelly,1,1,0
Actor,Trieu Tran,1,1,0
Actor,Geno Segers,1,1,0
Actor,Keith Arthur Bolden,1,1,0
Actor,Paul Stafford,1,0,1
Actor,Adi Kvetner,1,1,0
Actor,Lorena San Martín,1,1,0
Actor,Oleg Taktarov,1,1,0
Actor,Salvatore Esposito,1,0,1
Actor,Charlie Bodin,1,0,1
Actor,Claudia Black,1,0,1
Actor,Hugh Keays-Byrne,1,1,0
Actor,Pooja Batra,1,1,0
Actor,Rahul Amin,1,1,0
Actor,Tallulah Haddon,1,0,1
Actor,Verónica Jaspeado,1,0,1
Actor,Manish Mehta,1,1,0
Actor,Sumanta Mukherjee,1,1,0
Actor,Jay,1,1,0
Actor,James Frain,1,0,1
Actor,Krzysztof Stroiński,1,1,0
Actor,Zhalay Sharhadi,1,1,0
Actor,John Wayne,1,1,0
Actor,Shamita Shetty,1,1,0
Actor,Kristin Charney,1,0,1
Actor,Inda Lavalle,1,1,0
Actor,Adhir Kalyan,1,1,0
Actor,Sir Roger Moore,1,1,0
Actor,Isaiah Jarel,1,1,0
Actor,Alan Wilder,1,1,0
Actor,Adrian Alonso,1,1,0
Actor,Vikas Pandurang Patil,1,1,0
Actor,Eiko Yamada,1,0,1
Actor,Elliot Barnes-Worrell,1,1,0
Actor,Gemma Chan,1,0,1
Actor,Emeril Lagasse,1,1,0
Actor,Kumarakom Vasudevan,1,1,0
Actor,Raymond Carr,1,0,1
Actor,Anita Lukmance,1,1,0
Actor,Fiona Reid,1,0,1
Actor,Sandra Escacena,1,1,0
Actor,Itala Bekes,1,1,0
Actor,W. Ellington Felton,1,1,0
Actor,Pooja Nayak,1,1,0
Actor,Laurence Olivier,1,1,0
Actor,Sana Javed,1,0,1
Actor,Hayes Mercure,1,1,0
Actor,Logan Creran,1,1,0
Actor,Alessandra Rosaldo,1,1,0
Actor,Nancy McKeon,1,1,0
Actor,Nan Chiang,1,1,0
Actor,Nik Pajic,1,1,0
Actor,Frank Samson,1,1,0
Actor,Robert Florence,1,0,1
Actor,Ken Bones,1,0,1
Actor,Luichi Macías,1,1,0
Actor,JC de Vera,1,1,0
Actor,Nimra Bucha,1,1,0
Actor,Dushyant Wagh,1,0,1
Actor,Jenée LaMarque,1,1,0
Actor,Michael Papajohn,1,1,0
Actor,Başak Parlak,1,0,1
Actor,Leonard Frey,1,1,0
Actor,Dieter Nuhr,1,1,0
Actor,Noah Fleiss,1,1,0
Actor,Yeh Chen-Ting,1,0,1
Actor,Anvil Laloo,1,1,0
Actor,Mansoor Alfeeli,1,1,0
Actor,Ayesha Khan,1,1,0
Actor,Dhiru Shah,1,1,0
Actor,Pavel Trubiner,1,0,1
Actor,Sarah Hoare,1,0,1
Actor,Arvind Goswami,1,1,0
Actor,Etienne Bobenrieth,1,1,0
Actor,Yousef Erakat,1,1,0
Actor,Sterling Hyltin,1,1,0
Actor,Tobias Borchers,1,1,0
Actor,Wael Sami,1,1,0
Actor,John Pappas,1,1,0
Actor,Edwin Jerome,1,1,0
Actor,Ahney Her,1,1,0
Actor,Ergun Taş,1,0,1
Actor,Joe Dispenza,1,1,0
Actor,Archana Padmini,1,1,0
Actor,Marcus Chang,1,0,1
Actor,Elizabeth Alderfer,1,0,1
Actor,Raye Birk,1,1,0
Actor,Bobby Robson,1,1,0
Actor,Lucas Lauriente,1,1,0
Actor,Dylan Xiong,1,0,1
Actor,Prashant Barot,1,1,0
Actor,Aidan Shipley,1,1,0
Actor,Karishma Tanna,1,1,0
Actor,Amornrit Sriphung,1,1,0
Actor,Renée Soutendijk,1,1,0
Actor,Liv Ullmann,1,1,0
Actor,Carrie Aizley,1,1,0
Actor,Chaitanya Varad,1,1,0
Actor,Darío Grandinetti,1,1,0
Actor,Catharine Pilafas,1,0,1
Actor,Lawrence Wong,1,0,1
Actor,Joyce Bowden-Kirby,1,1,0
Actor,Rosamund Kwan,1,1,0
Actor,Andrzej Mellin,1,1,0
Actor,Gregory Jbara,1,1,0
Actor,Caleb Scott,1,1,0
Actor,Hae-Jin Park,1,0,1
Actor,Danny Perea,1,0,1
Actor,Biichi Sato,1,0,1
Actor,Sergio Freire,1,1,0
Actor,Fernanda Vianna,1,0,1
Actor,Priya Malik,1,0,1
Actor,Nikki Leigh,1,1,0
Actor,Mert Aran,1,1,0
Actor,Chrishell Hartley,1,1,0
Actor,Jon Fletcher,1,0,1
Actor,Sterling Beaumon,1,1,0
Actor,Karan Suchak,1,0,1
Actor,George Plimpton,1,0,1
Actor,Warren Bullock,1,0,1
Actor,Seung-mok Yoo,1,1,0
Actor,Simone Baker,1,1,0
Actor,Alex Sparrow,1,1,0
Actor,Jamie Moreen,1,1,0
Actor,Jack Roth,1,0,1
Actor,Drea Castro,1,1,0
Actor,Michelle Krusiec,1,1,0
Actor,Walter Bercht,1,1,0
Actor,Jordan Carlos,1,1,0
Actor,Ashley Argota,1,1,0
Actor,Ritabhari Chakraborty,1,1,0
Actor,Christopher Russell,1,1,0
Actor,Laurids Skovgaard Andersen,1,0,1
Actor,Danni Wang,1,1,0
Actor,Balu Varghese,1,1,0
Actor,Traci Ann Wolfe,1,0,1
Actor,Neha Pendse,1,1,0
Actor,Augusto Schuster,1,1,0
Actor,Christopher Showerman,1,1,0
Actor,Jong-hyun Lee,1,0,1
Actor,Beppe Fiorello,1,1,0
Actor,Sam Redford,1,1,0
Actor,Asif Khan,1,1,0
Actor,Brian Haley,1,1,0
Actor,Ahmed Abdelhafiz,1,1,0
Actor,Maurice Evans,1,1,0
Actor,Tim Piggott-Smith,1,1,0
Actor,Adam James,1,0,1
Actor,Bebeto Leutually,1,1,0
Actor,Matt Keeslar,1,1,0
Actor,Alan Blumenfeld,1,1,0
Actor,Xu Qing,1,1,0
Actor,Aarav Khanna,1,1,0
Actor,Ashanti,1,1,0
Actor,Alexandra Roach,1,1,0
Actor,Guillaume Marquet,1,0,1
Actor,Ben Munoz,1,1,0
Actor,Sana Serrai,1,0,1
Actor,Samuel E. Wright,1,1,0
Actor,Thom Barry,1,1,0
Actor,Joel Dawson,1,1,0
Actor,Ji-eun Lee,1,0,1
Actor,Pêpê Rapazote,1,0,1
Actor,Sujit Kumar,1,1,0
Actor,Nadia Verrucci,1,1,0
Actor,Tony Bentley,1,1,0
Actor,Heo Ji Won,1,0,1
Actor,Yoo In-young,1,0,1
Actor,Sujata Bakshi,1,1,0
Actor,Paul Blake,1,1,0
Actor,Ahmed Dash,1,1,0
Actor,Albert Pujols,1,1,0
Actor,Ivan Oganesyan,1,0,1
Actor,Gary Cockrell,1,1,0
Actor,Justyna Wasilewska,1,1,0
Actor,Ty Shelton,1,1,0
Actor,Francisca Lozano,1,1,0
Actor,Masika Kalysha,1,1,0
Actor,Madison Davenport,1,0,1
Actor,Aleksandar Seksan,1,1,0
Actor,Laetitia de Fombelle,1,0,1
Actor,David Weatherley,1,0,1
Actor,Callan Farris,1,1,0
Actor,Sabrina Kern,1,1,0
Actor,J. Michael Long,1,1,0
Actor,El DeBarge,1,1,0
Actor,Katja Riemann,1,1,0
Actor,Kyung Jin,1,1,0
Actor,Aňa Geislerová,1,1,0
Actor,Jack Gilpin,1,1,0
Actor,Warren Stevens,1,1,0
Actor,Trisha Kale,1,1,0
Actor,Tejaswini Pandit,1,1,0
Actor,Sang-hee Lee,1,0,1
Actor,Melahat Abbasova,1,0,1
Actor,Katie Blake,1,1,0
Actor,Gaurav Chakrabarty,1,1,0
Actor,Anne Dudek,1,1,0
Actor,Daniel Zolghadri,1,1,0
Actor,Sam Wolfson,1,1,0
Actor,Terry Walters,1,1,0
Actor,Jonah Hauer-King,1,1,0
Actor,Richie Jackson,1,1,0
Actor,Sebastian Sporsén,1,0,1
Actor,Natsuki Inaba,1,1,0
Actor,Bernabé Fernández,1,0,1
Actor,Fabian Bodet,1,1,0
Actor,Sam Hill,1,1,0
Actor,Natasa Janjic,1,1,0
Actor,Lisa Roberts,1,1,0
Actor,Donghyun Kim,1,0,1
Actor,Maureen Mueller,1,1,0
Actor,Oliver Nava,1,1,0
Actor,Mari Maruta,1,0,1
Actor,Patrick Hivon,1,1,0
Actor,Frank Hoyt Taylor,1,1,0
Actor,Lex Luther,1,1,0
Actor,Mark Farokh Parakh,1,0,1
Actor,Jonathan Park,1,1,0
Actor,Kevin Wu,1,1,0
Actor,Rodney Afif,1,1,0
Actor,Shafieq Shazwan,1,0,1
Actor,Brett Hull,1,1,0
Actor,Sue-Ann Leeds,1,1,0
Actor,Mauricio Martínez,1,0,1
Actor,Clemmie Dugdale,1,1,0
Actor,Søren Sætter Lassen,1,0,1
Actor,Vinod Acharya,1,1,0
Actor,Satish Rajwade,1,1,0
Actor,Jorge Salinas,1,1,0
Actor,Hannah Rae,1,1,0
Actor,Tagel Eliyahu,1,1,0
Actor,Damian Woetzel,1,1,0
Actor,Rashidi Athuman,1,1,0
Actor,Jimmy Vee,1,1,0
Actor,Héctor Díaz,1,1,0
Actor,Yuko Kaida,1,0,1
Actor,Jugal Hansraj,1,1,0
Actor,Ric Young,1,1,0
Actor,Delfina Guzmán,1,1,0
Actor,Ralph Garman,1,1,0
Actor,Alma Terzic,1,1,0
Actor,Margot Farley,1,1,0
Actor,Gregório Duvivier,1,1,0
Actor,Evan Ellingson,1,1,0
Actor,Angela Mao,1,1,0
Actor,Amrutha Naik,1,1,0
Actor,Tina Cook,1,1,0
Actor,Alberto Estrella,1,1,0
Actor,Matt Griesser,1,1,0
Actor,Alex Cohen,1,1,0
Actor,Megan Leonard,1,1,0
Actor,Noriko Sakai,1,0,1
Actor,Woon Young Park,1,1,0
Actor,Idir Chender,1,1,0
Actor,Richard Montoya,1,1,0
Actor,Austin Highsmith,1,1,0
Actor,Marcin Dorociński,1,1,0
Actor,Bothaina Kamel,1,1,0
Actor,Shaurya Bhardawaj,1,1,0
Actor,Arijit Dutt,1,1,0
Actor,Clint Glenn Hummel,1,1,0
Actor,Michael Barbieri,1,1,0
Actor,Axel Werner,1,1,0
Actor,Steph Song,1,1,0
Actor,Randy Thom,1,1,0
Actor,Daniela Escobar,1,1,0
Actor,Billy Schneider,1,1,0
Actor,Benjamin Dickey,1,1,0
Actor,Alfred Lutter,1,1,0
Actor,Taner Birsel,1,1,0
Actor,Siddharth Dudeja,1,0,1
Actor,Alice Révérend,1,1,0
Actor,Dong Zhihua,1,1,0
Actor,Sarp Akkaya,1,0,1
Actor,Mona Marshall,1,1,0
Actor,Freema Agyeman,1,0,1
Actor,Dion Graham,1,1,0
Actor,Paul L. Smith,1,1,0
Actor,Michał Leja,1,1,0
Actor,Sang-soon Lee,1,0,1
Actor,Sean Huang,1,0,1
Actor,Arthur Miller,1,0,1
Actor,Aditya Sharma,1,1,0
Actor,Leah Pipes,1,0,1
Actor,Shahira Fahmy,1,1,0
Actor,Wah Yuen,1,1,0
Actor,Soo-hyun Lee,1,0,1
Actor,Marsha Aruan,1,1,0
Actor,Jorja Cadence,1,1,0
Actor,Shoshannah Stern,1,0,1
Actor,Forrest Fyre,1,1,0
Actor,Peter King Nzioki Mwania,1,1,0
Actor,Aletheia Burney,1,0,1
Actor,Keelin Woodell,1,1,0
Actor,Marta Domingo,1,0,1
Actor,Puru Rajkumar,1,1,0
Actor,Anant Raina,1,1,0
Actor,Lilliput,1,1,0
Actor,Alix Macey,1,0,1
Actor,Natalie Canerday,1,1,0
Actor,Tinu Verghese,1,1,0
Actor,Iris Quinn,1,1,0
Actor,Olivia Newton-John,1,1,0
Actor,Varun Khandelwal,1,0,1
Actor,Lam Ka Tung,1,1,0
Actor,Hai Yitian,1,0,1
Actor,Derek Boone,1,1,0
Actor,Subiksha,1,1,0
Actor,Alysha Deslorieux,1,0,1
Actor,Takeshi Koyama,1,0,1
Actor,Kevin Linehan,1,1,0
Actor,Kanako Tojo,1,0,1
Actor,Suthep Po-ngam,1,1,0
Actor,Nikolay Chindyaykin,1,0,1
Actor,Nao Omori,1,1,0
Actor,Darren Dalton,1,1,0
Actor,Harry DeLeyer,1,1,0
Actor,De'Aundre Bonds,1,1,0
Actor,Leandro Firmino,1,1,0
Actor,Nawapaiboon Wuthinanon,1,1,0
Actor,Maria Sid,1,1,0
Actor,Małgorzata Gebel,1,1,0
Actor,James Horan,1,1,0
Actor,Kate Moyer,1,1,0
Actor,Matt Lucas,1,1,0
Actor,C. Thomas Howell,1,1,0
Actor,Rachel Brann,1,1,0
Actor,Tanya Roberts,1,0,1
Actor,L,1,0,1
Actor,Macarena Achaga,1,0,1
Actor,Vicellous Shannon,1,1,0
Actor,Jason Cope,1,1,0
Actor,Abhijit Sinha,1,1,0
Actor,Susan Wood,1,1,0
Actor,Greta Van Susteren,1,1,0
Actor,Saskia Reeves,1,0,1
Actor,Michael Talbott,1,1,0
Actor,Audrie Neenan,1,1,0
Actor,Klea Scott,1,0,1
Actor,Roy Miller,1,1,0
Actor,Irene Michaels,1,1,0
Actor,Kygo,1,1,0
Actor,Eduardo Negrete,1,1,0
Actor,Ross Thomas,1,1,0
Actor,Spencer Boldman,1,1,0
Actor,Takahiro Azuma,1,0,1
Actor,Gautami,1,1,0
Actor,Valerie Chow,1,1,0
Actor,Benjie Randall,1,0,1
Actor,Sharona Elimelech,1,1,0
Actor,José Burgos,1,1,0
Actor,Amber Beattie,1,1,0
Actor,Lisa Grossman,1,0,1
Actor,Bruno Kirby,1,1,0
Actor,Gary Valentine,1,1,0
Actor,R.V. Udhaykumar,1,1,0
Actor,Matt Bellefleur,1,1,0
Actor,Jennifer Marshall,1,1,0
Actor,Eleanor Matsuura,1,1,0
Actor,Jesse Rath,1,0,1
Actor,Sarah Stephens,1,1,0
Actor,Nell Carter,1,1,0
Actor,Andrew Whipp,1,1,0
Actor,Stephen Wallem,1,0,1
Actor,Max Goudsmit,1,0,1
Actor,Taylor Dearden,1,1,0
Actor,Michael Alvarez,1,1,0
Actor,John Stocker,1,0,1
Actor,Hesham Al-Meligy,1,1,0
Actor,Sharon Leal,1,1,0
Actor,Glenn Paradis,1,1,0
Actor,Jody Powell,1,0,1
Actor,Natasha Little,1,1,0
Actor,Zeynep Özder,1,1,0
Actor,Ah-in Yoo,1,0,1
Actor,Hongyok Pornphan Rerkatakarn,1,0,1
Actor,Tansu Biçer,1,0,1
Actor,Justin Mentell,1,1,0
Actor,Brent Chapman,1,1,0
Actor,Joshua Zamrycki,1,0,1
Actor,Vijayendra Ghatge,1,1,0
Actor,Julia Tomasone,1,1,0
Actor,Stephen Spinella,1,1,0
Actor,Robert Goulet,1,1,0
Actor,Art Evans,1,1,0
Actor,Richard Berry,1,1,0
Actor,Robert James-Collier,1,1,0
Actor,Pablo Echarri,1,1,0
Actor,Anamaria Marinca,1,0,1
Actor,Camélia Montassere,1,1,0
Actor,Jessica Hester Hsuan,1,1,0
Actor,Janak Joshi,1,1,0
Actor,Graham Beckel,1,1,0
Actor,Sheila E.,1,1,0
Actor,Rayver Cruz,1,1,0
Actor,Devendra Chowhan,1,1,0
Actor,Yuko Sato,1,0,1
Actor,Zhang Tianai,1,1,0
Actor,Yuri Nashiwa,1,0,1
Actor,Naoya Uchida,1,0,1
Actor,Jenna Thiam,1,0,1
Actor,Charles Techman,1,1,0
Actor,Juraj Dabic,1,1,0
Actor,Ram Gopal Bajaj,1,1,0
Actor,Dheirya Sonecha,1,1,0
Actor,Yorick van Wageningen,1,1,0
Actor,Ali El Aziz,1,0,1
Actor,Shannon Leroux,1,1,0
Actor,Daniel Eric Gold,1,1,0
Actor,Manuela Pacq,1,1,0
Actor,Elizabeth Yozamp,1,1,0
Actor,Patrick Kennedy,1,1,0
Actor,John Schuck,1,1,0
Actor,Daniel Phai,1,1,0
Actor,Richy Müller,1,1,0
Actor,Jordan Hare,1,1,0
Actor,Michael Landon,1,0,1
Actor,Matahi Drollet,1,1,0
Actor,Murat Ercanlı,1,0,1
Actor,Ryan Dorsey,1,1,0
Actor,Eloisa Cianni,1,1,0
Actor,Laura Gerow,1,0,1
Actor,Somnath Awghade,1,1,0
Actor,Taneea Rajawat,1,1,0
Actor,Raaghav Chanana,1,1,0
Actor,Caitlin Leahy,1,1,0
Actor,Mukul Agarwal,1,1,0
Actor,Satchit Puranik,1,1,0
Actor,Corin Redgrave,1,1,0
Actor,Lily Gladstone,1,1,0
Actor,Pope Francis,1,1,0
Actor,Ailsa Marshall,1,1,0
Actor,John Shrapnel,1,1,0
Actor,Kristian Nairn,1,1,0
Actor,Sam Robards,1,1,0
Actor,Jesse Jackson,1,1,0
Actor,Jean-Édouard Bodziak,1,0,1
Actor,Michael Jibson,1,1,0
Actor,Gérard Ismaël,1,1,0
Actor,Samantha Ferris,1,0,1
Actor,Victoria Song,1,0,1
Actor,Manny Pacquiao,1,1,0
Actor,Amyra Rosli,1,0,1
Actor,Aloysius Pang,1,0,1
Actor,Peter Michael,1,1,0
Actor,Andy Milonakis,1,1,0
Actor,Will Denton,1,1,0
Actor,Billy Forester,1,0,1
Actor,Orrawan Phuakthaisong,1,0,1
Actor,Annabelle Dexter-Jones,1,1,0
Actor,Ayça Erturan,1,1,0
Actor,Shashawnee Hall,1,1,0
Actor,Dominique Reymond,1,1,0
Actor,Manuela Couto,1,1,0
Actor,Prashant,1,1,0
Actor,Remo Girone,1,1,0
Actor,Andy Pellick,1,1,0
Actor,Geoff Wong,1,0,1
Actor,Roy Marsden,1,1,0
Actor,Woo-bin Kim,1,1,0
Actor,Jui Kahate,1,1,0
Actor,Blake Scott,1,0,1
Actor,Jake Macapagal,1,1,0
Actor,Ella Fitzgerald,1,1,0
Actor,John Pankow,1,0,1
Actor,Denis Shvedov,1,0,1
Actor,Kari Alison Hodge,1,1,0
Actor,Sandeep Khare,1,1,0
Actor,Piyush Raina,1,1,0
Actor,Buakaw Banchamek,1,1,0
Actor,Jong-chan Na,1,0,1
Actor,Kongtoranin Lalana,1,0,1
Actor,Richard Yee,1,0,1
Actor,Elsa Zylberstein,1,1,0
Actor,Xiu Qin,1,0,1
Actor,Sami Darr,1,1,0
Actor,Abraham Benrubi,1,1,0
Actor,Carlos Villarino,1,0,1
Actor,Rick Gomez,1,1,0
Actor,Reggie Yates,1,0,1
Actor,Monikangana Dutta,1,1,0
Actor,Jonathan Horvath,1,0,1
Actor,Kee Seymore,1,1,0
Actor,Nadir Caselli,1,1,0
Actor,Robin Gammell,1,1,0
Actor,Stephen Boxer,1,1,0
Actor,Élodie Navarre,1,0,1
Actor,Orla Hill,1,1,0
Actor,Evan Deverian,1,1,0
Actor,John Sumner,1,1,0
Actor,Ankit Gera,1,0,1
Actor,Shaana Diya,1,1,0
Actor,Emily VanCamp,1,1,0
Actor,Rossif Sutherland,1,0,1
Actor,Zhaohua Lu,1,1,0
Actor,Channegowda,1,1,0
Actor,Gabriel Santoyo,1,1,0
Actor,Marcello Thedford,1,1,0
Actor,Ruth Sheen,1,1,0
Actor,P.J. Boudousqué,1,1,0
Actor,Dana Min Goodman,1,1,0
Actor,Lai Hing Chan,1,1,0
Actor,Adora Dei,1,1,0
Actor,Dwight Ewell,1,1,0
Actor,Paige Meade,1,1,0
Actor,Alex Harries,1,0,1
Actor,Matthew Géczy,1,0,1
Actor,Jeff Doucette,1,1,0
Actor,Molly Ryman,1,1,0
Actor,Jyotii Sethi,1,1,0
Actor,Samantha Scaffidi,1,1,0
Actor,Sarah Parish,1,0,1
Actor,Dougie Baldwin,1,0,1
Actor,Hume Cronyn,1,1,0
Actor,Danish Pandor,1,0,1
Actor,Patrick Bakoba,1,1,0
Actor,Chelsea Gilligan,1,0,1
Actor,Kaz Sawamura,1,1,0
Actor,Brendan O'Rourke,1,1,0
Actor,Tiler Peck,1,1,0
Actor,Toni Salgado,1,0,1
Actor,Karsten Gefle,1,1,0
Actor,Ronnie Wood,1,1,0
Actor,Jerry Kernion,1,1,0
Actor,Dorian Kingi,1,1,0
Actor,Jennifer Ellison,1,1,0
Actor,Natasa Dorcic,1,1,0
Actor,Julia Blake,1,1,0
Actor,Hatsunori Hasegawa,1,0,1
Actor,Stephanie D'Abruzzo,1,0,1
Actor,Gulnaaz Ansari,1,1,0
Actor,Roxann Dawson,1,0,1
Actor,Vince Carter,1,1,0
Actor,Jerry Hauck,1,1,0
Actor,Rachel Winfree,1,1,0
Actor,Erly Ashy,1,1,0
Actor,Kritika Sachdeva,1,1,0
Actor,Jay Anstey,1,1,0
Actor,Gyu-su Jeong,1,1,0
Actor,Matias Muchus,1,1,0
Actor,Michael Dolan,1,1,0
Actor,Lise Risom Olsen,1,0,1
Actor,Juan Gea,1,0,1
Actor,Victor Le Blond,1,1,0
Actor,Jack Angel,1,1,0
Actor,Dasha Charusha,1,1,0
Actor,Sean Teale,1,0,1
Actor,Jonathan Lambert,1,1,0
Actor,Florian Beaujean,1,1,0
Actor,Lee Kyu-hyung,1,0,1
Actor,Vidya Malvade,1,1,0
Actor,Nicole Parker,1,0,1
Actor,Chan-bi Jung,1,1,0
Actor,Jerzy Nowak,1,1,0
Actor,Sura Berditchevsky,1,1,0
Actor,Sohee,1,1,0
Actor,Vikri Septiawan,1,1,0
Actor,Alejandro Martínez,1,0,1
Actor,Al Mukadam,1,0,1
Actor,Trevor Fox,1,1,0
Actor,Ayesha Wolasmal,1,0,1
Actor,Andrew Duncan,1,1,0
Actor,Talib Mehdi,1,1,0
Actor,Karen Abercrombie,1,1,0
Actor,Lisa Price,1,1,0
Actor,Lyman Chen,1,1,0
Actor,Matthew Aubrey,1,0,1
Actor,Anne Watanabe,1,1,0
Actor,Shirish,1,1,0
Actor,Poon Chan-leung,1,1,0
Actor,Theeradej Wongpuapan,1,1,0
Actor,Donald Trump,1,0,1
Actor,Eddie Albert,1,1,0
Actor,Rohit Bakshi,1,0,1
Actor,Trina Braxton,1,0,1
Actor,Joanna Kasperska,1,1,0
Actor,Carly Adams,1,1,0
Actor,Vijay Babu,1,1,0
Actor,Paola Rey,1,0,1
Actor,Chantal Kreviazuk,1,1,0
Actor,Joseph Gilgun,1,1,0
Actor,Harry Hains,1,1,0
Actor,Robert Wall,1,1,0
Actor,Rahman,1,0,1
Actor,Nick Whitaker,1,1,0
Actor,François-Xavier Demaison,1,1,0
Actor,John Manalo,1,1,0
Actor,Esther Howard,1,1,0
Actor,"Kordell ""KD"" Johnson",1,1,0
Actor,Shaan Shahid,1,1,0
Actor,Kahyun Kim,1,1,0
Actor,Goh Wee Ping,1,0,1
Actor,Alankrita Sahai,1,1,0
Actor,Karen Williams,1,0,1
Actor,Mitchell A. Lee Yuen,1,0,1
Actor,Yang Lixin,1,0,1
Actor,William Lucking,1,1,0
Actor,Nithiyia Rao,1,1,0
Actor,Jill Quigg,1,1,0
Actor,Marc Balaguer,1,1,0
Actor,Leidi Gutiérrez,1,1,0
Actor,Nada Al Alfi,1,1,0
Actor,Ma Nien-hsien,1,0,1
Actor,Ali Milner,1,0,1
Actor,Robert Lonsdale,1,0,1
Actor,Jed Ress,1,1,0
Actor,Bindiya Goswami,1,1,0
Actor,Anna Ycobalzeta,1,0,1
Actor,Pilar Gamboa,1,0,1
Actor,Donna DuPlantier,1,1,0
Actor,Geoff Lazer Ramsey,1,0,1
Actor,El Negro Álvarez,1,1,0
Actor,Armaan Haggio,1,1,0
Actor,Anne Cosigny,1,0,1
Actor,Glen Grant,1,1,0
Actor,Marcos Franz,1,0,1
Actor,Sarina Farhadi,1,1,0
Actor,Ron Roggé,1,0,1
Actor,Saharat Sangkapreecha,1,1,0
Actor,Trace Beaulieu,1,0,1
Actor,Montana Manning,1,1,0
Actor,Jung Eun Kim,1,0,1
Actor,Lara Heller,1,1,0
Actor,Jac Holzman,1,1,0
Actor,Caroline Chan,1,1,0
Actor,Juliette Angelo,1,1,0
Actor,Jay Pennison,1,1,0
Actor,Izabella Scorupco,1,1,0
Actor,Askar Ameer,1,1,0
Actor,Enrico Oetiker,1,1,0
Actor,Stephen Clinch,1,1,0
Actor,Marieh Delfino,1,1,0
Actor,Jimmy Shubert,1,0,1
Actor,Nam-gil Kang,1,0,1
Actor,Yoon Hwa Hong,1,0,1
Actor,Apolo Anton Ohno,1,0,1
Actor,Thusitha Jayasundera,1,0,1
Actor,Sonya Balmores Chung,1,1,0
Actor,Philip Wiegratz,1,1,0
Actor,Werner Daehn,1,1,0
Actor,Claudine Craig,1,0,1
Actor,Gustavo Sorola,1,0,1
Actor,Rumi Oyama,1,1,0
Actor,Joseph Vijay,1,1,0
Actor,Jess Liaudin,1,1,0
Actor,Michael Buffer,1,1,0
Actor,Kristin Bauer van Straten,1,1,0
Actor,Russell Wilson,1,1,0
Actor,Zoe Graham,1,1,0
Actor,Paul Currie,1,0,1
Actor,S.N. Banerjee,1,1,0
Actor,Ashwini Bhave,1,1,0
Actor,Sadi Celil Cengiz,1,1,0
Actor,Nevil Wilton,1,1,0
Actor,Ali Al-Jabri,1,1,0
Actor,Jeremy Ray Taylor,1,1,0
Actor,Hugh Dennis,1,0,1
Actor,Aurore Clément,1,1,0
Actor,Mahek Chahal,1,1,0
Actor,Levent Sülün,1,1,0
Actor,Karen Dunbar,1,0,1
Actor,Mick Rock,1,1,0
Actor,Kenneth Chan,1,1,0
Actor,Steve Sandvoss,1,1,0
Actor,Lucía Guerrero,1,1,0
Actor,Camilla Lau,1,0,1
Actor,Michael Bryan French,1,1,0
Actor,Rebel Rodriguez,1,1,0
Actor,Marcos Mion,1,1,0
Actor,Lorraine Nicholson,1,1,0
Actor,KEN THE 390,1,0,1
Actor,Carter Thicke,1,1,0
Actor,Yasa,1,1,0
Actor,TJ Smith,1,1,0
Actor,Don Reinhart,1,0,1
Actor,David Murray,1,1,0
Actor,Liang Yuen,1,0,1
Actor,Unni Rajan P. Dev,1,1,0
Actor,Zsa Zsa Gabor,1,1,0
Actor,Paul Rae,1,1,0
Actor,Florian Lukas,1,0,1
Actor,Akara Amarttayakul,1,1,0
Actor,Jonathan Kerrigan,1,0,1
Actor,Kate Nelligan,1,1,0
Actor,Cynthia Preston,1,0,1
Actor,Meg Steedle,1,1,0
Actor,Igor Dmitriev,1,0,1
Actor,Chad Krowchuk,1,1,0
Actor,Danny Vinson,1,1,0
Actor,May June,1,0,1
Actor,Thomas Jay Ryan,1,1,0
Actor,Adam Copeland,1,0,1
Actor,Toby Mac,1,1,0
Actor,Georgie Smith,1,1,0
Actor,Mischa Barton,1,1,0
Actor,Bogdan Stypka,1,0,1
Actor,Andy Kindler,1,0,1
Actor,Jet Tranter,1,1,0
Actor,Garrison Keillor,1,0,1
Actor,Tom Noonan,1,0,1
Actor,Jessika Van,1,1,0
Actor,Braeden Fox,1,0,1
Actor,Peta Rutter,1,0,1
Actor,Barbara Windsor,1,1,0
Actor,Louis Jourdan,1,1,0
Actor,Michael Wai-Man Chan,1,0,1
Actor,John Apicella,1,1,0
Actor,Brandon Soo Hoo,1,0,1
Actor,Adrienne Shaw,1,1,0
Actor,Jorge Calderon,1,1,0
Actor,Non,1,1,0
Actor,Chad Faust,1,0,1
Actor,Nayani Dixit,1,1,0
Actor,David Gunning,1,1,0
Actor,John Candy,1,1,0
Actor,Margaret Wang,1,0,1
Actor,Fan Chen-fei,1,0,1
Actor,Wing Cho,1,1,0
Actor,Michelle Horn,1,1,0
Actor,Veena Gaud,1,1,0
Actor,Kaitlin Mesh,1,1,0
Actor,Carol 'Do Do' Cheng,1,1,0
Actor,Ha Yu,1,0,1
Actor,John DeLuca,1,1,0
Actor,Atsushi Tamaru,1,0,1
Actor,Lan Ngoc,1,1,0
Actor,Dwayne Hickman,1,1,0
Actor,Sigurdur Jonsson,1,1,0
Actor,Kottayam Pradeep,1,1,0
Actor,Hemanth,1,1,0
Actor,Scott Patey,1,1,0
Actor,Susan Lucci,1,1,0
Actor,Shoq Emara,1,1,0
Actor,Errol Morris,1,1,0
Actor,François Bredon,1,1,0
Actor,Jorge Zabaleta,1,0,1
Actor,Sanju Salonki,1,1,0
Actor,Maceo Smedley,1,0,1
Actor,Sal Mineo,1,1,0
Actor,Stephanie Beran,1,1,0
Actor,Erma Fatima,1,0,1
Actor,Lily O'Regan,1,1,0
Actor,Teddy Cole,1,1,0
Actor,Richard Easton,1,1,0
Actor,Curtiss Cook Jr.,1,1,0
Actor,Cameron Palatas,1,1,0
Actor,Aditya Pancholi,1,1,0
Actor,Timm Vladimir,1,1,0
Actor,Michitaka Tsutsui,1,1,0
Actor,Jack Lowden,1,1,0
Actor,Pitchawat Petchayahon,1,1,0
Actor,Emma Dumont,1,0,1
Actor,Lena,1,1,0
Actor,James Gammon,1,1,0
Actor,Jane Bullock,1,0,1
Actor,Kett Thantup,1,1,0
Actor,Harrison Chad,1,1,0
Actor,Anna Pniowsky,1,1,0
Actor,Amir Talai,1,0,1
Actor,Emily Calandrelli,1,0,1
Actor,Sam Eidson,1,1,0
Actor,Celso Alves,1,1,0
Actor,Olek Krupa,1,1,0
Actor,Butch Slade,1,1,0
Actor,Emmanuel Kabongo,1,0,1
Actor,Gina Piersanti,1,1,0
Actor,Conleth Hill,1,1,0
Actor,Thomas Bair,1,1,0
Actor,Milind Shinde,1,1,0
Actor,Laura Kightlinger,1,1,0
Actor,Maria Merlino,1,0,1
Actor,Merna al-Mohandes,1,1,0
Actor,Michelle Lukes,1,1,0
Actor,Anne-Marie Johnson,1,1,0
Actor,Jonathan Watton,1,1,0
Actor,Shawne Merriman,1,1,0
Actor,Robert Vaughn,1,1,0
Actor,Li Dong Xue,1,1,0
Actor,Tashneem Lyngdoh,1,1,0
Actor,In-pyo Cha,1,1,0
Actor,Jeffrey Parazzo,1,0,1
Actor,Jordi Vilches,1,1,0
Actor,Ajit,1,1,0
Actor,William Mapother,1,1,0
Actor,Paprika Steen,1,1,0
Actor,Sammy Sheik,1,1,0
Actor,Rebecca Santhosh,1,1,0
Actor,Vincent Piazza,1,1,0
Actor,Kirill Cernyakov,1,1,0
Actor,Valeria Vera,1,1,0
Actor,Sophia La Porta,1,0,1
Actor,Arisa Shida,1,0,1
Actor,Matreya Fedor,1,0,1
Actor,Master Yuvraj,1,1,0
Actor,Mary Nonghuloo,1,1,0
Actor,Yoo Byung-jae,1,1,0
Actor,Adam Deacon,1,1,0
Actor,Pranav Ratheesh,1,1,0
Actor,Michael Alago,1,1,0
Actor,Alba Galocha,1,1,0
Actor,Allan Hyde,1,1,0
Actor,Eve Arden,1,1,0
Actor,Giulia Gorietti,1,1,0
Actor,Chinaradi Anupongphichart,1,1,0
Actor,Sukha Belle Potter,1,1,0
Actor,Mark Zak,1,1,0
Actor,Petelo Sealeu,1,1,0
Actor,W. Kamau Bell,1,1,0
Actor,Song Naigang,1,0,1
Actor,Mollie Milligan,1,1,0
Actor,Han-yong Jeong,1,0,1
Actor,Pirkko Hämäläinen,1,1,0
Actor,Veronica Cartwright,1,1,0
Actor,Natasha Jayetileke,1,0,1
Actor,David Proval,1,1,0
Actor,Divya Unny,1,1,0
Actor,Ian Buchanan,1,1,0
Actor,Bernie Casey,1,1,0
Actor,Dennis Bartok,1,1,0
Actor,Gareth David-Lloyd,1,1,0
Actor,John Keyser,1,1,0
Actor,Benjamin Israel,1,0,1
Actor,Nicholas Hutchison,1,1,0
Actor,Sally Ann Howes,1,1,0
Actor,Paul Iacono,1,1,0
Actor,Jon DeVries,1,1,0
Actor,Anisa Nyell Johnson,1,1,0
Actor,Frederick Schmidt,1,1,0
Actor,Pietro Ragusa,1,1,0
Actor,Alec Guinness,1,1,0
Actor,Jordi Martínez,1,0,1
Actor,Rebecca Romijn,1,0,1
Actor,Isabel Naveira,1,0,1
Actor,Wilfred Benaïche,1,0,1
Actor,Jolente De Keersmaeker,1,1,0
Actor,Babyjohn Choi,1,1,0
Actor,Ahmed Salah Hosny,1,1,0
Actor,Ji-an Kim,1,0,1
Actor,Sonya Jehan,1,1,0
Actor,Jennifer Carpenter,1,0,1
Actor,Mitchell Kummen,1,0,1
Actor,Ashleigh Morghan,1,1,0
Actor,Katarzyna Kwiatkowska,1,1,0
Actor,Raj Dhaliwal,1,1,0
Actor,Sigrid ten Napel,1,1,0
Actor,K.C. Collins,1,0,1
Actor,Justin Mark,1,1,0
Actor,Dani,1,1,0
Actor,Larry Gates,1,1,0
Actor,Jacky Kam,1,0,1
Actor,Slavoj Zizek,1,1,0
Actor,Ngaio Bealum,1,0,1
Actor,William Hope,1,1,0
Actor,Russ Tamblyn,1,0,1
Actor,David Kallaway,1,1,0
Actor,Larry Abraham,1,0,1
Actor,Laura Michelle Kelly,1,1,0
Actor,Joe Cobden,1,1,0
Actor,Karl Johnson,1,1,0
Actor,Jeremy Jackson,1,1,0
Actor,Denton Blane Everett,1,1,0
Actor,Carlos Maycotte,1,1,0
Actor,Alexia Rasmussen,1,1,0
Actor,Gisela Madrigal,1,1,0
Actor,Olivia Baglivi,1,1,0
Actor,Sharon Conley,1,0,1
Actor,Lyle Lettau,1,0,1
Actor,Nick Helm,1,0,1
Actor,Azura Skye,1,1,0
Actor,Randall Newsome,1,1,0
Actor,Adam Hicks,1,1,0
Actor,Tom O'Brien,1,1,0
Actor,Keith Poulson,1,1,0
Actor,Andrea Mandalis,1,1,0
Actor,Martín Urruty,1,1,0
Actor,Tetsuhiro Ikeda,1,0,1
Actor,Ewa Krzyżewska,1,1,0
Actor,Carrie Wong,1,0,1
Actor,Reeth Mazumder,1,1,0
Actor,Çetin Tekindor,1,1,0
Actor,Edward Kelsey,1,0,1
Actor,Cab Calloway,1,1,0
Actor,Amanda Foreman,1,1,0
Actor,Shepsut Wilson,1,1,0
Actor,Greg Proops,1,1,0
Actor,David Chokachi,1,1,0
Actor,Rishi Bhutani,1,1,0
Actor,Samuel Olasehinde,1,1,0
Actor,Ishita Haria,1,1,0
Actor,Ralph Richardson,1,1,0
Actor,Louise Lee,1,0,1
Actor,Chang Yao-jen,1,0,1
Actor,Matthew Willig,1,0,1
Actor,Erika Christensen,1,1,0
Actor,Miranda Tapsell,1,1,0
Actor,Pablo Valentín,1,1,0
Actor,Eun-mi Go,1,0,1
Actor,Niall Hayes,1,0,1
Actor,Somaya El Khashab,1,1,0
Actor,Andy Griffith,1,0,1
Actor,Andrea Runge,1,1,0
Actor,Sylvain Quimene,1,1,0
Actor,Sistar,1,1,0
Actor,Yoon Je Moon,1,1,0
Actor,Thomas Loibl,1,0,1
Actor,Celine Menville,1,1,0
Actor,Felix Williamson,1,1,0
Actor,S. Joshi,1,1,0
Actor,Steven R. McQueen,1,0,1
Actor,Alain Prost,1,1,0
Actor,Wendy Paulson,1,1,0
Actor,Christina Pickles,1,1,0
Actor,Litefoot,1,1,0
Actor,Llum Barrera,1,1,0
Actor,Hank Banks,1,1,0
Actor,Frank McRae,1,1,0
Actor,Pilar Gómez,1,1,0
Actor,Anjali Nair,1,1,0
Actor,Peter Archer,1,1,0
Actor,Polina Kutepova,1,0,1
Actor,Bree Turner,1,1,0
Actor,Dino Morea,1,1,0
Actor,Kazuya Masuda,1,0,1
Actor,Roger Stone,1,1,0
Actor,Tilman Pörzgen,1,1,0
Actor,Ashok Pathak,1,1,0
Actor,Úrsula Pruneda,1,1,0
Actor,Westny Dj,1,1,0
Actor,Magdy Ashour,1,1,0
Actor,Yu Mingjia,1,0,1
Actor,Tareq Abdalla,1,1,0
Actor,Richard Lippert,1,1,0
Actor,Amanda Nara,1,1,0
Actor,Óscar Ladoire,1,1,0
Actor,Elisa Zulueta,1,0,1
Actor,Steinunn Ólína Þorsteinsdóttir,1,0,1
Actor,Shinya Tsukamoto,1,0,1
Actor,Lelia Goldoni,1,1,0
Actor,Rica Matsumoto,1,0,1
Actor,Jossara Jinaro,1,1,0
Actor,Ryan Walter,1,1,0
Actor,Guy Torry,1,1,0
Actor,Tiffany Zhou,1,0,1
Actor,Gim Chae-eun,1,0,1
Actor,Deepak Rai Panaje,1,1,0
Actor,Bouli Lanners,1,1,0
Actor,Ross Philips,1,0,1
Actor,Sara Coates,1,1,0
Actor,Raghu Ram,1,1,0
Actor,María Elena Olivares,1,1,0
Actor,Gurpreet Grewal,1,1,0
Actor,Brian Cummings,1,1,0
Actor,Jennifer Elise Cox,1,1,0
Actor,Yutaka Takeuchi,1,1,0
Actor,Şafak Başkaya,1,0,1
Actor,Yong-woo Lee,1,0,1
Actor,Mohamed Metwalli,1,1,0
Actor,Drew Sidora,1,1,0
Actor,Florence Bellamy,1,1,0
Actor,Iñaki Mur,1,0,1
Actor,Antonio Medellin,1,0,1
Actor,Charlotte Salt,1,1,0
Actor,Carrie Wiita,1,1,0
Actor,Rakesh Roshan,1,1,0
Actor,Sidné Anderson,1,1,0
Actor,Hazen MacIntyre,1,0,1
Actor,Daisy Anderson,1,1,0
Actor,Selina Lo,1,1,0
Actor,Anna Wintour,1,1,0
Actor,Michael Wozniak,1,0,1
Actor,Asia Argento,1,1,0
Actor,Blaire Brooks,1,1,0
Actor,Alejandro Pous,1,1,0
Actor,Mike E. Winfield,1,1,0
Actor,Jean-Michel Correia,1,0,1
Actor,Rebecca Koon,1,1,0
Actor,Imke Buchel,1,1,0
Actor,Abdul Qadir,1,1,0
Actor,Tommy Redmond Hicks,1,1,0
Actor,Lawrence Stubbings,1,1,0
Actor,Simon Woods,1,1,0
Actor,Victòria Pagès,1,0,1
Actor,Jason Smith,1,0,1
Actor,Gabrielle Bourne,1,1,0
Actor,Carrie Underwood,1,1,0
Actor,Paul Langlois,1,1,0
Actor,Rebekah Asselstine,1,1,0
Actor,Natalie Coughlin,1,1,0
Actor,Ionut Grama,1,1,0
Actor,Roberto Gómez Bolaños,1,0,1
Actor,Mike C. Nelson,1,1,0
Actor,Michaël Youn,1,1,0
Actor,Surendra Pal,1,1,0
Actor,Al Whiting,1,1,0
Actor,Ariel Kavoussi,1,1,0
Actor,Ki-hyeon Kim,1,0,1
Actor,Houria Farghally,1,1,0
Actor,Shubham Chintamani,1,1,0
Actor,Charley Palmer Rothwell,1,1,0
Actor,Brian Firkus,1,1,0
Actor,Lobo Sebastian,1,1,0
Actor,Marina Salas,1,0,1
Actor,Anne Francis,1,1,0
Actor,Paulo Vilhena,1,1,0
Actor,Rance Howard,1,1,0
Actor,Aditya Raj Sharma,1,1,0
Actor,Tuğba Sarıünal,1,1,0
Actor,Bii,1,0,1
Actor,Toki Pilioko,1,1,0
Actor,Sophie Turner,1,1,0
Actor,Sedat Erdiş,1,0,1
Actor,Marcus Griffiths,1,1,0
Actor,Isabel Brook,1,1,0
Actor,Anna Lise Phillips,1,1,0
Actor,Nishat Mallick,1,1,0
Actor,Bede Skinner,1,0,1
Actor,Tiffany Shepis,1,1,0
Actor,Charlotte Atkinson,1,1,0
Actor,Wang Qiuzi,1,0,1
Actor,Luvvie Ajayi,1,1,0
Actor,Prabhjyot Singh,1,1,0
Actor,Johan Cruyff,1,1,0
Actor,Shane Harte,1,0,1
Actor,Young-hee Na,1,1,0
Actor,Donovan Scott,1,1,0
Actor,Akon,1,1,0
Actor,Ivan Sherry,1,0,1
Actor,Alan Lee,1,0,1
Actor,Jessie Jordan,1,1,0
Actor,Kirron Kher,1,1,0
Actor,Gay Talese,1,1,0
Actor,Sachit Patil,1,1,0
Actor,Gloria Reuben,1,1,0
Actor,Alessio Gallo,1,0,1
Actor,Jay Ryan,1,0,1
Actor,Thanapatpisal Sananthachat,1,0,1
Actor,Matthew Espinosa,1,1,0
Actor,Chen Yumi,1,0,1
Actor,Sudhir Nema,1,1,0
Actor,Neenasam Ashwath,1,1,0
Actor,Hema,1,1,0
Actor,Tommy Avallone,1,1,0
Actor,Thomas Nawilis,1,1,0
Actor,Phillip Glasser,1,1,0
Actor,Chitrashi Rawat,1,1,0
Actor,Angus T. Jones,1,1,0
Actor,Alicia James,1,1,0
Actor,Chandini Sreedharan,1,1,0
Actor,Wandy She,1,0,1
Actor,Cliff Chamberlain,1,1,0
Actor,Lisa Loven Kongsli,1,1,0
Actor,Lisa Wu,1,1,0
Actor,Jason Grasl,1,1,0
Actor,Ha-na Jung,1,0,1
Actor,Olivia Merilahti,1,1,0
Actor,Rosanna DeSoto,1,1,0
Actor,Jeffrey Hollender,1,1,0
Actor,Kavin Jay,1,1,0
Actor,Manpreet Singh,1,1,0
Actor,Satya Prakash,1,1,0
Actor,Elisa Schnebelie,1,0,1
Actor,K'ang-i Lee,1,0,1
Actor,Donna Haley,1,1,0
Actor,John Di Benedetto,1,1,0
Actor,Madhurima Banerjee,1,1,0
Actor,Max Julien,1,1,0
Actor,Attaporn Teemakorn,1,0,1
Actor,Josey Montana McCoy,1,1,0
Actor,Kris Murphy,1,0,1
Actor,Joe David Walters,1,1,0
Actor,Magnús Jónsson,1,0,1
Actor,Jesse Burch,1,1,0
Actor,Damian Kell,1,1,0
Actor,Steven Strait,1,1,0
Actor,Gary Estrada,1,0,1
Actor,Ramanathan,1,1,0
Actor,Drew Davis,1,0,1
Actor,Alex Frnka,1,1,0
Actor,Yeong-jin Jo,1,1,0
Actor,Ayesha,1,1,0
Actor,Richard Johnson,1,1,0
Actor,Lance Gross,1,1,0
Actor,Keith Scott,1,1,0
Actor,Krishna Shrikanth Iyengar,1,1,0
Actor,Paulo Vieira,1,1,0
Actor,T.D. Jakes,1,1,0
Actor,Jorge Cao,1,0,1
Actor,David Fukamachi Regnfors,1,0,1
Actor,Natalie Lander,1,0,1
Actor,Lisa Arrindell Anderson,1,1,0
Actor,Jacquie Barnbrook,1,1,0
Actor,Martavious Gayles,1,1,0
Actor,Antoine Bizet,1,1,0
Actor,Gordon Tootoosis,1,1,0
Actor,Ho-Jin Kim,1,0,1
Actor,Szu Shih,1,1,0
Actor,Vijay Bhatia,1,1,0
Actor,Kevin McAlinden,1,1,0
Actor,Sage Stallone,1,1,0
Actor,Don Leslie,1,0,1
Actor,Aydan Taş,1,1,0
Actor,Robert Catrini,1,1,0
Actor,Mickey Anthony,1,1,0
Actor,Lindsay Frost,1,1,0
Actor,Mahesh Jadu,1,0,1
Actor,Rila Fukushima,1,0,1
Actor,Miki Sumiyoshi,1,0,1
Actor,Chloé Lambert,1,0,1
Actor,Alma Jodorowsky,1,1,0
Actor,Jodi Carol Harrison,1,1,0
Actor,Gordon Buchanan,1,0,1
Actor,Zhou Mi,1,0,1
Actor,Salim,1,1,0
Actor,Rady Gamal,1,1,0
Actor,Virast Sandhu,1,1,0
Actor,Victoria Vida,1,0,1
Actor,Achita Sikamana,1,1,0
Actor,Timmy Reyes,1,1,0
Actor,Tuck Boriboon,1,0,1
Actor,Leemore Marrett Jr.,1,1,0
Actor,Clint Jung,1,1,0
Actor,James Acaster,1,0,1
Actor,Hye-eun Kim,1,0,1
Actor,Mick Garris,1,1,0
Actor,Ha-neul Kang,1,1,0
Actor,Yoka Berretty,1,1,0
Actor,Andy Burrows,1,1,0
Actor,Hélène Devos,1,1,0
Actor,Kenneth Tigar,1,1,0
Actor,Nigel Akkara,1,1,0
Actor,Raúl Briones,1,0,1
Actor,Ruairí O'Connor,1,1,0
Actor,Damien Molony,1,0,1
Actor,Benjamin O'Mahony,1,1,0
Actor,Mark Wu,1,1,0
Actor,Ludo Lefebvre,1,0,1
Actor,Rosin Jolly,1,1,0
Actor,Oliver Dennis,1,1,0
Actor,Roji Oyama,1,1,0
Actor,Indra Birowo,1,1,0
Actor,Syazwan Zulkifli,1,0,1
Actor,Magnus Nilsson,1,0,1
Actor,Nayampally,1,1,0
Actor,Stephan James,1,1,0
Actor,Wang Zixuan,1,0,1
Actor,Wanny Mustahfah,1,0,1
Actor,Whitney Able,1,1,0
Actor,Ko Soo,1,1,0
Actor,Rebekah Graf,1,1,0
Actor,Joe Whyte,1,1,0
Actor,Maite Zumelzú,1,1,0
Actor,Spencer Grammer,1,1,0
Actor,Prasad Reddy,1,0,1
Actor,Skei Saulnier,1,1,0
Actor,Sibabalwe Ngqayana,1,1,0
Actor,Ahmed Gamal Saeed,1,1,0
Actor,Anuskha Sharma,1,1,0
Actor,Tanya Liyah,1,0,1
Actor,Leela Naidu,1,1,0
Actor,Marco Di Tieri,1,0,1
Actor,Elliot Gleave,1,1,0
Actor,Zoltán Schneider,1,1,0
Actor,Julian Bleach,1,1,0
Actor,Yuen Biao,1,1,0
Actor,Natasha Bassett,1,1,0
Actor,Sam Campbell,1,1,0
Actor,Akash Gopal,1,1,0
Actor,Brian Neal Clark,1,1,0
Actor,Udhay,1,1,0
Actor,Paul Tylak,1,1,0
Actor,J.R. Lemon,1,0,1
Actor,Lauren Gilbert,1,1,0
Actor,Benjamin Pascal,1,0,1
Actor,Lina Keller,1,1,0
Actor,Stephen Collins,1,1,0
Actor,Marcelo Tubert,1,1,0
Actor,Chin Siu Ho,1,1,0
Actor,Osama Abdullah,1,1,0
Actor,Eric Peter-Kaiser,1,1,0
Actor,Leo Hatton,1,1,0
Actor,Ria Vandervis,1,0,1
Actor,Bryan Parry,1,1,0
Actor,Pat Laffan,1,1,0
Actor,Xian Gao,1,1,0
Actor,Dina,1,1,0
Actor,Mai Ezzidine,1,1,0
Actor,Guillaume Gallienne,1,1,0
Actor,Lyla Lin,1,0,1
Actor,Renée Marino,1,1,0
Actor,João Assunção,1,1,0
Actor,Abby Ryder Fortson,1,1,0
Actor,David de Lautour,1,0,1
Actor,Dan Ziskie,1,1,0
Actor,Giles Yeo,1,1,0
Actor,Ashraf Zaki,1,1,0
Actor,Vaibhav Talwar,1,1,0
Actor,Ana López Mercado,1,1,0
Actor,Tate Taylor,1,1,0
Actor,Sekoati Sk Tsubane,1,1,0
Actor,Ryan McDonald,1,1,0
Actor,Issac Ryan Brown,1,1,0
Actor,Johan van Assche,1,0,1
Actor,Tomiwa Edun,1,1,0
Actor,Igor Zhizhikin,1,0,1
Actor,Matthew J. Evans,1,1,0
Actor,Héctor Anglada,1,1,0
Actor,Andrea Tariang,1,1,0
Actor,New Michael Ingemi,1,1,0
Actor,Flemming Enevold,1,1,0
Actor,Viv Leacock,1,0,1
Actor,Bruce McKinnon,1,0,1
Actor,John Wright Jr.,1,1,0
Actor,Mustafa Avkıran,1,0,1
Actor,Cheol-min Park,1,1,0
Actor,Nancy Kwan,1,1,0
Actor,Constanza Camelo,1,0,1
Actor,Sissi Duparc,1,1,0
Actor,Luciana Fuks,1,1,0
Actor,Lalo Brito,1,1,0
Actor,Donald Rumsfeld,1,1,0
Actor,Mike Kiss,1,0,1
Actor,Juan Diego Sánchez,1,0,1
Actor,Ryan O'Neal,1,1,0
Actor,Maria Jose Vargas,1,0,1
Actor,Carmine Battaglia,1,0,1
Actor,Juliette Pardau,1,0,1
Actor,Belinda McClory,1,1,0
Actor,Sherif Boray,1,1,0
Actor,Hakan Hatipoğlu,1,0,1
Actor,Juanjo Artero,1,0,1
Actor,Kelly Paoli,1,1,0
Actor,August Wittgenstein,1,1,0
Actor,Ashutosh Kaushik,1,1,0
Actor,John Le Mesurier,1,0,1
Actor,Tian Xiaojie,1,1,0
Actor,Emiliano Pernia,1,1,0
Actor,Sura Theerakon,1,1,0
Actor,Jing-Jing Yung,1,1,0
Actor,Madhukar Niyogi,1,1,0
Actor,Mara Cuevas,1,0,1
Actor,Rob Fuller,1,1,0
Actor,Tak Yuen,1,1,0
Actor,Shivalati Bokil,1,1,0
Actor,Priscila Bellora,1,1,0
Actor,Helena Schönfelder,1,1,0
Actor,Jesuíta Barbosa,1,1,0
Actor,Lawrence Joffe,1,1,0
Actor,Achyut Potdar,1,1,0
Actor,Joel Bosqued,1,1,0
Actor,Brytnee Ratledge,1,1,0
Actor,Isaac Hayes,1,1,0
Actor,Michael Mantenuto,1,1,0
Actor,Josh Bryceland,1,1,0
Actor,Paco Sagarzazu,1,1,0
Actor,Bongile Mantsai,1,1,0
Actor,Bajrangbali Singh,1,1,0
Actor,Sheila Gish,1,1,0
Actor,Cassidy Freeman,1,0,1
Actor,Jonny Sweet,1,0,1
Actor,Bill Moyers,1,1,0
Actor,Anna Popplewell,1,0,1
Actor,Nanase Iwai,1,1,0
Actor,María Fernanda García,1,0,1
Actor,Astrid Hadad,1,1,0
Actor,Yuko Araki,1,0,1
Actor,Marie-Julie Baup,1,0,1
Actor,Blake Shelton,1,1,0
Actor,Andrew Fiscella,1,1,0
Actor,Nathan Phillips,1,1,0
Actor,Ben Bledsoe,1,1,0
Actor,Yuta Koseki,1,0,1
Actor,Surbhi Jyoti,1,0,1
Actor,Lennie Crawford,1,1,0
Actor,Soo-jin Kyung,1,0,1
Actor,Remo Greene,1,1,0
Actor,David Elms,1,0,1
Actor,Richard Pryor,1,1,0
Actor,Rizka Dwi Septiana,1,1,0
Actor,David La Haye,1,1,0
Actor,Inge Paulussen,1,0,1
Actor,Rae-won Kim,1,1,0
Actor,Ann Druyan,1,1,0
Actor,Jonathan Baker,1,1,0
Actor,Marta Pérez,1,1,0
Actor,Flynn Allen,1,1,0
Actor,Sophie Traub,1,1,0
Actor,William Bornkessel,1,1,0
Actor,Suhani Bhatnagar,1,1,0
Actor,Shamim Basharat,1,1,0
Actor,Javier Hernández,1,0,1
Actor,Mita Vasisht,1,1,0
Actor,Alessandra Denegri,1,1,0
Actor,Joeley Gibson,1,1,0
Actor,Jian Man-shu,1,0,1
Actor,Charles McDowell,1,0,1
Actor,Tom Brogan,1,0,1
Actor,Mayumi Yamaguchi,1,0,1
Actor,Rick Dees,1,1,0
Actor,Asri Bendacha,1,1,0
Actor,Rick Fox,1,1,0
Actor,Colin Branca,1,1,0
Actor,Vera Cherny,1,1,0
Actor,Sanjay Chauhan,1,1,0
Actor,Martín Adjemián,1,1,0
Actor,Ridder van Kooten,1,1,0
Actor,Sara Ali,1,0,1
Actor,Salma Saied,1,1,0
Actor,Emilia Noguera,1,0,1
Actor,Sian Reese-Williams,1,0,1
Actor,Deepak Sampat,1,1,0
Actor,Dion Mucciacito,1,1,0
Actor,Allegra Masters,1,1,0
Actor,Alfredo Rollo,1,1,0
Actor,Joy Kate Lawson,1,1,0
Actor,Charlotte Fich,1,1,0
Actor,Hoi Sang Lee,1,1,0
Actor,V.M. Badola,1,1,0
Actor,Marika Casteel,1,1,0
Actor,Anantharam Karthik,1,1,0
Actor,Jamorn Kijsawapak,1,0,1
Actor,Metin Keçeci,1,1,0
Actor,Vajdaan Shah,1,1,0
Actor,Freya Adams,1,1,0
Actor,David Shackelford,1,1,0
Actor,Suzan Crowley,1,1,0
Actor,Melissa Fitzgerald,1,0,1
Actor,Rahul Bairagi,1,1,0
Actor,Indhumathi,1,1,0
Actor,Caitlin Murphy,1,0,1
Actor,Jonathan Katz,1,1,0
Actor,Rolan Bykov,1,1,0
Actor,Tim Kalpakis,1,1,0
Actor,Viviana Coles,1,0,1
Actor,David Richmond-Peck,1,1,0
Actor,Stephen Singer,1,1,0
Actor,Jiro Ono,1,1,0
Actor,Reinhilde Decleir,1,0,1
Actor,Sebastian Eslava,1,0,1
Actor,Garrett Wang,1,0,1
Actor,Mingjie Luo,1,1,0
Actor,Lambert Hamel,1,1,0
Actor,William Lacey,1,1,0
Actor,Olivier Bonnaud,1,1,0
Actor,Kevin McNally,1,0,1
Actor,Meesha Shafi,1,1,0
Actor,J.D. Evermore,1,0,1
Actor,Deepak Dutta,1,0,1
Actor,David Baddiel,1,0,1
Actor,Mae Elliessa,1,0,1
Actor,Grant Korgan,1,1,0
Actor,Constanza Piccoli,1,1,0
Actor,Manava Naik,1,1,0
Actor,Tori Anderson,1,0,1
Actor,Anna Chipovskaya,1,0,1
Actor,Mike Ghader,1,1,0
Actor,Cesar Gonzalez,1,1,0
Actor,Aleksa Palladino,1,0,1
Actor,Ejay Falcon,1,1,0
Actor,Perry Fitzpatrick,1,1,0
Actor,Juan Pablo Geretto,1,0,1
Actor,Camilla Luddington,1,1,0
Actor,Alex Mallari Jr.,1,0,1
Actor,Alex D. Linz,1,1,0
Actor,Hank Rogerson,1,1,0
Actor,Chae-yeong Lee,1,1,0
Actor,Richard Speight Jr.,1,0,1
Actor,Estelle Harris,1,1,0
Actor,Kay Greidanus,1,1,0
Actor,Aleza Shadan,1,0,1
Actor,Jaspinder Cheema,1,1,0
Actor,Puteri Balqis,1,0,1
Actor,Steve Park,1,1,0
Actor,Gonzalo Garcia Vivanco,1,1,0
Actor,Cameron Moulene,1,1,0
Actor,Joe Seneca,1,1,0
Actor,Jakob Bieber,1,1,0
Actor,Sander Thomas,1,1,0
Actor,Connor Liang,1,0,1
Actor,Jamie Beamish,1,1,0
Actor,Rajbir Kaur,1,1,0
Actor,Suparna Krishna,1,1,0
Actor,Ian Fried,1,1,0
Actor,Patricio Sebastián,1,0,1
Actor,Christopher Meyer,1,1,0
Actor,Letícia Sabatella,1,1,0
Actor,Robert Mammone,1,1,0
Actor,Kevin Heffernan,1,1,0
Actor,Mona Walravens,1,1,0
Actor,Ines De Tavira,1,1,0
Actor,Lucie Aron,1,1,0
Actor,Seung-do Baek,1,0,1
Actor,Charles Robinson,1,1,0
Actor,Emmett Kelly,1,1,0
Actor,Michael Ware,1,1,0
Actor,Derek Klena,1,1,0
Actor,Issac Dang,1,0,1
Actor,Denyce Lawton,1,1,0
Actor,Sahil Uppal,1,0,1
Actor,Rodrigo Mendoza,1,1,0
Actor,Kevin Cecil,1,1,0
Actor,Lindsay Crouse,1,1,0
Actor,Bumper Robinson,1,1,0
Actor,Paula Donner,1,1,0
Actor,Muraina Oyelami,1,1,0
Actor,Fumiyo Kohinata,1,1,0
Actor,Rochelle Davis,1,1,0
Actor,Eddy Ko,1,1,0
Actor,Issam Talbi,1,1,0
Actor,Nina Iskandar,1,0,1
Actor,Julien Kang,1,0,1
Actor,Ashok Samarth,1,1,0
Actor,Jiro Sato,1,0,1
Actor,Rubén Aguirre Fuentes,1,0,1
Actor,Kaya Blocksage,1,1,0
Actor,Lucy Akhurst,1,0,1
Actor,Ann Marie Crouch,1,0,1
Actor,John Jackson Hunter,1,1,0
Actor,Swantje Kohlhof,1,1,0
Actor,Sam Phillips,1,1,0
Actor,Venantino Venantini,1,1,0
Actor,Mao Daichi,1,0,1
Actor,Maeve O'Meara,1,0,1
Actor,Jin-sung Yang,1,0,1
Actor,Tamara Kiper,1,1,0
Actor,Shiori Enatsu,1,0,1
Actor,David Sampliner,1,1,0
Actor,Richard Marcus,1,1,0
Actor,Tim Herlihy,1,1,0
Actor,Berk Hakman,1,0,1
Actor,Sonya Walger,1,1,0
Actor,Swagata Basu,1,1,0
Actor,Eman El-Assy,1,1,0
Actor,Yoon-hee Lee,1,0,1
Actor,Michael Pollan,1,0,1
Actor,Nicolas Bro,1,1,0
Actor,Les Miles,1,1,0
Actor,Johnathan Tchaikovsky,1,1,0
Actor,Abi Brittle,1,0,1
Actor,Manju Maini,1,1,0
Actor,Julia Jedlikowska,1,1,0
Actor,Asin,1,1,0
Actor,Marcelo D'Andrea,1,1,0
Actor,Kelen Coleman,1,1,0
Actor,Jason Davis,1,1,0
Actor,Guru Singh,1,1,0
Actor,Mine Şenhuy Teber,1,1,0
Actor,Foed Amara,1,1,0
Actor,Özlem Tekin,1,1,0
Actor,Arabella Field,1,1,0
Actor,Tony McCoy,1,1,0
Actor,Suhas Sirsat,1,1,0
Actor,Patharamanop Isariy,1,0,1
Actor,Sumit Chakravarti,1,1,0
Actor,Danny Dyer,1,0,1
Actor,Angela Bartys,1,1,0
Actor,J.W. Terry,1,0,1
Actor,Bruce A. Young,1,1,0
Actor,Lindsay Farris,1,0,1
Actor,Pari Telang,1,1,0
Actor,Pooja Tandon,1,1,0
Actor,Chung Wang,1,1,0
Actor,Whitney Rose Pynn,1,0,1
Actor,Nicolas Roye,1,0,1
Actor,Kylie Belling,1,1,0
Actor,Mark Ferguson,1,0,1
Actor,Got7,1,1,0
Actor,Franck Dubosc,1,1,0
Actor,Melanie Liburd,1,0,1
Actor,Don Hany,1,1,0
Actor,Sarah Smith,1,1,0
Actor,Zachary Garred,1,1,0
Actor,Bosy,1,1,0
Actor,Sandy Barnett,1,1,0
Actor,Sangpotirat Perawat,1,0,1
Actor,Miriama Smith,1,0,1
Actor,Abigail Pniowsky,1,1,0
Actor,Martha Howe-Douglas,1,0,1
Actor,Manoj Biddvai,1,1,0
Actor,Wayne Federman,1,1,0
Actor,Rita Batata,1,1,0
Actor,Azhan Rani,1,0,1
Actor,Wen-lin Fang,1,0,1
Actor,Anirudh Agarwal,1,1,0
Actor,Sachiin Joshi,1,1,0
Actor,Duan Yihong,1,0,1
Actor,Michael Andreae,1,0,1
Actor,Tony Alatis,1,1,0
Actor,Masha Paur,1,1,0
Actor,Yara Pilartz,1,0,1
Actor,Mahesh Gupta,1,1,0
Actor,Rich Fulcher,1,1,0
Actor,Moira Sinise,1,1,0
Actor,George Memmoli,1,1,0
Actor,Youssef Berouain,1,1,0
Actor,Lushin Dubey,1,1,0
Actor,Princesa Yamal,1,1,0
Actor,Mijail Mulkay,1,0,1
Actor,Milvia Marigliano,1,1,0
Actor,Dylan Mooney,1,1,0
Actor,Lo Fan,1,1,0
Actor,Mayar El Gheity,1,1,0
Actor,Chris Beetem,1,1,0
Actor,Sean Sprawling,1,1,0
Actor,Bridget Armstrong,1,1,0
Actor,Ari Sihasale,1,1,0
Actor,So-yi Yoon,1,0,1
Actor,Ha-seong Park,1,0,1
Actor,Abigail Jain,1,0,1
Actor,Hannes Wegener,1,1,0
Actor,Ole Johan Skjelbred-Knutsen,1,1,0
Actor,Luis Luque,1,1,0
Actor,Wang Simin,1,1,0
Actor,Jen Tullock,1,1,0
Actor,Emrah Erdogru,1,1,0
Actor,Sung-hyun Baek,1,0,1
Actor,Bendor Grosvenor,1,0,1
Actor,Noah Jupe,1,1,0
Actor,this documentary follows the plight of 18 Beluga whales kept in captivity for years.,1,1,0
Actor,Nikhil Bhagat,1,1,0
Actor,Rivka Michaeli,1,1,0
Actor,Jordu Schell,1,1,0
Actor,Serdar Özer,1,0,1
Actor,Ahsan Khan,1,1,0
Actor,Jojo Struys,1,0,1
Actor,Elizabeth Cappuccino,1,1,0
Actor,Vannapoom Songsuparp,1,1,0
Actor,Dira Abu Zahar,1,1,0
Actor,Meryl Leigh,1,1,0
Actor,Quentin Tarantino,1,1,0
Actor,George McGavin,1,0,1
Actor,Suchendra Prasad,1,1,0
Actor,Matthew Fox,1,1,0
Actor,Patrika Darbo,1,1,0
Actor,Steven Richens,1,1,0
Actor,James Beck,1,0,1
Actor,Yasuo Yamada,1,1,0
Actor,Nilay Gök,1,1,0
Actor,Chung Ping Geung,1,1,0
Actor,Cindy Crawford,1,1,0
Actor,Daniela Bobadilla,1,1,0
Actor,Barun Sobti,1,1,0
Actor,Krishan Dhawan,1,1,0
Actor,Pimpakan Bangchawong,1,1,0
Actor,Derek Graf,1,1,0
Actor,Lukas Nelson,1,1,0
Actor,Marie Fontannaz,1,0,1
Actor,Martha Irving,1,0,1
Actor,Sung Jun,1,0,1
Actor,Henry O,1,1,0
Actor,Richard Donat,1,0,1
Actor,Usha,1,1,0
Actor,Vivian Smallwood,1,0,1
Actor,Apisit Opasaimlikit,1,1,0
Actor,Tine Stapelfeldt,1,1,0
Actor,Mathilde Thomine Storm,1,1,0
Actor,Harry Goaz,1,0,1
Actor,Beverly Hills,1,1,0
Actor,Massimo Popolizio,1,1,0
Actor,Cathy Downes,1,1,0
Actor,Erik Per Sullivan,1,1,0
Actor,Katriina Isberg,1,1,0
Actor,Katrina Grey,1,1,0
Actor,Aida Elkashef,1,1,0
Actor,Nanna Øland Fabricius,1,1,0
Actor,Himanshu Soni,1,0,1
Actor,Keisuke Koide,1,1,0
Actor,Tomo Yanagishita,1,0,1
Actor,Sam McMurray,1,1,0
Actor,Peter Maloney,1,1,0
Actor,Simon Phillips,1,1,0
Actor,Camille Mana,1,1,0
Actor,Ryan Robbins,1,1,0
Actor,Gia Carides,1,1,0
Actor,Tien Pham,1,1,0
Actor,Allison Miller,1,1,0
Actor,Channon Roe,1,1,0
Actor,Kati Outinen,1,1,0
Actor,Tanushree Kaushal,1,0,1
Actor,Sofie Gråbøl,1,0,1
Actor,Daniela Duspara,1,1,0
Actor,Marc Worden,1,1,0
Actor,Wei Qing,1,0,1
Actor,Mike Dopud,1,1,0
Actor,Dane Martinez,1,1,0
Actor,Natasha Rothwell,1,0,1
Actor,Araba Walton,1,1,0
Actor,Dante Scott,1,0,1
Actor,Kachormsak Naruepatr,1,1,0
Actor,Deirdre O'Connell,1,1,0
Actor,Navin Prabhakar,1,1,0
Actor,Silvio Pollio,1,1,0
Actor,Bruno Gunn,1,1,0
Actor,Lucy Ayoub,1,0,1
Actor,Nataliya Medvedeva,1,0,1
Actor,Jim True-Frost,1,0,1
Actor,Yayaying Rhatha Phongam,1,1,0
Actor,Jay Simon,1,1,0
Actor,Margie McCrae,1,1,0
Actor,Martina Stetson,1,0,1
Actor,Soo-jeong Ye,1,0,1
Actor,Andrew Gorman,1,1,0
Actor,"Austin ""Chumlee"" Russell",1,0,1
Actor,Stafford Douglas,1,1,0
Actor,Ilker Aksum,1,0,1
Actor,Muhammad Mubarik Ali,1,0,1
Actor,Michael Moriarty,1,1,0
Actor,Sa-hee Kim,1,0,1
Actor,Justin Bieber,1,1,0
Actor,Cate Fowler,1,1,0
Actor,Giorgi Khurtsilava,1,1,0
Actor,Arun Nalawade,1,1,0
Actor,Prasanth,1,1,0
Actor,Jack Hanke,1,1,0
Actor,Billie Whitelaw,1,1,0
Actor,Bob Clendenin,1,1,0
Actor,Derek Kane,1,1,0
Actor,Sudhir Mishra,1,1,0
Actor,Young-deuk Kwon,1,0,1
Actor,Saygin Asan,1,0,1
Actor,Mark Benington,1,1,0
Actor,Carol Hoyt,1,0,1
Actor,Mackenzie Imsand,1,1,0
Actor,Selman Ünlüsoy,1,1,0
Actor,Suranne Jones,1,0,1
Actor,San Nam Hung,1,1,0
Actor,Gabrielle Hamilton,1,0,1
Actor,Ryuta Sato,1,1,0
Actor,Eadie del Rubio,1,1,0
Actor,Elizabeth Smith,1,1,0
Actor,Kevin Ritchie,1,0,1
Actor,Bill Corbett,1,0,1
Actor,Tinna Harahap,1,1,0
Actor,Elliot Levey,1,0,1
Actor,Wanda Stanisławska-Lothe,1,1,0
Actor,Carlos Enrique Almirante,1,0,1
Actor,Lanette Ware,1,1,0
Actor,Daniel Moncada,1,1,0
Actor,Ahna Capri,1,1,0
Actor,Jason Maybaum,1,1,0
Actor,Matt Angel,1,1,0
Actor,Víctor Quezada,1,0,1
Actor,Zsuzsa Jaro,1,1,0
Actor,Arash Buana,1,1,0
Actor,Sabrina Klüber,1,1,0
Actor,Antonio Fargas,1,1,0
Actor,Ruhi Khan,1,0,1
Actor,Danielle Lauder,1,1,0
Actor,Fabiana Cantilo,1,1,0
Actor,Asmaa Lazrak,1,1,0
Actor,Yong Jang,1,0,1
Actor,Nikki Cox,1,1,0
Actor,Sheng Guansen,1,1,0
Actor,Manuj Sharma,1,1,0
Actor,Ayo Akinwale,1,1,0
Actor,Jasmin Brown,1,1,0
Actor,Orlando Carrillo,1,1,0
Actor,Moushumi Chatterjee,1,1,0
Actor,Quinn Liebling,1,0,1
Actor,Glenne Headly,1,1,0
Actor,Mathew St. Patrick,1,1,0
Actor,Warren Brown,1,0,1
Actor,Sergio Mayer,1,0,1
Actor,Tarra Riggs,1,1,0
Actor,Maximilian Meyer-Bretschneider,1,0,1
Actor,Bharat Kapoor,1,1,0
Actor,Scott Glaves,1,0,1
Actor,Grégoire Oestermann,1,1,0
Actor,Claudia Ohana,1,1,0
Actor,Sandra Sade,1,1,0
Actor,Peter Baynham,1,1,0
Actor,Rajia Baroudi,1,0,1
Actor,Joanne Boland,1,1,0
Actor,Kimelia Weathers,1,1,0
Actor,Vernon Vaughn,1,1,0
Actor,Mohamed Qishta,1,1,0
Actor,Sisca Jessica,1,1,0
Actor,Raghavendra Kadkol,1,1,0
Actor,Čestmír Řanda,1,1,0
Actor,Raymond Nicholson,1,1,0
Actor,Didier Brice,1,1,0
Actor,Mathias Wyss,1,1,0
Actor,Sethu Lakshmi,1,1,0
Actor,Harrison Holzer,1,1,0
Actor,Satarupa Das,1,1,0
Actor,Manami Sugihira,1,0,1
Actor,Sura Sankum,1,1,0
Actor,Ethan Tavares,1,1,0
Actor,Dag Malmberg,1,0,1
Actor,June Brown,1,1,0
Actor,Denis Moschitto,1,1,0
Actor,Maïwenn Le Besco,1,1,0
Actor,Alex Datcher,1,1,0
Actor,Michael Aaron Milligan,1,1,0
Actor,Grant McFarland,1,0,1
Actor,Jerzy Dobrowolski,1,1,0
Actor,Ramón Gómez Valdez de Castillo,1,0,1
Actor,Faiez Affandi,1,0,1
Actor,Matsuya Onoe,1,0,1
Actor,Delphine Baril,1,1,0
Actor,John Allen Nelson,1,1,0
Actor,Sayed Gul,1,1,0
Actor,James Marsters,1,1,0
Actor,Saidah Jules,1,1,0
Actor,Denisse Ojeda,1,1,0
Actor,Go Choi,1,1,0
Actor,Tommaso Buscetta,1,1,0
Actor,Lloyd Owen,1,1,0
Actor,Maryam Zakaria,1,1,0
Actor,Elizabeth Franz,1,1,0
Actor,Melina Vidler,1,1,0
Actor,Anthony Logerfo,1,1,0
Actor,Denise Dowse,1,1,0
Actor,Reece Pockney,1,0,1
Actor,Terrence 'T.C.' Carson,1,1,0
Actor,Corri English,1,1,0
Actor,Mohamed Akhzam,1,1,0
Actor,Sílvia Bel,1,1,0
Actor,Zhongyu Han,1,1,0
Actor,Réka Tenki,1,1,0
Actor,Cush Jumbo,1,1,0
Actor,Pua Magasiva,1,0,1
Actor,Dulce Guerrero,1,1,0
Actor,Cee Hathaiphat,1,0,1
Actor,Gurdip Kohli,1,1,0
Actor,Yağmur Tanrısevsin,1,0,1
Actor,Declan Joyce,1,1,0
Actor,Joong-hoon Park,1,0,1
Actor,Anand Balraj,1,1,0
Actor,Scorcher,1,1,0
Actor,Samer Ismail,1,1,0
Actor,Patrick Fugit,1,1,0
Actor,Mahmud Alibashah,1,0,1
Actor,Maddie McCormick,1,1,0
Actor,Madeline Weinstein,1,1,0
Actor,Anthony Montgomery,1,0,1
Actor,Ceyhun Ergin,1,0,1
Actor,Clara Crispo,1,1,0
Actor,Abdellah Didane,1,1,0
Actor,Harald Kaiser Hermann,1,0,1
Actor,Stina Rautelin,1,0,1
Actor,Claudine Barretto,1,1,0
Actor,Donatus Ekwuazi,1,1,0
Actor,Joaquín Núñez,1,1,0
Actor,John Pleshette,1,1,0
Actor,Mahmoud Al Atrash,1,1,0
Actor,Scott William Winters,1,1,0
Actor,Leigh MacInnis,1,1,0
Actor,Allen Fiuzat,1,1,0
Actor,Xin Liu,1,1,0
Actor,Kapil Bawa,1,0,1
Actor,Krystin Pellerin,1,0,1
Actor,Reem Ali,1,1,0
Actor,Fahreddin Manafov,1,0,1
Actor,Alfonso Freeman,1,1,0
Actor,Chiu Chi-ling,1,1,0
Actor,Sharvani Suryavanshi,1,1,0
Actor,Olivia Scriven,1,0,1
Actor,Juan Ferrara,1,0,1
Actor,Andres Gil,1,0,1
Actor,Robert Prosky,1,1,0
Actor,Bill Cosby,1,1,0
Actor,Felicity Ashton,1,0,1
Actor,Sanket Choukse,1,0,1
Actor,Duane Stephens,1,1,0
Actor,Matthew Edward Hegstrom,1,1,0
Actor,John Macmillan,1,0,1
Actor,Sneha Ullal,1,1,0
Actor,Raquel Antonia,1,1,0
Actor,Marcus D'Amico,1,0,1
Actor,Gamelihle Bovana,1,1,0
Actor,Adrian Hall,1,1,0
Actor,Jessie Chang,1,0,1
Actor,Andreuw Parinussa,1,1,0
Actor,Frank Sivero,1,1,0
Actor,Zach Timson,1,0,1
Actor,Fabián Forte,1,1,0
Actor,Danielle Walters,1,0,1
Actor,J. Paul Boehmer,1,1,0
Actor,Billy Gardell,1,1,0
Actor,Bronte Carmichael,1,1,0
Actor,Graham Outerbridge,1,1,0
Actor,Aamir Ahmed,1,1,0
Actor,Mark Miodownik,1,0,1
Actor,John Tench,1,1,0
Actor,Eric Didie,1,1,0
Actor,Kim Young-ho,1,0,1
Actor,Marcela Guerty,1,1,0
Actor,Conor McGregor,1,1,0
Actor,Aida,1,1,0
Actor,Jeremy Scott,1,1,0
Actor,Don Francks,1,1,0
Actor,Piotr Machalica,1,1,0
Actor,Amita Khopkar,1,1,0
Actor,Frances Millar,1,0,1
Actor,Alma Arnal,1,0,1
Actor,Simon Schwarz,1,0,1
Actor,Héctor Mella,1,1,0
Actor,Karina Razumovskaya,1,0,1
Actor,Danica Patrick,1,1,0
Actor,Jimmy Gambina,1,1,0
Actor,Ritwika Pal,1,1,0
Actor,Jackson Davis,1,1,0
Actor,Gurjit Singh,1,1,0
Actor,Lene Lai,1,0,1
Actor,B.J. Ward,1,1,0
Actor,Michael Leavy,1,1,0
Actor,James Vincent Meredith,1,1,0
Actor,Jay Acovone,1,1,0
Actor,Rajendra Nath,1,1,0
Actor,Janis Joplin,1,1,0
Actor,Jun Lang Huang,1,1,0
Actor,Jaap Spijkers,1,1,0
Actor,Hai Yu,1,1,0
Actor,Walter Koenig,1,1,0
Actor,Lilla Crawford,1,0,1
Actor,Terry Holland,1,1,0
Actor,Takahiro Hamada,1,0,1
Actor,Leticia Perdigón,1,0,1
Actor,Wang Naixun,1,1,0
Actor,Jirakit Thawornwong,1,0,1
Actor,Julian Glover,1,1,0
Actor,Tom Barrer,1,1,0
Actor,Michael McMillian,1,1,0
Actor,Kamala Jones,1,1,0
Actor,Marcus Graham,1,1,0
Actor,Fiona Fullerton,1,0,1
Actor,Samantha Moon,1,0,1
Actor,Caitlin Keats,1,1,0
Actor,Marcos Moreno,1,1,0
Actor,Lau Ho-Chi,1,1,0
Actor,David Kelly,1,1,0
Actor,Mathew Mackay,1,1,0
Actor,Yang Hyeon-min,1,0,1
Actor,Jessica Hinds-Mingo,1,0,1
Actor,Halima Karaouane,1,1,0
Actor,Susana Pérez,1,1,0
Actor,Brandon Michael Hall,1,1,0
Actor,Mary Looram,1,1,0
Actor,Jeffrey Xu,1,0,1
Actor,Amy Pietz,1,0,1
Actor,Marin Hinkle,1,1,0
Actor,Claude Rich,1,1,0
Actor,Angelica C. Ferro,1,1,0
Actor,Dominic Fumusa,1,0,1
Actor,Kjersti Tveterås,1,1,0
Actor,Donnelly Rhodes,1,1,0
Actor,Adrián Salzedo,1,1,0
Actor,Kevin Greutert,1,1,0
Actor,Cristela Alonzo,1,1,0
Actor,Scott Mechlowicz,1,1,0
Actor,Christian Delgrosso,1,1,0
Actor,Sohag Sen,1,1,0
Actor,Paolo Stoppa,1,1,0
Actor,Marion Bailey,1,1,0
Actor,Zitao Huang,1,1,0
Actor,Sophie Faulkenberry,1,1,0
Actor,Miriam Karlin,1,1,0
Actor,Chris Sharp,1,1,0
Actor,Kevin Rees,1,1,0
Actor,Giovanni Pacciarelli,1,1,0
Actor,Phan Thanh Nhien,1,1,0
Actor,Rubén de Eguia,1,0,1
Actor,Aino Jawo,1,1,0
Actor,Sahila Chaddha,1,1,0
Actor,Genna Amr,1,1,0
Actor,Richard Howland,1,0,1
Actor,Ellie King,1,1,0
Actor,Chandramohan,1,1,0
Actor,Marco Aurélio Campos,1,1,0
Actor,Debra Monk,1,1,0
Actor,Mark Kassen,1,1,0
Actor,Vivek Ranadivé,1,1,0
Actor,Olivia Burnette,1,1,0
Actor,Brooklyn Sudano,1,0,1
Actor,Jaeden Lieberher,1,1,0
Actor,Katherine Boecher,1,1,0
Actor,Zizi El-Badrawy,1,1,0
Actor,Shen Chan,1,1,0
Actor,Bharti Aacharekar,1,1,0
Actor,Darin Brooks,1,1,0
Actor,Brad Paisley,1,1,0
Actor,Junko Hori,1,0,1
Actor,Luna Baxter,1,0,1
Actor,Regina Braga,1,1,0
Actor,Peter Dunning,1,1,0
Actor,Adam Horovitz,1,1,0
Actor,Qu Zheming,1,1,0
Actor,Michael Chan Wai-Man,1,1,0
Actor,Gook-hwan Jeon,1,0,1
Actor,Vikram Sakhalkar,1,1,0
Actor,Fabrice Luchini,1,1,0
Actor,José Egüez,1,1,0
Actor,Chris McKenna,1,1,0
Actor,Ayçe Abana,1,1,0
Actor,Arvind Deshpande,1,1,0
Actor,Ghassan Mattar,1,1,0
Actor,ELSIE,1,1,0
Actor,Oliver Milburn,1,1,0
Actor,Eileen Grubba,1,1,0
Actor,Phillip Ko,1,1,0
Actor,Shalu,1,1,0
Actor,Arkanda Saezario Wicaksono,1,1,0
Actor,Paco de la Fuente,1,1,0
Actor,Deeksha Joshi,1,1,0
Actor,Cressida Bonas,1,1,0
Actor,Edmund Kente,1,1,0
Actor,Julene Renee,1,1,0
Actor,Abril Schreiber,1,0,1
Actor,Alberto Escobal,1,0,1
Actor,Chalet Lizette Brannan,1,1,0
Actor,James Huang,1,1,0
Actor,Gert Fröbe,1,1,0
Actor,Daniil Vorobyov,1,1,0
Actor,Atthaphan Poonsawas,1,0,1
Actor,Mahmut Gökgöz,1,1,0
Actor,Ali Bastian,1,1,0
Actor,Ting Chiang,1,0,1
Actor,Maja Salvador,1,1,0
Actor,Devyani Dagaonkar,1,0,1
Actor,Sarah Vowell,1,1,0
Actor,Alana Husband,1,0,1
Actor,Nico Mirallegro,1,1,0
Actor,Serena Po,1,1,0
Actor,Rachel Roberts,1,1,0
Actor,Brian Klugman,1,1,0
Actor,Piotr Kąkolewski,1,1,0
Actor,Alex Starke,1,0,1
Actor,Zoë Belkin,1,1,0
Actor,Leon Vitali,1,1,0
Actor,Bruce MacVittie,1,1,0
Actor,Martin Luther,1,1,0
Actor,Niko Nicotera,1,1,0
Actor,Olivia Tennet,1,0,1
Actor,Rehan Khan,1,1,0
Actor,Yoon-ah Im,1,0,1
Actor,Mikaele Tuugahala,1,1,0
Actor,Coco Celis,1,1,0
Actor,Jessica Vanessa DeLeon,1,1,0
Actor,Mike Houston,1,1,0
Actor,Rermthon Kemapech,1,1,0
Actor,Bushra Ansari,1,1,0
Actor,Cooper Daniel Johnson,1,1,0
Actor,Hunter Fischer,1,1,0
Actor,Rishabh Jain,1,0,1
Actor,Peter Blok,1,1,0
Actor,Hanna Aqiela,1,0,1
Actor,Jasmine St. Clair,1,0,1
Actor,Francisco Javier Rueda,1,0,1
Actor,Pete Evans,1,1,0
Actor,Carlos Echavarría,1,0,1
Actor,Halil Sezai Paracıkoğlu,1,1,0
Actor,Luke Cosgrove,1,0,1
Actor,Brian Thompson,1,1,0
Actor,Howard Samuels,1,1,0
Actor,Shriya Sharma,1,1,0
Actor,Merrin Dungey,1,1,0
Actor,Sarah Thyre,1,0,1
Actor,Javid Abdelmoneim,1,1,0
Actor,Geoffrey Weeks,1,1,0
Actor,Alexandra Dinu,1,1,0
Actor,Angie Everhart,1,1,0
Actor,Lorena Meritano,1,0,1
Actor,Earleen Carey,1,1,0
Actor,Rishi Bhat,1,1,0
Actor,Arpita Banerjee,1,1,0
Actor,Kemal İnci,1,1,0
Actor,Soo-bin Bae,1,1,0
Actor,Mira Sethi,1,1,0
Actor,Sean Panting,1,0,1
Actor,Justin Timsit,1,0,1
Actor,Boris Van Severen,1,1,0
Actor,Lee So-young,1,1,0
Actor,Trilok Kapoor,1,1,0
Actor,T.P. Gajendran,1,1,0
Actor,Carolina Paulsen,1,1,0
Actor,Sonia Bindra,1,1,0
Actor,Mariam Bokeria,1,1,0
Actor,Ingar Helge Gimle,1,1,0
Actor,Jamie Johnston,1,1,0
Actor,Raf Vallone,1,1,0
Actor,Gigi Rice,1,1,0
Actor,Mo Tzu Yi,1,0,1
Actor,Lindsay Wagner,1,1,0
Actor,Sara Maldonado,1,0,1
Actor,Susan Cookson,1,0,1
Actor,Masi Oka,1,1,0
Actor,Lumi Cavazos,1,1,0
Actor,Jin Hee-kyung,1,0,1
Actor,Dian Bachar,1,1,0
Actor,Shane Callahan,1,1,0
Actor,Gornpop Janjaroen,1,1,0
Actor,Min-hyuk Lee,1,0,1
Actor,Andrea Stefancikova,1,1,0
Actor,Amber Chardae Robinson,1,1,0
Actor,Dan Baily,1,1,0
Actor,Becci Gemmell,1,0,1
Actor,Juliana Mesquita,1,1,0
Actor,Hawn Tran,1,1,0
Actor,Frances Sholto-Douglas,1,1,0
Actor,Eun-soo Kwon,1,0,1
Actor,Kamalika Guha Thakurta,1,0,1
Actor,Irene Bedard,1,1,0
Actor,Maggie Lawson,1,1,0
Actor,Sweety Pala,1,1,0
Actor,Caia Coley,1,1,0
Actor,Joe Amodei,1,1,0
Actor,James A. Woods,1,1,0
Actor,Ethan Yang,1,1,0
Actor,İdil Dizdar,1,1,0
Actor,Jo Marie Payton,1,1,0
Actor,Mark Rietman,1,1,0
Actor,Jennifer Pierce Mathus,1,1,0
Actor,Guillermo Quintanilla,1,0,1
Actor,Yeon-seo Kim,1,0,1
Actor,Kevin Nash,1,1,0
Actor,Juan Manuel Mendoza,1,0,1
Actor,Tyrone Keogh,1,1,0
Actor,Kathleen Madigan,1,1,0
Actor,Emmett Scanlan,1,0,1
Actor,Alesha Hariz,1,0,1
Actor,Mikhail Gorevoy,1,1,0
Actor,Mattis Herman Nyquist,1,0,1
Actor,Jake McLaughlin,1,0,1
Actor,Chen Yu,1,0,1
Actor,Lorenzo Richelmy,1,0,1
Actor,Patrick Brice,1,1,0
Actor,James Fraser,1,1,0
Actor,Jack Guzman,1,0,1
Actor,César Albarracín,1,1,0
Actor,Arkadiusz Jakubik,1,1,0
Actor,Patrick Stoof,1,1,0
Actor,Loknath Tiwari,1,1,0
Actor,Motoki Kobayashi,1,1,0
Actor,Eduardo Luis,1,1,0
Actor,Jurell Carter,1,1,0
Actor,Shin-ae Seo,1,0,1
Actor,Rose Abdoo,1,0,1
Actor,Ali Tataryn,1,1,0
Actor,Niko Guardado,1,1,0
Actor,Fiona Vroom,1,1,0
Actor,Eun-seo Son,1,0,1
Actor,Jaimi Paige,1,1,0
Actor,Debbie Welsh,1,0,1
Actor,Taylor Rouviere,1,0,1
Actor,Esther Supreeleela,1,0,1
Actor,Kurt Egyiawan,1,1,0
Actor,Lidia Danis,1,1,0
Actor,Thanh Pham,1,1,0
Actor,Brian Anthony Wilson,1,1,0
Actor,Rochelle Hudson,1,1,0
Actor,Gaspard Schlatter,1,1,0
Actor,Ravi V. Patel,1,1,0
Actor,Mi-kyung Kim,1,0,1
Actor,Bathsheba Garnett,1,1,0
Actor,Maksim Emelyanov,1,0,1
Actor,Philip Goodwin,1,1,0
Actor,Alex Feldman,1,1,0
Actor,Barbara Scolaro,1,1,0
Actor,Paul Briganti,1,1,0
Actor,Alexa Alemanni,1,0,1
Actor,EXID,1,1,0
Actor,Jordan Theodore,1,1,0
Actor,Brad Morris,1,1,0
Actor,Hu Yong Tao,1,0,1
Actor,Linda Nilarve,1,0,1
Actor,Kenan Bal,1,0,1
Actor,Byron Coll,1,1,0
Actor,Supanut Sudjinda,1,0,1
Actor,Glynis Johns,1,1,0
Actor,Paula Jai Parker,1,1,0
Actor,Felipe Zilse,1,1,0
Actor,Gérard Meylan,1,0,1
Actor,Bentley Green,1,0,1
Actor,Daniel Sauli,1,1,0
Actor,"Byron ""Squally"" Vinson",1,1,0
Actor,Alexandra Vandernoot,1,0,1
Actor,Arjuna Bhalla,1,1,0
Actor,Stanislav Moskvin,1,0,1
Actor,Dareen Haddad,1,1,0
Actor,Melissa Sophia,1,0,1
Actor,Ananya Bhat,1,1,0
Actor,Alexander Oblasov,1,0,1
Actor,Jonathan Kim,1,0,1
Actor,Scott Edwards,1,0,1
Actor,Alain Blazquez,1,0,1
Actor,Harding Junior,1,1,0
Actor,Kingsley Ben-Adir,1,1,0
Actor,Billy Cox,1,1,0
Actor,Laurie Goode,1,1,0
Actor,Dawan Owens,1,1,0
Actor,Peter Lorimer,1,0,1
Actor,Jake Robinson,1,0,1
Actor,Luis Pablo Román,1,1,0
Actor,Cody Longo,1,1,0
Actor,Yoakyake Chernyim,1,1,0
Actor,Ralph Bellamy,1,1,0
Actor,Christopher Jaciow,1,1,0
Actor,Linnea Berthelsen,1,0,1
Actor,George Black,1,0,1
Actor,Gözde Cığacı,1,0,1
Actor,Marco Giallini,1,1,0
Actor,Breeda Wool,1,1,0
Actor,Liam Whaley,1,1,0
Actor,Jenna Stern,1,1,0
Actor,Malena Alterio,1,1,0
Actor,Ian Beattie,1,1,0
Actor,Theresa Russell,1,1,0
Actor,Bailey Anne Borders,1,1,0
Actor,Jag Huang,1,0,1
Actor,Sarah Lancaster,1,1,0
Actor,Cote de Pablo,1,0,1
Actor,Richard Karn,1,1,0
Actor,Richard Clarkin,1,1,0
Actor,Maximilian Dirr,1,0,1
Actor,Mark Cacciatore,1,1,0
Actor,Halina Buyno-Łoza,1,1,0
Actor,Jiya Anil Manne,1,1,0
Actor,Terry Dale Parks,1,1,0
Actor,Hillary Anne Matthews,1,1,0
Actor,Beatrice Fang,1,0,1
Actor,Suresh,1,1,0
Actor,Raymond Mearns,1,0,1
Actor,Stephanie Romanov,1,1,0
Actor,Morgan Lam,1,1,0
Actor,Sarah Burgess,1,0,1
Actor,Tarek Yaacoub,1,1,0
Actor,Ido Mosseri,1,1,0
Actor,Tina Sáinz,1,1,0
Actor,Vladimir Alenikov,1,1,0
Actor,Christopher Gaze,1,1,0
Actor,JR,1,0,1
Actor,Hyun Jin Lee,1,0,1
Actor,Pushpa,1,1,0
Actor,Götz Schubert,1,1,0
Actor,Vica Kerekes,1,1,0
Actor,Christopher R. Sabat,1,0,1
Actor,Aaditya Pratap Singh,1,1,0
Actor,Dave 'Foots' Footman,1,0,1
Actor,Johnny Fay,1,1,0
Actor,Chris Romano,1,1,0
Actor,Uli Latukefu,1,0,1
Actor,Jo Hartley,1,1,0
Actor,Bronagh Gallagher,1,1,0
Actor,Evelyne Grandjean,1,1,0
Actor,John Canoe,1,1,0
Actor,Vanessa Guide,1,1,0
Actor,Bolo Yeung,1,1,0
Actor,Justin Ray,1,1,0
Actor,Criolo,1,1,0
Actor,Tom Taylor,1,0,1
Actor,Shabbir Rana,1,1,0
Actor,Vladimir Zelenskiy,1,0,1
Actor,Hafidz Roshdi,1,0,1
Actor,Camila Selser,1,0,1
Actor,Rachit Behl,1,1,0
Actor,Ben Johnson,1,1,0
Actor,Ole Eliassen,1,1,0
Actor,Adam Wylie,1,1,0
Actor,Souleymane Sy Savane,1,1,0
Actor,Tim McGraw,1,1,0
Actor,Savithri Sredharan,1,1,0
Actor,Amy Tsang,1,1,0
Actor,Jessica Hsuan,1,0,1
Actor,Thu Trang,1,1,0
Actor,Nick E. Tarabay,1,0,1
Actor,Leila Hatami,1,1,0
Actor,Yuwu Qi,1,1,0
Actor,Jatinder Lall,1,1,0
Actor,Roland Mqwebu,1,0,1
Actor,Osamah Sami,1,1,0
Actor,Ben Addis,1,1,0
Actor,B1A4,1,1,0
Actor,Patrick Ndlovu,1,0,1
Actor,Peter James,1,1,0
Actor,Cydney J. Fam,1,0,1
Actor,Kochakorn Nimakorn,1,1,0
Actor,Amy Carlson,1,1,0
Actor,Bhushan Manjule,1,1,0
Actor,Ricardo Pereira,1,1,0
Actor,Kevin Makely,1,1,0
Actor,Soefira Jaafar,1,0,1
Actor,Chien-lien Wu,1,1,0
Actor,Ryan Blakely,1,1,0
Actor,Saskia Rosendahl,1,1,0
Actor,Billie Blain,1,1,0
Actor,Sarah Buckland,1,1,0
Actor,Rodrigo Sánchez Patiño,1,1,0
Actor,Chase Joliet,1,1,0
Actor,Esther Yang,1,0,1
Actor,Malcolm Barrett,1,1,0
Actor,Ajab Gul,1,1,0
Actor,Dennis Titus,1,1,0
Actor,Yangzom Brauen,1,1,0
Actor,John Ritter,1,1,0
Actor,David Jason,1,0,1
Actor,Hazel Raditya,1,1,0
Actor,Jean-Christophe Folly,1,1,0
Actor,Sarah Thomson,1,0,1
Actor,Jeremie Phenom Thomas,1,1,0
Actor,Neha,1,1,0
Actor,Willy Toledo,1,1,0
Actor,Ryan Munzert,1,1,0
Actor,Vahldin Prelic,1,1,0
Actor,Esther Zynn,1,1,0
Actor,Afaf Rashad,1,1,0
Actor,Alfoniso Lopez,1,1,0
Actor,Mariusz Kałamaga,1,1,0
Actor,Angélique Kidjo,1,1,0
Actor,Hanan Savyon,1,1,0
Actor,Zabryna Guevara,1,1,0
Actor,Alex House,1,1,0
Actor,Isaac Hempstead Wright,1,0,1
Actor,Santu Mukherjee,1,1,0
Actor,Riley Murdock,1,0,1
Actor,Chang-hwan Kim,1,0,1
Actor,John Douglas Thompson,1,1,0
Actor,Farzana Dua Elahe,1,1,0
Actor,Théo Cholbi,1,1,0
Actor,Julie Dreyfus,1,1,0
Actor,Harvey Atkin,1,0,1
Actor,Alián Devetac,1,1,0
Actor,Martin Trenaman,1,0,1
Actor,Cammy Chiang,1,0,1
Actor,Ajit Vachani,1,1,0
Actor,Andreas Segeritz,1,1,0
Actor,Lane R. Davis,1,1,0
Actor,Renuka Daftardar,1,1,0
Actor,Hengky Tarnando,1,1,0
Actor,Raphael Desprez,1,1,0
Actor,Haim Znati,1,1,0
Actor,Cooper Huckabee,1,1,0
Actor,Aldo Gallardo,1,0,1
Actor,Emmaline Henry,1,1,0
Actor,Mykola Allen,1,0,1
Actor,Dominique Saldaña,1,1,0
Actor,Veeru Krishnan,1,1,0
Actor,Raquel Presa,1,1,0
Actor,Rattanapond Klinkulabhiran,1,0,1
Actor,Chanté Adams,1,1,0
Actor,Lincoln Hoppe,1,1,0
Actor,Özlem Türkad,1,1,0
Actor,Ming Lo,1,1,0
Actor,Warda Rammach,1,1,0
Actor,Gurpreet Kaur Bhangu,1,1,0
Actor,Joel Virgel,1,1,0
Actor,Paul Sidhu,1,1,0
Actor,Sin Wong,1,0,1
Actor,Tanuj Virwani,1,1,0
Actor,Linda Larkin,1,1,0
Actor,J.T. Jackson,1,1,0
Actor,Benjamin Charles Watson,1,1,0
Actor,Nicolas Pierson,1,1,0
Actor,Bhargavi Chirmuley,1,1,0
Actor,Laila,1,1,0
Actor,Toby Regbo,1,0,1
Actor,Pooneh Hajimohammadi,1,1,0
Actor,Maude Apatow,1,1,0
Actor,Mohamed Salam,1,1,0
Actor,Yafit Asulin,1,1,0
Actor,Natasha Dupeyron,1,1,0
Actor,Daniel Hagen,1,1,0
Actor,Laurence Breuls,1,1,0
Actor,Rebecca Massey,1,0,1
Actor,John Merriman,1,1,0
Actor,Greg Korin,1,1,0
Actor,Paradorn Srichaphan,1,1,0
Actor,Akosua Busia,1,1,0
Actor,Jessica Mauboy,1,1,0
Actor,Pavel Kríz,1,1,0
Actor,Haya Ibrahim,1,1,0
Actor,Joey Bicicchi,1,1,0
Actor,Dalilah Polanco,1,0,1
Actor,Antonio Cifariello,1,1,0
Actor,Jerry Huang,1,0,1
Actor,Amelia Haberman,1,1,0
Actor,Christopher Shazar,1,1,0
Actor,Enshon Lamare,1,1,0
Actor,Ben Robson,1,1,0
Actor,Janusz Gajos,1,1,0
Actor,Louise Stewart,1,0,1
Actor,Chang Chia-yu,1,0,1
Actor,Corey McCormick,1,1,0
Actor,Katherine Moennig,1,0,1
Actor,Morgan Taylor Campbell,1,1,0
Actor,Christopher Tavarez,1,1,0
Actor,Fann Wong,1,0,1
Actor,Hamdi Kahraman,1,1,0
Actor,Berrak Kuş,1,0,1
Actor,Leung Kin-Ping,1,1,0
Actor,Hafeez Mikhail,1,0,1
Actor,Alan McGee,1,1,0
Actor,Nick Waring,1,1,0
Actor,DeJuan Guy,1,1,0
Actor,Kate Lyn Sheil,1,1,0
Actor,Shaz Khan,1,1,0
Actor,Daniel Janks,1,1,0
Actor,Daniel Lugo,1,0,1
Actor,Alejandro Agresti,1,1,0
Actor,Adèle Wismes,1,1,0
Actor,Rene Medvesek,1,1,0
Actor,Poon Wang Ban,1,1,0
Actor,Paul Nazak,1,1,0
Actor,Cara Theobold,1,0,1
Actor,Barry John,1,1,0
Actor,Mitch Eakins,1,1,0
Actor,Itziar Atienza,1,1,0
Actor,Kamran Lashari,1,1,0
Actor,Pedro Benevides,1,1,0
Actor,Matty Finochio,1,1,0
Actor,Christoph Bach,1,0,1
Actor,Sister Carol East,1,1,0
Actor,Sergey Leskov,1,0,1
Actor,Condola Rashad,1,1,0
Actor,Jacob Ming-Trent,1,1,0
Actor,Jerry Grayson,1,1,0
Actor,Zwelakhe Mtsaka,1,1,0
Actor,Zachary James Rukavina,1,1,0
Actor,Anson Bagley,1,1,0
Actor,Clive Dunn,1,0,1
Actor,Harry Styles,1,1,0
Actor,Danielle von Zerneck,1,1,0
Actor,Rajeev Varma,1,0,1
Actor,Devon Song,1,1,0
Actor,Alyssa Lynch,1,0,1
Actor,Nilu Phule,1,1,0
Actor,Jill Hennessy,1,1,0
Actor,Fiorenza Tessari,1,1,0
Actor,Raman Trikha,1,1,0
Actor,Will Thorp,1,0,1
Actor,Patrícia Bargalló,1,0,1
Actor,Steve Bisley,1,1,0
Actor,Arsh Bajwa,1,1,0
Actor,Vinay Apte,1,1,0
Actor,Javed Akhtar,1,0,1
Actor,Dominic Costa,1,1,0
Actor,Mort Sahl,1,1,0
Actor,Charlene Amoia,1,1,0
Actor,Bill Macy,1,1,0
Actor,Jamie Lee,1,1,0
Actor,Harry Benson,1,1,0
Actor,Zohra Sehgal,1,1,0
Actor,Anuja Sathe,1,1,0
Actor,Suchandra Vaaniya,1,1,0
Actor,Blair Fowler,1,1,0
Actor,Guillaume Patry,1,0,1
Actor,Rafał Zimowski,1,1,0
Actor,Daniel Palmer,1,0,1
Actor,Khairia Nazmi,1,1,0
Actor,Sohrab Nazari,1,1,0
Actor,Xu Fan,1,1,0
Actor,Behi Djanati Atai,1,1,0
Actor,Viktor Proskurin,1,1,0
Actor,Pankhuri Awasthy,1,0,1
Actor,Young-hoon Joo,1,0,1
Actor,NiCole Robinson,1,0,1
Actor,Byeong-ok Kim,1,0,1
Actor,Gaku Hamada,1,1,0
Actor,Craig Robinson & The Nasty Delicious,1,1,0
Actor,Prarthana Behere,1,1,0
Actor,Cornell Royal,1,1,0
Actor,Federico Luppi,1,1,0
Actor,Joo-yeon Lee,1,1,0
Actor,Mary Portas,1,0,1
Actor,Grant Harvey,1,1,0
Actor,Fred Tolliver Jr,1,1,0
Actor,Charlbi Dean,1,1,0
Actor,Kuan-chung Ku,1,1,0
Actor,Susan Prior,1,1,0
Actor,Estevez Gillespie,1,0,1
Actor,Dani El Rojo,1,1,0
Actor,Kenny G,1,1,0
Actor,Deleila Piasko,1,1,0
Actor,Malinda Williams,1,1,0
Actor,Mark Fredrichs,1,1,0
Actor,Julie Hays,1,1,0
Actor,Ardal O'Hanlon,1,1,0
Actor,Sylvia Yang,1,0,1
Actor,Steve Young,1,1,0
Actor,Camille Sullivan,1,0,1
Actor,He Sui,1,1,0
Actor,Barbara Ramella,1,1,0
Actor,Pooya Mohseni,1,1,0
Actor,Amanda Plummer,1,1,0
Actor,Chika Okpala,1,1,0
Actor,Kapil Sharma,1,1,0
Actor,Nahana,1,0,1
Actor,Nick Sinise,1,1,0
Actor,Juan Carlos Velis,1,1,0
Actor,Chris Chapman,1,0,1
Actor,Theresa Saldana,1,1,0
Actor,Pavlo Bubryak,1,1,0
Actor,Amber Armstrong,1,1,0
Actor,David Gray,1,1,0
Actor,Brian McCook,1,1,0
Actor,Lauri Tanskanen,1,1,0
Actor,Fina Strazza,1,1,0
Actor,Opal,1,1,0
Actor,Karol Kopiec,1,1,0
Actor,Aaron Pruner,1,0,1
Actor,Fernando Sanjiao,1,1,0
Actor,Jeremiah Tower,1,1,0
Actor,Fakkah Fuzz,1,1,0
Actor,Joo-hyun Kim,1,1,0
Actor,Michael Toland,1,1,0
Actor,Santana Dempsey,1,1,0
Actor,George Basil,1,0,1
Actor,Johannes Krisch,1,0,1
Actor,Sita Nursanti,1,1,0
Actor,I.M. Vijayan,1,1,0
Actor,Melba Moore,1,1,0
Actor,Andrés Couturier,1,0,1
Actor,Krissada Sukosol,1,1,0
Actor,Haysen Percovich,1,1,0
Actor,Ryan McDonell,1,1,0
Actor,Fred Henderson,1,0,1
Actor,Jane McLean,1,1,0
Actor,Marvin Agustin,1,1,0
Actor,Jessica Gee-George,1,0,1
Actor,Lu Horta,1,1,0
Actor,Brad Davis,1,1,0
Actor,You-Mi Ha,1,0,1
Actor,Amy Johnston,1,1,0
Actor,Rie Nakagawa,1,0,1
Actor,Ingunn Beate Øyen,1,0,1
Actor,Luis Dubó,1,1,0
Actor,Anne Collette,1,1,0
Actor,Arthur Hughes,1,0,1
Actor,Kisum,1,0,1
Actor,Akira Kamiya,1,0,1
Actor,Nora McMenamy,1,1,0
Actor,Monica Potter,1,1,0
Actor,Paul Tassone,1,1,0
Actor,John O'Hurley,1,1,0
Actor,John Robinson,1,1,0
Actor,Katie Chen,1,0,1
Actor,Bea,1,1,0
Actor,Sergio Sendel,1,0,1
Actor,Sheila Hancock,1,1,0
Actor,Chaiwat Thongsaeng,1,1,0
Actor,Patrick Wood,1,1,0
Actor,Leonardo Salerni,1,1,0
Actor,Dima Al Jundi,1,0,1
Actor,Melissa Butler,1,1,0
Actor,Devdutt Pattanaik,1,0,1
Actor,Mila Thanapa,1,0,1
Actor,Robert Brouillette,1,1,0
Actor,Kristofor Brown,1,1,0
Actor,Rohan Grover,1,1,0
Actor,Terry Courier,1,0,1
Actor,Hiroyuki Ehara,1,0,1
Actor,Hallie Burt,1,1,0
Actor,Cameron Dallas,1,0,1
Actor,Gareth Meagher,1,1,0
Actor,Juan Chioran,1,0,1
Actor,Madeline Carel,1,1,0
Actor,Sid Burston,1,1,0
Actor,Art Hindle,1,1,0
Actor,Sophie Lowe,1,1,0
Actor,Amaka Obiechie,1,1,0
Actor,Anita Kailey,1,1,0
Actor,Leo Fitzpatrick,1,1,0
Actor,Lucie Lucas,1,1,0
Actor,Jordan Prentice,1,1,0
Actor,Marc Blucas,1,1,0
Actor,Tang Chen-Kang,1,0,1
Actor,Antonio Marziale,1,1,0
Actor,Joyce Feurring,1,1,0
Actor,Hideo Ishikawa,1,0,1
Actor,Andrés Rillón,1,1,0
Actor,Ashleigh Aston Moore,1,1,0
Actor,Nikhil Chopra,1,1,0
Actor,Susie Lindeman,1,1,0
Actor,Bruce Bundy,1,1,0
Actor,Ahmed Hassan,1,1,0
Actor,Mathilde Warnier,1,0,1
Actor,Li Yixiao,1,0,1
Actor,Earl Oliveros,1,1,0
Actor,Claudia Jacob,1,1,0
Actor,Anna Raadsveld,1,1,0
Actor,Pepper Schwartz,1,0,1
Actor,Beatrice Rosen,1,1,0
Actor,Toni Braxton,1,0,1
Actor,Marina Bellati,1,1,0
Actor,Gary Farmer,1,1,0
Actor,Rich Froning,1,1,0
Actor,Kathleen Roll,1,1,0
Actor,Anushka Manchanda,1,1,0
Actor,Aditya Hitkari,1,1,0
Actor,Fimie Don,1,0,1
Actor,Alessandra Oriti Niosi,1,1,0
Actor,Mia Goth,1,1,0
Actor,Alejandra Flechner,1,1,0
Actor,Dylan Carusona,1,1,0
Actor,Stacey Dash,1,1,0
Actor,Deborah Rush,1,1,0
Actor,Claire Jeater,1,1,0
Actor,Tony Lestingi,1,1,0
Actor,Cengiz Sezici,1,0,1
Actor,Danny Slavin,1,0,1
Actor,Richard Branson,1,1,0
Actor,Fu Miao,1,0,1
Actor,Seweryna Broniszówna,1,1,0
Actor,David McCallum,1,0,1
Actor,Laila Gamal,1,1,0
Actor,Barbara Cabrita,1,1,0
Actor,Tack Parunyu Rojanawuttitum,1,0,1
Actor,David Howard Thornton,1,1,0
Actor,Gregg Bullock,1,0,1
Actor,Jill Halfpenny,1,0,1
Actor,Apollon,1,0,1
Actor,Micole Mercurio,1,1,0
Actor,Norma Crane,1,1,0
Actor,Hye-soo Park,1,0,1
Actor,Sabina Gadecki,1,1,0
Actor,Rainie Yang,1,0,1
Actor,Colin Stark,1,1,0
Actor,Ahmed el-Sakka,1,1,0
Actor,Cassidey Fralin,1,1,0
Actor,Pornchai Hongrattanaporn,1,1,0
Actor,Richard Durden,1,1,0
Actor,John Cassini,1,0,1
Actor,Preeti Ganguli,1,1,0
Actor,Peter Renaday,1,1,0
Actor,Alexander Tsekalo,1,0,1
Actor,Keenen Ivory Wayans,1,1,0
Actor,Anthony Forrest,1,1,0
Actor,Gordon Pinsent,1,1,0
Actor,Abeer Mansour,1,1,0
Actor,Justin Rain,1,1,0
Actor,Ovince Saint Preux,1,1,0
Actor,Amy Beckwith,1,1,0
Actor,Paulo Betti,1,1,0
Actor,Dr. Jeffrey Thompson,1,1,0
Actor,Ali Rehman Khan,1,1,0
Actor,Leonel Tinajero,1,1,0
Actor,Shenell Edmonds,1,1,0
Actor,Celina Sinden,1,0,1
Actor,Lizzy,1,0,1
Actor,Christopher Nolen,1,1,0
Actor,Dinah Shore,1,1,0
Actor,Thomas Davison,1,1,0
Actor,Evan Clark,1,1,0
Actor,Bhavna Khatri,1,0,1
Actor,Jan Maxwell,1,1,0
Actor,Jemma Donovan,1,0,1
Actor,James Lowe,1,0,1
Actor,Tokala Black Elk,1,1,0
Actor,Anthony Bowling,1,0,1
Actor,Maya Simmons,1,1,0
Actor,Mahendra Sandhu,1,1,0
Actor,Shweta Pandit,1,1,0
Actor,Malcom Banks,1,1,0
Actor,Marc Domènech,1,1,0
Actor,Carlos Mariño,1,0,1
Actor,Chen Daoming,1,0,1
Actor,Jim Kelly,1,1,0
Actor,Berrak Tüzünataç,1,0,1
Actor,RJ Fetherstonhaugh,1,0,1
Actor,Vaishnavi Dhanraj,1,1,0
Actor,Nick Mohammed,1,1,0
Actor,Víctor Elías,1,1,0
Actor,Aleksey Vesyolkin,1,0,1
Actor,Mary O'Neil,1,1,0
Actor,Eugenia Horecka,1,1,0
Actor,Chandrachur Singh,1,1,0
Actor,Brent Briscoe,1,1,0
Actor,Jean Heywood,1,1,0
Actor,Michael J. Nelson,1,0,1
Actor,William Marquez,1,1,0
Actor,Julian Schaffner,1,1,0
Actor,Evan Boymel,1,1,0
Actor,Angus Wright,1,1,0
Actor,Ed Birch,1,1,0
Actor,María Valverde,1,1,0
Actor,Larissa Ferrara,1,1,0
Actor,Gray Powell,1,1,0
Actor,Natee Aekwijit,1,1,0
Actor,Reika Kirishima,1,0,1
Actor,Chris Hoch,1,1,0
Actor,Jack Cutmore-Scott,1,1,0
Actor,Yağız Atakan Savaş,1,0,1
Actor,Samantha Armstrong,1,0,1
Actor,Ash Chandler,1,1,0
Actor,Chiranjit,1,1,0
Actor,Dany Casco,1,1,0
Actor,Amy Morton,1,1,0
Actor,Gopalan,1,1,0
Actor,Helly Shah,1,0,1
Actor,Brett DelBuono,1,1,0
Actor,Sajitha Madathil,1,1,0
Actor,John Lone,1,1,0
Actor,Kevin Breznahan,1,1,0
Actor,Liam Boyle,1,0,1
Actor,Jamie Spilchuk,1,0,1
Actor,Pamela Jordán,1,1,0
Actor,Taylor Caniff,1,0,1
Actor,M. Rajan,1,1,0
Actor,Laura Almela,1,1,0
Actor,Michelle Borth,1,1,0
Actor,Francesco Migliore,1,1,0
Actor,Bikram Chatterjee,1,1,0
Actor,Hapi Murphy,1,1,0
Actor,Justine Lupe,1,1,0
Actor,Shion Shimizu,1,1,0
Actor,Tim Rose,1,1,0
Actor,Mika Abdalla,1,0,1
Actor,Raviyanun Takerd,1,0,1
Actor,Lehar Khan,1,1,0
Actor,Santi Pons,1,0,1
Actor,Tim Plester,1,1,0
Actor,RJ Anmol,1,0,1
Actor,Mario Alarcón,1,1,0
Actor,Kenneth Collard,1,0,1
Actor,Katrina Hachey,1,0,1
Actor,Matthias Koeberlin,1,0,1
Actor,Anita Rani,1,0,1
Actor,Jean-Claude Ballard,1,0,1
Actor,Nicole Balsam,1,1,0
Actor,Zion Clark,1,1,0
Actor,Masako Sugaya,1,0,1
Actor,Biju Sopanam,1,1,0
Actor,John Eric Bentley,1,0,1
Actor,Barbara Flynn,1,1,0
Actor,Joel Tobeck,1,1,0
Actor,Andy Parsons,1,0,1
Actor,Tim Dillon,1,0,1
Actor,José Luis Marín,1,1,0
Actor,Michael Sky,1,1,0
Actor,Zharick León,1,0,1
Actor,Cameron Richardson,1,1,0
Actor,Adrián Yospe,1,1,0
Actor,Carlos Piñeyro,1,1,0
Actor,Cody Fern,1,1,0
Actor,Yat Ning Chan,1,1,0
Actor,Lisa Fischer,1,1,0
Actor,Drena De Niro,1,1,0
Actor,Drew Haytaoglu,1,1,0
Actor,Trey McCurley,1,1,0
Actor,Sang-hun Jeong,1,0,1
Actor,Hugo Chalan-Marchio,1,1,0
Actor,Della Reese,1,1,0
Actor,John Spencer,1,0,1
Actor,Shiva Negar,1,1,0
Actor,Josephine Berry,1,1,0
Actor,Michelle Clunie,1,1,0
Actor,Kangna Ranaut,1,1,0
Actor,Chavis Daniels,1,1,0
Actor,Seung-hyeon Han,1,1,0
Actor,Yancy Butler,1,1,0
Actor,Claudine Mboligikpelani Nako,1,0,1
Actor,Jürgen Vogel,1,1,0
Actor,Isabel Dove,1,1,0
Actor,Julian Lewis Jones,1,1,0
Actor,Sandeep Bose,1,1,0
Actor,Andrew Grainger,1,1,0
Actor,Nailea Norvind,1,1,0
Actor,Juan Eduardo Colucho,1,0,1
Actor,Molly Picon,1,1,0
Actor,Charlie Chin,1,1,0
Actor,Antonello Fassari,1,1,0
Actor,Dwayne Cameron,1,0,1
Actor,Christopher Stanley,1,0,1
Actor,Robert Morse,1,0,1
Actor,Cory Nichols,1,1,0
Actor,Shaista Latif,1,1,0
Actor,Alex Barnett,1,1,0
Actor,Ashish Sharma,1,0,1
Actor,Steve Wall,1,1,0
Actor,Majdouline Idrissi,1,1,0
Actor,Pan Yueming,1,0,1
Actor,Meriem Serbah,1,1,0
Actor,James Eckhouse,1,1,0
Actor,Duncan Chow,1,0,1
Actor,Hae-in Jung,1,0,1
Actor,Kether Donohue,1,0,1
Actor,Teresa Monroy,1,1,0
Actor,Ayten Uncuoglu,1,0,1
Actor,Megan Nicol,1,0,1
Actor,Juan Codina,1,1,0
Actor,Toni Gómez,1,1,0
Actor,Robbie Rist,1,1,0
Actor,Gary Werntz,1,1,0
Actor,Viann Zhang,1,0,1
Actor,Sivagorn Muttamara,1,1,0
Actor,Michelle Macedo,1,1,0
Actor,Christopher Rob Bowen,1,1,0
Actor,Wakana Sakai,1,0,1
Actor,Priscilla-Anne Forder,1,1,0
Actor,Ramzi,1,1,0
Actor,Abir Goswami,1,1,0
Actor,Shinee,1,1,0
Actor,Nitish Bharadwaj,1,1,0
Actor,Devon Gearhart,1,1,0
Actor,Susan Chuang,1,1,0
Actor,Merlvin Mukhim,1,1,0
Actor,Philip Stone,1,1,0
Actor,Ayman Mabrouk,1,0,1
Actor,Carmen Soo,1,0,1
Actor,Jason Silva,1,0,1
Actor,Birdie Sweeney,1,1,0
Actor,Harry Van Gorkum,1,1,0
Actor,Olivia Grace Applegate,1,1,0
Actor,Jonathan Slavin,1,1,0
Actor,Omar Gooding,1,1,0
Actor,Suchita Trivedi,1,0,1
Actor,Jim Backus,1,1,0
Actor,Lisa Reynolds,1,1,0
Actor,Matthew Waterson,1,1,0
Actor,Gerard O'Dwyer,1,1,0
Actor,Stefano DiMatteo,1,1,0
Actor,Hamish Daud,1,1,0
Actor,Ella Edwards,1,1,0
Actor,Kenneth Billings,1,1,0
Actor,Michael Tong,1,1,0
Actor,Roger E. Mosley,1,1,0
Actor,Nahatai Lekbumrung,1,1,0
Actor,Michael Soulema,1,1,0
Actor,Matthew Sharp,1,1,0
Actor,Cindy Chu,1,1,0
Actor,Desmond Sim,1,0,1
Actor,Paul Alwright,1,1,0
Actor,Vaughn Taylor,1,1,0
Actor,Tina Chou,1,0,1
Actor,David Cronenberg,1,0,1
Actor,Pimthong Washirakom,1,0,1
Actor,Tejpal Singh,1,1,0
Actor,Ruby O. Fee,1,1,0
Actor,David Cowgill,1,1,0
Actor,Tara Basro,1,1,0
Actor,Levi Randall,1,0,1
Actor,Genevieve Hegney,1,1,0
Actor,Ann Pirvu,1,1,0
Actor,Adrian Scarborough,1,0,1
Actor,Park Hee-bon,1,0,1
Actor,David Bannerman,1,0,1
Actor,Reese Hartwig,1,1,0
Actor,Ae-yeon Jeong,1,0,1
Actor,Tom Wyner,1,0,1
Actor,Jonathan Rosenthal,1,1,0
Actor,Kwok Kuen Chan,1,1,0
Actor,Daniela Ramírez,1,1,0
Actor,Masami Iwasaki,1,0,1
Actor,Bobby Brown,1,1,0
Actor,Dilawar Sidhu,1,1,0
Actor,Melissa Disney,1,1,0
Actor,Anna Manahan,1,1,0
Actor,Christy Chung,1,1,0
Actor,Jessica Paré,1,0,1
Actor,Ekaterina Kisten,1,0,1
Actor,Reema Debnath,1,1,0
Actor,Lenny Henry,1,1,0
Actor,Natalia Dominguez,1,1,0
Actor,Iván Arana,1,1,0
Actor,Eloi Costa,1,1,0
Actor,Kirstin Howell,1,1,0
Actor,Smita Bansal,1,1,0
Actor,Elitsa Bako,1,1,0
Actor,Maurizio Arena,1,1,0
Actor,Mary Gillis,1,1,0
Actor,Angelina Carballo,1,0,1
Actor,Steven Spielberg,1,0,1
Actor,Meredith Salenger,1,1,0
Actor,Norihiro Inoue,1,0,1
Actor,Rafael Montalvo,1,1,0
Actor,John Cothran,1,1,0
Actor,Susan Blommaert,1,1,0
Actor,Demore Barnes,1,0,1
Actor,Lucila Solá,1,1,0
Actor,Jefferson Mays,1,1,0
Actor,K.C. Clyde,1,1,0
Actor,Sudhir Joshi,1,1,0
Actor,Alan Young,1,1,0
Actor,Gabe Liedman,1,1,0
Actor,Dave Wills,1,0,1
Actor,Burak Yiğit,1,1,0
Actor,Patrick Lyster,1,1,0
Actor,Marilyn Burns,1,1,0
Actor,Jack Osbourne,1,1,0
Actor,Jeneva Talwar,1,1,0
Actor,Jordan Todosey,1,1,0
Actor,Jaime Maussan,1,0,1
Actor,Paula Serrano,1,0,1
Actor,Jay Vithlani,1,1,0
Actor,Seth Numrich,1,0,1
Actor,Sakhi Gokhale,1,1,0
Actor,Michael Donovan,1,1,0
Actor,Mike Paixao,1,0,1
Actor,Emily Chang,1,1,0
Actor,Lorita Meg,1,1,0
Actor,AJ Bowen,1,1,0
Actor,Jakob Cedergren,1,1,0
Actor,Robert Hays,1,1,0
Actor,Kenji Nomura,1,0,1
Actor,Penny Downie,1,1,0
Actor,Padam Mishra,1,1,0
Actor,Jaran Ngamdee,1,1,0
Actor,Mayté Cordeiro,1,0,1
Actor,Barış Kılıç,1,0,1
Actor,Chloe Levine,1,1,0
Actor,Tejaswini Kolhapure,1,1,0
Actor,Stephanie Cole,1,0,1
Actor,Geng Bowen,1,1,0
Actor,Kate Burton,1,1,0
Actor,Jaime FitzSimons,1,1,0
Actor,Anand Ingle,1,1,0
Actor,Sahabanu Zolghadr,1,1,0
Actor,Misty Copeland,1,1,0
Actor,Kubilay Sarikaya,1,1,0
Actor,Seth Cassell,1,1,0
Actor,Catherine Scorsese,1,1,0
Actor,Sqikin Kamal,1,0,1
Actor,Arbaz Shaikh,1,1,0
Actor,Hee-Jin Lee,1,0,1
Actor,Drew Casson,1,1,0
Actor,Gerald Webb,1,1,0
Actor,Chetan,1,1,0
Actor,Sean McGinley,1,0,1
Actor,Neelam Muneer,1,1,0
Actor,Nathaniel Marston,1,1,0
Actor,Rachel Korine,1,1,0
Actor,Evan Todd,1,1,0
Actor,Shivani Ghai,1,1,0
Actor,Aaron Blakely,1,1,0
Actor,John Musker,1,1,0
Actor,Ananya Chatterjee,1,1,0
Actor,Amanda Hariz,1,0,1
Actor,H.G. Dattatreya,1,1,0
Actor,Sean Kenin,1,1,0
Actor,Gong Yi Teng,1,0,1
Actor,Nancy Marchand,1,1,0
Actor,Pooja Sawant,1,1,0
Actor,Rick Glassman,1,1,0
Actor,Um Apasiri Nitibhon,1,0,1
Actor,Saki Tsukamoto,1,1,0
Actor,Joy Pan,1,0,1
Actor,Amy Miller,1,0,1
Actor,Joe Jackson,1,1,0
Actor,Avrinder Kaur,1,1,0
Actor,Komal Gawade,1,1,0
Actor,Yin Shuyi,1,0,1
Actor,Tsui Ling Yu,1,1,0
Actor,George Sample III,1,1,0
Actor,Shawn Wayans,1,1,0
Actor,Anahí de Cárdenas,1,1,0
Actor,Héctor Loeza,1,0,1
Actor,Tom Aldredge,1,1,0
Actor,Nicolas Hope,1,1,0
Actor,Marko Zaror,1,1,0
Actor,Jan Lewan,1,1,0
Actor,Arnel Taci,1,1,0
Actor,Tobias Jelinek,1,1,0
Actor,Tim Ahern,1,1,0
Actor,Julie Gayet,1,1,0
Actor,Mervyn Drake,1,1,0
Actor,Biddy Hodson,1,1,0
Actor,Kaiwi Lyman-Mersereau,1,1,0
Actor,Divji Handa,1,1,0
Actor,Parambrata Chattopadhyay,1,1,0
Actor,Hal Scardino,1,1,0
Actor,Emmy Laybourne,1,1,0
Actor,Mahir Günşiray,1,0,1
Actor,Liliana de Vries,1,1,0
Actor,Charles Michael Davis,1,0,1
Actor,Ali Rizvi,1,1,0
Actor,Mads Koudal,1,1,0
Actor,Nick Stahl,1,1,0
Actor,Sky Sudberry,1,1,0
Actor,Marianne Sägebrecht,1,1,0
Actor,Lloyd Clay Brown,1,1,0
Actor,Sam James White,1,1,0
Actor,Fortunato Cerlino,1,0,1
Actor,Jon Olson,1,1,0
Actor,Chris Violette,1,0,1
Actor,Tony Nikolakopoulos,1,1,0
Actor,Won-joong Jung,1,1,0
Actor,Martina García,1,0,1
Actor,Matt Price,1,1,0
Actor,Eilif Hellum Noraker,1,1,0
Actor,John Marley,1,1,0
Actor,Arja Lee,1,1,0
Actor,Ayesha Takia,1,1,0
Actor,Haruki Ishiya,1,0,1
Actor,Matt Hullum,1,0,1
Actor,Nonna Cardoner,1,0,1
Actor,Tina Casciani,1,1,0
Actor,Pamelyn Ferdin,1,1,0
Actor,Michael Nouri,1,1,0
Actor,Bir Sakuja,1,1,0
Actor,Glaiza De Castro,1,1,0
Actor,Tara Buck,1,1,0
Actor,Nick Wallis,1,0,1
Actor,Eileen Galindo,1,1,0
Actor,Andrea Grano,1,1,0
Actor,Simon Elrahi,1,0,1
Actor,Salahuddin Tunio,1,1,0
Actor,Ron Lea,1,1,0
Actor,Gloria Allred,1,1,0
Actor,Kevin Leslie,1,1,0
Actor,Madeleine Peters,1,1,0
Actor,Saurabh Sachdeva,1,1,0
Actor,Anna Gunndís Guðmundsdóttir,1,1,0
Actor,Patiparn Pataweekarn,1,0,1
Actor,Emilie Gavois-Kahn,1,1,0
Actor,Omar Victor Diop,1,1,0
Actor,Josh Crotty,1,1,0
Actor,Craig Parker,1,0,1
Actor,Cameron Jebo,1,1,0
Actor,Kelly Eleftheriou,1,1,0
Actor,Breffini McKenna,1,1,0
Actor,Alexander Strobele,1,1,0
Actor,Liu Tao,1,1,0
Actor,Upyendra Limaye,1,1,0
Actor,Henry Méndez,1,1,0
Actor,Lacy Moore,1,1,0
Actor,David Lee Mckinney,1,0,1
Actor,Kristina Akheeva,1,1,0
Actor,Dylan Smith,1,1,0
Actor,Ryan Merriman,1,1,0
Actor,Melany Bennet,1,1,0
Actor,Jackie Kashian,1,1,0
Actor,Daymond John,1,0,1
Actor,Isha Keskar,1,1,0
Actor,Nicolás Vázquez,1,1,0
Actor,Aneirin Hughes,1,0,1
Actor,Olivier Claverie,1,1,0
Actor,Lauren Giraldo,1,1,0
Actor,Nithin George,1,1,0
Actor,Sudipto Chattopadhyay,1,1,0
Actor,Qin Hailu,1,1,0
Actor,Jaime de Diego,1,0,1
Actor,Rita Tuckett,1,1,0
Actor,Julie Dawn Cole,1,1,0
Actor,Atmaram Bhende,1,1,0
Actor,Adam Lustick,1,0,1
Actor,Józef Rosiński,1,1,0
Actor,Souleymane M'Baye,1,1,0
Actor,Hayden Panettiere,1,1,0
Actor,Edmund Fetting,1,1,0
Actor,Susan Boyle,1,1,0
Actor,Andre Kim,1,0,1
Actor,Ram John Holder,1,1,0
Actor,Rona Figueroa,1,1,0
Actor,Rob Van Dam,1,1,0
Actor,Paul Greenberg,1,1,0
Actor,Alain Saadeh,1,1,0
Actor,Seong-joo Kim​,1,0,1
Actor,Alberto Collado,1,0,1
Actor,Annisa Rawles,1,1,0
Actor,Jonathan Wu,1,1,0
Actor,Smile Weng,1,0,1
Actor,Won Jin-ah,1,0,1
Actor,Blake Michael,1,1,0
Actor,Cheryl Campbell,1,0,1
Actor,Sarah Edmondson,1,0,1
Actor,Darshan Pandya,1,1,0
Actor,Caitlin Stasey,1,0,1
Actor,Kanata Hongo,1,1,0
Actor,Roselyn Sanchez,1,1,0
Actor,Alex Papps,1,1,0
Actor,Rahul Subramanian,1,0,1
Actor,Suhas Bhalekar,1,1,0
Actor,Kali Rocha,1,0,1
Actor,Zezé Polessa,1,1,0
Actor,Kaelynn Craddick,1,1,0
Actor,Neil Giuntoli,1,1,0
Actor,Kimrie Lewis-Davis,1,1,0
Actor,Joe Dorsey,1,1,0
Actor,Felipe Neto,1,1,0
Actor,Ellie Grainger,1,1,0
Actor,Ilay Kurelovic,1,1,0
Actor,Valentin Merlet,1,1,0
Actor,Sophie Verbeeck,1,1,0
Actor,Nandhan Unni,1,1,0
Actor,Farrand Thompson,1,0,1
Actor,Rafał Banaś,1,1,0
Actor,Nick Marcq,1,1,0
Actor,Alfred Ryder,1,1,0
Actor,Bhed Sinha,1,1,0
Actor,Jade Hassouné,1,1,0
Actor,Otto Djauhari,1,1,0
Actor,Kimberly Elise,1,1,0
Actor,Milo Cawthorne,1,0,1
Actor,Kamal Desai,1,1,0
Actor,Owen Campbell,1,1,0
Actor,Tarık Akan,1,1,0
Actor,Daniel Candia,1,0,1
Actor,Barry Livingston,1,1,0
Actor,Eric Savin,1,0,1
Actor,Organ Wacharapolmek,1,0,1
Actor,Elizabeth Masucci,1,1,0
Actor,Sarah Lyle,1,0,1
Actor,Mishu Vellani,1,1,0
Actor,Lori Singer,1,1,0
Actor,Sarah Henderson,1,1,0
Actor,Petey Majik Nguyen,1,1,0
Actor,Eryk Lubos,1,1,0
Actor,Rod McLachlan,1,1,0
Actor,Rachael Oniga,1,1,0
Actor,Will Janowitz,1,1,0
Actor,David H. Stevens,1,1,0
Actor,André Gonçalves,1,1,0
Actor,Micah Lynn Hanson,1,1,0
Actor,Steve Lund,1,0,1
Actor,Adam Baldwin,1,1,0
Actor,Johnny Baweja,1,1,0
Actor,John Abbott,1,1,0
Actor,Mora Arenillas,1,1,0
Actor,Sonja Vukićević,1,1,0
Actor,Pancho Demmings,1,0,1
Actor,Lenny Kaye,1,1,0
Actor,Stephen Sondheim,1,1,0
Actor,Anjali Jathar,1,1,0
Actor,Rukhsar,1,1,0
Actor,Jeong Man-sik,1,1,0
Actor,Christopher Clarke,1,0,1
Actor,Robert Wisdom,1,0,1
Actor,Dennis Roady,1,1,0
Actor,Bryan Chesters,1,1,0
Actor,Katy Mixon,1,1,0
Actor,J.P. Manoux,1,1,0
Actor,Kat Stewart,1,0,1
Actor,Kura Forrester,1,1,0
Actor,Fábio Lucindo,1,1,0
Actor,Herzl Tobey,1,1,0
Actor,Dustin Clare,1,0,1
Actor,Jane Widdop,1,1,0
Actor,Murad Ali,1,1,0
Actor,Christoph Sanders,1,1,0
Actor,Andrzej Dobosz,1,1,0
Actor,Géza Morcsányi,1,1,0
Actor,Christopher Williams,1,1,0
Actor,Nikita Ramsey,1,1,0
Actor,Chen Kuan-tai,1,1,0
Actor,Robert Racki,1,1,0
Actor,Meagen Fay,1,1,0
Actor,Doug Murray,1,1,0
Actor,Marie Mouté,1,1,0
Actor,Anirban Bhattacharya,1,1,0
Actor,Rachel Vanduzer,1,1,0
Actor,Sarah Desjardins,1,0,1
Actor,Barış Falay,1,0,1
Actor,Matías Bassi,1,1,0
Actor,Aly Eltayeb,1,1,0
Actor,T-Bone,1,1,0
Actor,Jolanta Lothe,1,1,0
Actor,Cylk Cozart,1,1,0
Actor,Alex Wolff,1,1,0
Actor,Sara Kashif,1,0,1
Actor,Taylar Hender,1,1,0
Actor,Kier Stewart,1,0,1
Actor,Vincent Caso,1,0,1
Actor,Wei Daxun,1,1,0
Actor,Paulyn Sun,1,1,0
Actor,Emilie de Preissac,1,0,1
Actor,Alejandro Durán,1,0,1
Actor,Nantawut Boonrubsub,1,1,0
Actor,Jazzy B,1,1,0
Actor,Tushar Phulke,1,1,0
Actor,Bryan Brown,1,1,0
Actor,Justin Trudeau,1,1,0
Actor,Nico Panagio,1,1,0
Actor,Sara El Mhamdi Elaaloui,1,1,0
Actor,Rita Lengyel,1,1,0
Actor,Josh Herdman,1,1,0
Actor,Tony Robinow,1,1,0
Actor,Kyle Jameson,1,1,0
Actor,David James,1,1,0
Actor,Leonid Bichevin,1,0,1
Actor,Christopher Titus,1,1,0
Actor,Mayumi Kawai,1,0,1
Actor,Rick Warner,1,1,0
Actor,David Oakes,1,0,1
Actor,Jenny O'Hara,1,1,0
Actor,Siddharth Vasudev,1,0,1
Actor,Mar del Hoyo,1,0,1
Actor,John Kani,1,1,0
Actor,Jeremy Bulloch,1,1,0
Actor,Patrick Bauchau,1,1,0
Actor,Paco Manzanedo,1,1,0
Actor,Alice Lee,1,1,0
Actor,Patricia Zentilli,1,1,0
Actor,Diana Agostini,1,1,0
Actor,Herbie Baez,1,0,1
Actor,Brahm Bhardwaj,1,1,0
Actor,Frances Tophill,1,0,1
Actor,Nancy Allen,1,1,0
Actor,Lyndon Smith,1,1,0
Actor,Dara Heng,1,1,0
Actor,Demosthenes Chrysan,1,0,1
Actor,Sheldon Best,1,1,0
Actor,Kim Strauss,1,0,1
Actor,Helge Schneider,1,1,0
Actor,Céline Melloul,1,1,0
Actor,Thea Petrie,1,1,0
Actor,Suzannah Lipscomb,1,0,1
Actor,Noorin Gulamgaus,1,1,0
Actor,Yasemin Allen,1,0,1
Actor,Jean Schertler,1,1,0
Actor,Curtis York,1,1,0
Actor,Peerawit Boonark,1,1,0
Actor,Tone Bell,1,0,1
Actor,Lennard Kuras,1,1,0
Actor,Edward Lawrence Albert,1,0,1
Actor,Samira Maqroun,1,1,0
Actor,David Ogden Stiers,1,1,0
Actor,Anthony Hayes,1,1,0
Actor,Nikki James,1,1,0
Actor,Kathleen Laskey,1,0,1
Actor,Sara Sanz,1,0,1
Actor,Mateusz Dopieralski,1,1,0
Actor,Kathleen Zuelch,1,0,1
Actor,Rif Hutton,1,1,0
Actor,Bok-gi Min,1,1,0
Actor,Al Weaver,1,1,0
Actor,Sarain Boylan,1,1,0
Actor,Ken Chung,1,1,0
Actor,J.C. Chasez,1,1,0
Actor,Carrie Ng,1,1,0
Actor,Kevin Stone,1,1,0
Actor,Nat Myria Benedetti,1,0,1
Actor,Jack Colvin,1,1,0
Actor,Rachel Paulson,1,1,0
Actor,Ichiro Nagai,1,1,0
Actor,Julian Bailey,1,1,0
Actor,Melissa McMeekin,1,1,0
Actor,Vishnu Vinay,1,1,0
Actor,Delphine Théodore,1,1,0
Actor,Veronika Shostak,1,1,0
Actor,Harrison Fahn,1,1,0
Actor,Mike Starr,1,1,0
Actor,Sydney Sweeney,1,0,1
Actor,Beverly Johnson,1,1,0
Actor,Suresh Chatwal,1,1,0
Actor,Mansha Pasha,1,1,0
Actor,Hermione Gingold,1,1,0
Actor,Roberto Moll,1,0,1
Actor,Simple Kapadia,1,1,0
Actor,Blanca Portillo,1,1,0
Actor,Q'orianka Kilcher,1,1,0
Actor,Ranjeeta Kaur,1,1,0
Actor,Sam Jones,1,0,1
Actor,Bappi Lahiri,1,1,0
Actor,Theo Marcuse,1,1,0
Actor,Clive Davis,1,1,0
Actor,Yuvraj Siddharth Singh,1,1,0
Actor,Ramy Essam,1,1,0
Actor,Ann Eleonora Jorgensen,1,0,1
Actor,Eva Bella,1,1,0
Actor,Gillian Zinser,1,1,0
Actor,Peter Mackenzie,1,1,0
Actor,Hannah Britland,1,0,1
Actor,Sean Dulake,1,0,1
Actor,Bobby Hanson,1,1,0
Actor,Miroljub Lešo,1,1,0
Actor,Tamala Jones,1,1,0
Actor,Kazuki Yano,1,1,0
Actor,Maria Pia Calzone,1,0,1
Actor,Iaia Forte,1,1,0
Actor,Trang Le Hong,1,1,0
Actor,DeShaun Clarke,1,0,1
Actor,Chen Yating,1,0,1
Actor,Kevin Draine,1,0,1
Actor,Ali Badshah,1,1,0
Actor,Dylan Vox,1,1,0
Actor,Daria Ramirez,1,1,0
Actor,Brave Williams,1,1,0
Actor,Marcus Lyle Brown,1,1,0
Actor,David Campbell,1,1,0
Actor,Raúl Meneses,1,1,0
Actor,Castille Landon,1,1,0
Actor,Grace Woodward,1,0,1
Actor,Mickey Rourke,1,1,0
Actor,Copter Phumin,1,0,1
Actor,Kaalan Walker,1,1,0
Actor,Pascal Demolon,1,0,1
Actor,Deborah Grall,1,1,0
Actor,Yasmin Ponnappa,1,1,0
Actor,Lionnel Astier,1,1,0
Actor,Jon Arthur,1,1,0
Actor,Yuuka Nanri,1,0,1
Actor,Joan Didion,1,1,0
Actor,Gatlin Green,1,1,0
Actor,Sumeet Nijhawan,1,1,0
Actor,Zhang Ming En,1,0,1
Actor,Kimi Verma,1,1,0
Actor,Donnie Wahlberg,1,1,0
Actor,Sushama Deshpande,1,1,0
Actor,Alex Kaluzhsky,1,1,0
Actor,Todd Cummings,1,1,0
Actor,Charlotte Carel,1,1,0
Actor,Dustin Ybarra,1,1,0
Actor,Vince Rillon,1,0,1
Actor,Kapil Punjabi,1,1,0
Actor,Ram Dass,1,1,0
Actor,Lesley Gore,1,1,0
Actor,Young-jo Yang,1,0,1
Actor,Leslie Carrara-Rudolph,1,0,1
Actor,Nawat Kulrattanarak,1,0,1
Actor,Khaled Nagy,1,1,0
Actor,Luis Lobianco,1,0,1
Actor,Julia Voth,1,1,0
Actor,Claudio Torres,1,1,0
Actor,Ashley Palmer,1,1,0
Actor,Dong Xiangrong,1,0,1
Actor,Emma Gilmour,1,1,0
Actor,Peter Jaymes Jr.,1,1,0
Actor,Alex Calloway,1,1,0
Actor,Nicola Duffett,1,1,0
Actor,Amund Hellum Noraker,1,1,0
Actor,Heather McDonald,1,1,0
Actor,Adam Nee,1,1,0
Actor,Devid Striesow,1,1,0
Actor,Thomas Gonzalez,1,1,0
Actor,Mike Reynolds,1,0,1
Actor,Ralph Brown,1,1,0
Actor,John P. Fowler,1,1,0
Actor,Nergis Çorakçi,1,1,0
Actor,Martha Lott,1,1,0
Actor,Xi Wei Lun,1,0,1
Actor,Kathryn Denning,1,0,1
Actor,João Côrtes,1,1,0
Actor,Gururaj Manepalli,1,1,0
Actor,Lauren Lavoie,1,1,0
Actor,Brittany Pressley,1,0,1
Actor,Louise Gold,1,0,1
Actor,Chung-wai Lee,1,1,0
Actor,Simon Quarterman,1,1,0
Actor,Ryan Ward,1,1,0
Actor,Grace Helbig,1,1,0
Actor,Robert Culp,1,1,0
Actor,Laura Mitchell,1,1,0
Actor,Erol Gedik,1,1,0
Actor,Aaron Keogh,1,1,0
Actor,Chinmayee Mandlekar,1,1,0
Actor,Randy Nidji,1,1,0
Actor,James Wolk,1,1,0
Actor,Jane Curtin,1,1,0
Actor,Heidi Lee,1,1,0
Actor,Jonathan Sandor,1,1,0
Actor,Alex Morgan,1,1,0
Actor,Meegwun Fairbrother,1,0,1
Actor,Bradley Bundlie,1,1,0
Actor,Kunika Lall,1,1,0
Actor,Paul Nicholls,1,0,1
Actor,Rocky Kanaka,1,0,1
Actor,Vitaly Zdorovetskiy,1,1,0
Actor,Tatum Marilyn Hall,1,1,0
Actor,Medi Sadoun,1,1,0
Actor,Ashok Sonawane,1,0,1
Actor,Paul Calderon,1,1,0
Actor,Will Shadley,1,1,0
Actor,Phil Crowley,1,1,0
Actor,Brandon Scott,1,1,0
Actor,Michael Tucci,1,1,0
Actor,Sanga Jagir,1,1,0
Actor,Mink Singh,1,1,0
Actor,Dan Beirne,1,1,0
Actor,Noelle Balfour,1,1,0
Actor,Harnek Aulakh,1,1,0
Actor,Leon Logothetis,1,0,1
Actor,Lars Helander,1,0,1
Actor,Zoë Bell,1,1,0
Actor,Thanyanan Pipatchaisiri,1,0,1
Actor,Morten Hee Andersen,1,0,1
Actor,Mariee Devereux,1,0,1
Actor,Natacha Koutchoumov,1,1,0
Actor,Tamotsu Kanshuji,1,0,1
Actor,Lucía Jiménez,1,0,1
Actor,James Dugan,1,1,0
Actor,Danielle Nicole,1,0,1
Actor,Zamokuhle Nxasana,1,1,0
Actor,Mohamed Soliman,1,1,0
Actor,Lee Benton,1,1,0
Actor,Birce Akalay,1,0,1
Actor,Andrey Dementiev,1,1,0
Actor,Hernán Jiménez,1,1,0
Actor,Craig Hyde-Smith,1,1,0
Actor,Jayakrishnan,1,1,0
Actor,Vernon Dobtcheff,1,0,1
Actor,Markees Christmas,1,1,0
Actor,Bart Bordelon,1,0,1
Actor,Jonathan Kydd,1,1,0
Actor,Atheena Frizzell,1,1,0
Actor,Gaurav Chanana,1,1,0
Actor,DJ Ruckus,1,0,1
Actor,Vijay Salve,1,1,0
Actor,Tengku Putri Najuwa,1,0,1
Actor,Amit Kumar Tiwari,1,1,0
Actor,Shabbir Khan,1,1,0
Actor,Gregg Braden,1,1,0
Actor,Maya Kazan,1,1,0
Actor,Jian Chang,1,0,1
Actor,Jak Knight,1,0,1
Actor,Raphael,1,1,0
Actor,Yu-chun Park,1,1,0
Actor,Sofia Eng,1,1,0
Actor,Bárbara Mori,1,0,1
Actor,Waseem Abbas,1,0,1
Actor,Taranjit Singh,1,1,0
Actor,Theodore Pellerin,1,1,0
Actor,Yuan Shuai,1,0,1
Actor,Michael McGrady,1,1,0
Actor,Sami Maghouri,1,1,0
Actor,Shamoon Abbasi,1,1,0
Actor,Charlotte Tomaszewska,1,1,0
Actor,Gerardo Murguía,1,0,1
Actor,Jeong-hak Park,1,0,1
Actor,Kyme,1,1,0
Actor,Pál Mácsai,1,1,0
Actor,Ratna Galih,1,1,0
Actor,Heinz Lieven,1,1,0
Actor,Carrie Harrington,1,1,0
Actor,Michael Tse,1,1,0
Actor,Jennifer Robyn Jacobs,1,1,0
Actor,Marsha Mason,1,1,0
Actor,Garion Dowds,1,1,0
Actor,Allie Grant,1,0,1
Actor,Lawrence Dane,1,1,0
Actor,Cyron Melville,1,1,0
Actor,Wally Dunn,1,1,0
Actor,Włodzimierz Boruński,1,1,0
Actor,Lenka Vlasáková,1,1,0
Actor,Daniela Sea,1,0,1
Actor,Candela Recio,1,1,0
Actor,Kim-Henning Nilsen,1,0,1
Actor,Sabrine,1,1,0
Actor,Ilia Volok,1,0,1
Actor,Jan Hammenecker,1,0,1
Actor,Stormi Henley,1,1,0
Actor,Mickey Spillane,1,0,1
Actor,Nancy Carroll,1,0,1
Actor,Michael S. Siegel,1,1,0
Actor,Olisa Odele,1,0,1
Actor,Gabrielle Trudel,1,0,1
Actor,Allie MacDonald,1,1,0
Actor,Analú Prestes,1,1,0
Actor,Sun-Young Park,1,0,1
Actor,Anna Gras,1,1,0
Actor,Advah Soudack,1,1,0
Actor,Dale Elliott,1,1,0
Actor,Ryan Friedlinghaus,1,0,1
Actor,Rendy Khrisna,1,1,0
Actor,Camilo Borges,1,1,0
Actor,Qiuyan Huang,1,1,0
Actor,Bibi Besch,1,1,0
Actor,Osy Ikhile,1,0,1
Actor,Akanksha Puri,1,1,0
Actor,Yvonnick Muller,1,1,0
Actor,Ani Hovhannisyan,1,1,0
Actor,Carel Struycken,1,1,0
Actor,Anjan Dutt,1,1,0
Actor,Nancy Talamantes,1,1,0
Actor,Narendra Jetley,1,1,0
Actor,Hilary Shepard,1,0,1
Actor,Albert Evans,1,1,0
Actor,Ajay Mehta,1,1,0
Actor,Mrinmayee Deshpande,1,1,0
Actor,Joe Renton,1,1,0
Actor,Victoria Clare,1,1,0
Actor,Mark Olive,1,0,1
Actor,Nolan Gould,1,1,0
Actor,Krunoslav Saric,1,1,0
Actor,Tracy Ann Oberman,1,0,1
Actor,Neal Ward,1,1,0
Actor,Molly Angamaly,1,1,0
Actor,Yousef Almahmodi,1,1,0
Actor,Alessandra Torresani,1,1,0
Actor,Adrian Grösser,1,0,1
Actor,Wen-Chu Yang,1,1,0
Actor,Sarah Baldwin,1,1,0
Actor,Leslie Jordan,1,1,0
Actor,Quincy Harris,1,1,0
Actor,Tishuan Scott,1,1,0
Actor,Roman Atwood,1,1,0
Actor,Alexandria Lee,1,1,0
Actor,Chaiyapol Pupart,1,0,1
Actor,Jeananne Goossen,1,0,1
Actor,Vinod Ramani,1,1,0
Actor,Mark Lavery,1,1,0
Actor,Peter James Haworth,1,1,0
Actor,Ma Tianyu,1,0,1
Actor,Leonard Gaines,1,1,0
Actor,Dino Fetscher,1,0,1
Actor,Peter Licassi,1,1,0
Actor,Avu-chan,1,0,1
Actor,Rag’n’Bone Man,1,0,1
Actor,Kane Kosugi,1,1,0
Actor,Meren Reddy,1,0,1
Actor,Şafak Pekdemir,1,1,0
Actor,Basak Köklükaya,1,0,1
Actor,Christy Yow,1,0,1
Actor,Volkmar Kleinert,1,1,0
Actor,Georges Corraface,1,1,0
Actor,Chen Ke Mei,1,0,1
Actor,Ai Satou,1,0,1
Actor,Daniel Bellomy,1,1,0
Actor,Şenay Gürler,1,0,1
Actor,Peter Jordan,1,1,0
Actor,Jordan Bridges,1,1,0
Actor,Sho Ikushima,1,1,0
Actor,Jay Karnes,1,1,0
Actor,José Santillán Cabuto,1,1,0
Actor,Eva Link,1,1,0
Actor,Daniel O'Shea,1,1,0
Actor,James Kirk,1,0,1
Actor,Grace Dove,1,1,0
Actor,Mickey Ferriols,1,1,0
Actor,Alexander Martin,1,1,0
Actor,Shaquila Angela Griszell,1,1,0
Actor,Konstantin Anikienko,1,1,0
Actor,Derek Lee Nixon,1,1,0
Actor,Randy Savage,1,1,0
Actor,Adriane Daff,1,1,0
Actor,Christoph Jungmann,1,1,0
Actor,Isabelle Andary-Geslin,1,1,0
Actor,Aybars Kartal Özson,1,0,1
Actor,Patsy Kelly,1,1,0
Actor,David Zorrilla,1,1,0
Actor,Martin Compston,1,0,1
Actor,Nakul Bhalla,1,1,0
Actor,Alexis Louder,1,1,0
Actor,Sam Behrens,1,1,0
Actor,Jerome Holder,1,1,0
Actor,Eddie Griffin,1,1,0
Actor,Shinpachi Tsuji,1,0,1
Actor,Pablo Bracho,1,0,1
Actor,Warren Clarke,1,1,0
Actor,Isaiah Kristian,1,1,0
Actor,Karim Saleh,1,1,0
Actor,Marie Leuenberger,1,1,0
Actor,Brigitte Rosset,1,1,0
Actor,Tom Whyte,1,0,1
Actor,Rhys Wakefield,1,1,0
Actor,Marshall Crenshaw,1,1,0
Actor,Kyung-nam Kim,1,0,1
Actor,Pyotr Fyodorov,1,0,1
Actor,Eric Ladin,1,1,0
Actor,Mitchell Mullen,1,1,0
Actor,Cameron Harlow,1,1,0
Actor,Ernest Ndhlovu,1,1,0
Actor,Kevin Ragsdale,1,1,0
Actor,Julian Morris,1,1,0
Actor,Jolie Vanier,1,1,0
Actor,Randhir,1,1,0
Actor,Violette Wautier,1,0,1
Actor,Lisa Summerour,1,1,0
Actor,Vincent Grass,1,1,0
Actor,Jennifer Damiano,1,1,0
Actor,Kwesi Boakye,1,1,0
Actor,Ravindra Mankani,1,1,0
Actor,Mark van Eeuwen,1,1,0
Actor,Diana Decker,1,1,0
Actor,Dermot Crowley,1,1,0
Actor,Bee Vang,1,1,0
Actor,Jerzy Zelnik,1,1,0
Actor,Boyz II Men,1,1,0
Actor,Louis Minnaar,1,1,0
Actor,Shane McRae,1,1,0
Actor,Lydia Hull,1,1,0
Actor,He Yu-chen,1,0,1
Actor,Stephnie Weir,1,1,0
Actor,Trent 'Maxi' Maxwell,1,0,1
Actor,Amelia Sheeler,1,1,0
Actor,Olly Alexander,1,1,0
Actor,Alex Kelly,1,1,0
Actor,Corey Yuen,1,1,0
Actor,Henry Cele,1,0,1
Actor,Louie Anderson,1,1,0
Actor,Tyler James Williams,1,1,0
Actor,Liu Mintao,1,0,1
Actor,Emily Rios,1,1,0
Actor,Prakashchandra Roy,1,1,0
Actor,Zayn Malik,1,1,0
Actor,Adam Faraizl,1,1,0
Actor,Tosin Sido,1,1,0
Actor,Seung-Yeon Han,1,0,1
Actor,Kathy Wu,1,1,0
Actor,Pat Corley,1,1,0
Actor,Stanley Anderson,1,1,0
Actor,Stephanie Honoré,1,1,0
Actor,Laxmikant Berde,1,1,0
Actor,Sona Eyambe,1,1,0
Actor,Steven Krueger,1,0,1
Actor,Bill Lobley,1,1,0
Actor,Milo Shandel,1,0,1
Actor,Atheer Adel,1,0,1
Actor,Jack Foley,1,1,0
Actor,Katie Couric,1,1,0
Actor,Kyra Dutt,1,1,0
Actor,Luciana Souza,1,1,0
Actor,Nicholas Massouh,1,1,0
Actor,Jess Kuss,1,1,0
Actor,Ty Olwin,1,1,0
Actor,BtoB,1,1,0
Actor,Robby Benson,1,1,0
Actor,Christopher Lawford,1,1,0
Actor,Vasuki,1,1,0
Actor,Apoorva Jha,1,1,0
Actor,Daniel Gillies,1,0,1
Actor,Meegan Warner,1,0,1
Actor,Nutan,1,1,0
Actor,Juan Pablo Campa,1,1,0
Actor,Kishore Sathya,1,1,0
Actor,Sophie Vavasseur,1,1,0
Actor,Ayisha Siddiqi,1,1,0
Actor,Steve Downes,1,1,0
Actor,Esther Anil,1,1,0
Actor,Brianna Knickerbocker,1,1,0
Actor,Rafael Primot,1,1,0
Actor,Dan Godwin,1,0,1
Actor,Matthew Mintz,1,0,1
Actor,Colleen O'Shaughnessey,1,0,1
Actor,Daniel J. Travanti,1,1,0
Actor,Dreama Walker,1,1,0
Actor,Yvonne Delaine,1,1,0
Actor,Bill Morey,1,1,0
Actor,Assumpta Serna,1,1,0
Actor,Veanne Cox,1,1,0
Actor,John Bourgeois,1,1,0
Actor,Jamie Clayton,1,0,1
Actor,Olivia Bucio,1,0,1
Actor,Charlotte Coleman,1,1,0
Actor,Ray Walston,1,1,0
Actor,Daisy Irani,1,1,0
Actor,Kriti Kharbanda,1,1,0
Actor,Suteerush Channukool,1,1,0
Actor,Kent Shocknek,1,1,0
Actor,Hou Xuelong,1,0,1
Actor,Anisa George,1,1,0
Actor,Alexa Pano,1,1,0
Actor,Serdar Yeğin,1,0,1
Actor,Helen Shaver,1,1,0
Actor,Atiqa Odho,1,0,1
Actor,Xand van Tulleken,1,0,1
Actor,Maria Farida,1,0,1
Actor,Ari Shaffir,1,0,1
Actor,John Dugan,1,1,0
Actor,Dustin McKenzie,1,1,0
Actor,Zhang Jingchu,1,1,0
Actor,Rakeen Saad,1,1,0
Actor,Steinar Sagen,1,0,1
Actor,Brett Paesel,1,0,1
Actor,Vinay Jain,1,0,1
Actor,Leslie Shaw,1,1,0
Actor,Tato,1,1,0
Actor,Chandreyee Ghosh,1,1,0
Actor,Kevin Razy,1,1,0
Actor,Morten Svartveit,1,0,1
Actor,Danielle Harold,1,1,0
Actor,Kiana Ledé,1,0,1
Actor,Emrah Kaman,1,1,0
Actor,Lesley Ann Warren,1,1,0
Actor,Rozi Baker,1,1,0
Actor,Katie Featherston,1,1,0
Actor,Liu Kai Chi,1,1,0
Actor,Bülent Emin Yarar,1,0,1
Actor,Darren Lim,1,0,1
Actor,Kiana Madani,1,1,0
Actor,Hye-won Jeong,1,0,1
Actor,Andrzej Łapicki,1,1,0
Actor,Shioli Kutsuna,1,1,0
Actor,Takayo Fischer,1,1,0
Actor,Mustafa Alabora,1,0,1
Actor,Jay Kushwara,1,1,0
Actor,Marcus Lamb,1,1,0
Actor,Amy Green,1,1,0
Actor,Paola Moreno,1,0,1
Actor,Jay Abdo,1,1,0
Actor,Brad Potts,1,1,0
Actor,Jonas Armstrong,1,0,1
Actor,Krisha Kurup,1,1,0
Actor,B-Bomb,1,0,1
Actor,Kali Bannerjee,1,1,0
Actor,Alexandra Carter,1,1,0
Actor,Hamza Abbasi,1,1,0
Actor,James Russell,1,1,0
Actor,Molly Reisman,1,1,0
Actor,Debra Mooney,1,1,0
Actor,River Phoenix,1,1,0
Actor,Leïti Sène,1,0,1
Actor,Malak Koura,1,1,0
Actor,Austin McKenzie,1,1,0
Actor,Jamie Jacqueline Burns,1,1,0
Actor,Spencer Liff,1,1,0
Actor,Aurélien Recoing,1,1,0
Actor,Anthony Murphy,1,1,0
Actor,Henning Jensen,1,1,0
Actor,Piera Degli Esposti,1,1,0
Actor,Stéphane Rideau,1,1,0
Actor,Joanna Hausmann,1,0,1
Actor,Tanikella Bharani,1,1,0
Actor,Tammy Anderson,1,1,0
Actor,Ali-Asghar Shahbazi,1,1,0
Actor,Ainy Jaffri,1,1,0
Actor,Ed Byrne,1,0,1
Actor,Katie Jarvis,1,1,0
Actor,Gitanjali Dang,1,1,0
Actor,Fabrício Boliveira,1,1,0
Actor,Paul Gäbler,1,1,0
Actor,Jemma Powell,1,1,0
Actor,Joanna Christie,1,0,1
Actor,Masato Yano,1,0,1
Actor,Joen Højerslev,1,0,1
Actor,David Ross Paterson,1,1,0
Actor,Aleksey Gorbunov,1,0,1
Actor,Disha Kapoor,1,1,0
Actor,Sophie Marceau,1,1,0
Actor,Elliot Korte,1,1,0
Actor,Moon Bloodgood,1,1,0
Actor,Zozeen Panyanut Jirarottanakasem,1,0,1
Actor,Phuong Mai,1,1,0
Actor,Shashank Purushotham,1,1,0
Actor,Julien Souve,1,1,0
Actor,Hitesh Bhardwaj,1,0,1
Actor,Susie Power,1,1,0
Actor,Brent Roam,1,1,0
Actor,Julie McNiven,1,0,1
Actor,David J. Oserwe,1,1,0
Actor,Thanh Hoa,1,1,0
Actor,Lung Hsiung,1,1,0
Actor,Dong-hyuk Jang,1,0,1
Actor,Nolan Balzer,1,0,1
Actor,Philip Wright,1,0,1
Actor,Matthew Sussman,1,1,0
Actor,Mohamed Al Shakankeery,1,1,0
Actor,Brennan Elliott,1,1,0
Actor,Ali Hassanein,1,1,0
Actor,Su-jong Choi,1,0,1
Actor,Gaurav Paswala,1,1,0
Actor,Dino Lee,1,0,1
Actor,Nick Ferraro,1,1,0
Actor,Jan Świderski,1,1,0
Actor,Ye-ri Han,1,0,1
Actor,Nozomi Sasaki,1,0,1
Actor,Yuji Kishimoto,1,0,1
Actor,Sayed Sadek,1,1,0
Actor,Janine Birkett,1,1,0
Actor,Octavio Michel,1,1,0
Actor,Se-yeon Jin,1,1,0
Actor,Cristina Serafini,1,1,0
Actor,Sudheer Babu,1,1,0
Actor,Yogesh Kurme,1,1,0
Actor,Nicole Haddad,1,1,0
Actor,Ahmed Ezz,1,1,0
Actor,Alec Secareanu,1,1,0
Actor,"Łukasz ""Lotek” Lodkowski",1,1,0
Actor,Shin Hyun-joon,1,0,1
Actor,Peri Gilpin,1,0,1
Actor,Leonardo Cecchi,1,1,0
Actor,David Venancio Muro,1,0,1
Actor,Ngo Thanh Van,1,1,0
Actor,Michio Kaku,1,1,0
Actor,Kristofer Hivju,1,1,0
Actor,Esakki Barath,1,1,0
Actor,Starletta DuPois,1,1,0
Actor,Neha Khan,1,1,0
Actor,Michael Nirenberg,1,1,0
Actor,Seth Michaels,1,1,0
Actor,Debra Jo Rupp,1,0,1
Actor,Blanche Baker,1,1,0
Actor,Harshpreet Kaur,1,1,0
Actor,Masako Chiba,1,0,1
Actor,Gabriele Ferzetti,1,1,0
Actor,Emilie Jonsson,1,0,1
Actor,Nidhi Singh,1,1,0
Actor,Unnop Chanpaibool,1,1,0
Actor,Chua Kah Joo,1,1,0
Actor,Roy Jenson,1,1,0
Actor,Da Peng,1,1,0
Actor,Tomoko Kobashi,1,0,1
Actor,Iain Connell,1,0,1
Actor,Dana Hill,1,1,0
Actor,Neena Cheema,1,1,0
Actor,Philippe Dusseau,1,0,1
Actor,Bella Nazari,1,0,1
Actor,Brian Limond,1,0,1
Actor,Kimhak Mun,1,1,0
Actor,Alex Gonzalez,1,1,0
Actor,Asante Jones,1,1,0
Actor,Indra Herlambang,1,1,0
Actor,Mercy Malick,1,1,0
Actor,Petra Schmidt-Schaller,1,1,0
Actor,Myung-min Kim,1,1,0
Actor,William Houston,1,1,0
Actor,Aisling Loftus,1,1,0
Actor,Megan Roberts,1,0,1
Actor,America Ferrara,1,1,0
Actor,Sadhil Kapoor,1,0,1
Actor,Pascal Rambert,1,1,0
Actor,Larry Thomas,1,1,0
Actor,Lavinia Longhi,1,0,1
Actor,Nathalia Kaur,1,1,0
Actor,Pierfrancesco Diliberto,1,1,0
Actor,Saheb Bhattacharjee,1,1,0
Actor,Anwar Aljabri,1,1,0
Actor,Chrissy Metz,1,1,0
Actor,Lucas Dawson,1,1,0
Actor,Prakash Tuminadu,1,1,0
Actor,Mangal Kenkre,1,1,0
Actor,Billy James Machin,1,0,1
Actor,Tom Crisp,1,1,0
Actor,Terence Blanchard,1,1,0
Actor,Malvika Tiwari,1,1,0
Actor,Danny Lee,1,1,0
Actor,Arman Dewarti,1,1,0
Actor,Frankie Hinton,1,1,0
Actor,Enrique Rocha,1,0,1
Actor,Jaroslava Schallerová,1,1,0
Actor,Ian Ashpitel,1,1,0
Actor,Fraser Ayres,1,0,1
Actor,Kathleen Marshall,1,1,0
Actor,Supakson Chaimongkol,1,1,0
Actor,Sawitree Samipak,1,0,1
Actor,Laurent Stocker,1,1,0
Actor,Gameel Barsoum,1,1,0
Actor,Diana Elizabeth Torres,1,1,0
Actor,Sunil Sukthankar,1,1,0
Actor,Brian Milligan,1,1,0
Actor,Jon Polito,1,1,0
Actor,Matthew MacCaull,1,1,0
Actor,Hildegard Schroedter,1,1,0
Actor,Noel Johansen,1,0,1
Actor,Julia Davis,1,1,0
Actor,Tuulia Eloranta,1,1,0
Actor,Sofinar,1,1,0
Actor,Hallie Grace Bradley,1,1,0
Actor,Brittany S. Hall,1,1,0
Actor,Rakesh,1,1,0
Actor,Sarit Trilertvichien,1,0,1
Actor,Parth Bhalerao,1,1,0
Actor,Ally Sheedy,1,1,0
Actor,Kinna McInroe,1,1,0
Actor,Janicke Askevold,1,1,0
Actor,Carlos Hernan Romo,1,0,1
Actor,Rory McCann,1,1,0
Actor,Patrick Creery,1,1,0
Actor,Sonny Rollins,1,1,0
Actor,Missy Peregrym,1,1,0
Actor,Rajesh Kumar,1,1,0
Actor,Virti Vaghani,1,1,0
Actor,P.K. Nair,1,1,0
Actor,Jorge Hernández,1,0,1
Actor,Ruhi Singh,1,1,0
Actor,James Arthur Ray,1,1,0
Actor,Lalainia Lindbjerg,1,0,1
Actor,Evelyne Brochu,1,1,0
Actor,Mercedes Griffeth,1,1,0
Actor,Tara Deshpande,1,1,0
Actor,Setsuji Sato,1,0,1
Actor,Ainsley Harriott,1,0,1
Actor,Stijn Van Opstal,1,0,1
Actor,Dree Hemingway,1,1,0
Actor,Tejas Parvatkar,1,1,0
Actor,Ricardo Merkin,1,1,0
Actor,Teairra Mari,1,1,0
Actor,Ana María Ayala,1,1,0
Actor,Zhang Jiayi,1,1,0
Actor,Sulayman Id,1,1,0
Actor,Jonas Nay,1,1,0
Actor,Kevyn Aucoin,1,1,0
Actor,Sarah Jurgens,1,1,0
Actor,Polly Holliday,1,1,0
Actor,Amber An,1,0,1
Actor,Tooni Afolayan,1,1,0
Actor,Anthony Jensen,1,1,0
Actor,Mahendra Rabha,1,1,0
Actor,Gala Gordon,1,1,0
Actor,Ahmed Saleh,1,1,0
Actor,Alanah Gilbert,1,1,0
Actor,Kaoru Nagata,1,0,1
Actor,Janis McGavin,1,1,0
Actor,Kathryn Joosten,1,1,0
Actor,Ryuzaburo Otomo,1,0,1
Actor,Monique Gabriela Curnen,1,0,1
Actor,Cozi Zuehlsdorff,1,1,0
Actor,Jerry Reed,1,1,0
Actor,Arshima Thapar,1,0,1
Actor,Jeff Kober,1,1,0
Actor,Max Rose,1,1,0
Actor,Veronica Taylor,1,0,1
Actor,Jaromír Dulava,1,1,0
Actor,Thiti Mahayotaruk,1,0,1
Actor,Laerte Coutinho,1,1,0
Actor,Angira Dhar,1,1,0
Actor,Thom Green,1,0,1
Actor,Fikret Kuşkan,1,1,0
Actor,Tobias Truvillion,1,1,0
Actor,Andrew Reid,1,0,1
Actor,Steven Rishard,1,1,0
Actor,Charlize Lin,1,0,1
Actor,Apapattra Meesang,1,1,0
Actor,Monica Budde,1,1,0
Actor,Julie Farenc,1,0,1
Actor,Nana Visitor,1,0,1
Actor,Tizoc Arroyo,1,1,0
Actor,Laura Waddell,1,1,0
Actor,Choi Yeong Min,1,0,1
Actor,Pinchoo Kapoor,1,1,0
Actor,Naim Daniel,1,0,1
Actor,Yi Zhao,1,1,0
Actor,Tushar Pandey,1,1,0
Actor,Murat Başoğlu,1,1,0
Actor,Naveen Waqar,1,0,1
Actor,Madeleine Martin,1,0,1
Actor,Paul Goldblatt,1,1,0
Actor,Shamil Suleimanov,1,0,1
Actor,Toshiro Hisaki,1,1,0
Actor,Jonathan Tucker,1,1,0
Actor,Megan Ketch,1,1,0
Actor,Pervin Dastur,1,1,0
Actor,Jack Nance,1,0,1
Actor,Néstor Cantillana,1,1,0
Actor,Taher Farouz,1,1,0
Actor,Kirk Trutner,1,1,0
Actor,Susan Barnes,1,1,0
Actor,Nelly Prince,1,0,1
Actor,Onur Tuna,1,0,1
Actor,Marthe Bernard,1,0,1
Actor,Da-young Joo,1,0,1
Actor,Margo Stilley,1,1,0
Actor,Marc Bendavid,1,0,1
Actor,Laurence Mason,1,1,0
Actor,Zhang Xiaochen,1,0,1
Actor,David Bacon,1,0,1
Actor,Gohar Rasheed,1,1,0
Actor,Miwako Wagatsuma,1,0,1
Actor,Mar Saura,1,0,1
Actor,Natasha Yarovenko,1,1,0
Actor,Jacqueline Bisset,1,1,0
Actor,Kelcey Watson,1,1,0
Actor,Eric Stonestreet,1,1,0
Actor,María Mendive,1,1,0
Actor,Denny Paschall,1,1,0
Actor,Christopher Sieber,1,1,0
Actor,Theerapat Sajakul,1,1,0
Actor,Damien Fotiou,1,1,0
Actor,Soyeon,1,0,1
Actor,Beth Riesgraf,1,1,0
Actor,James DuMont,1,1,0
Actor,VJ Vineeth,1,1,0
Actor,Ren Ishikawa,1,0,1
Actor,Huck Milner,1,1,0
Actor,Elvire Emanuelle,1,1,0
Actor,Nelufar Hedayat,1,0,1
Actor,Ágústa Eva Erlendsdóttir,1,1,0
Actor,Wilford Brimley,1,1,0
Actor,Asuman Çakır,1,0,1
Actor,Wilbur Fitzgerald,1,1,0
Actor,Bassel El Kadi,1,1,0
Actor,Corey Fogelmanis,1,1,0
Actor,Ryosuke Kanemoto,1,0,1
Actor,Laurence Harvey,1,1,0
Actor,Tami Roman,1,1,0
Actor,Orhan Güner,1,1,0
Actor,Steve Kasan,1,1,0
Actor,Raquel Bianca John,1,1,0
Actor,Monty Sharma,1,1,0
Actor,Julian Kartun,1,1,0
Actor,Kaho,1,0,1
Actor,Linda Pierce,1,1,0
Actor,Poonam Chitale,1,1,0
Actor,Tatiana Pauhofová,1,1,0
Actor,Consuelo Trujillo,1,1,0
Actor,Adam Gazzola,1,0,1
Actor,Howard Jerome,1,1,0
Actor,Selen Soyder,1,0,1
Actor,Leah McNamara,1,1,0
Actor,Ray Lovelock,1,1,0
Actor,Roman Wilhelmi,1,1,0
Actor,Marc Hickox,1,1,0
Actor,Nandini Vaid,1,1,0
Actor,Tülay Günal,1,0,1
Actor,Zora Bishop,1,1,0
Actor,Wendy Moniz,1,1,0
Actor,Déborah Lukumuena,1,1,0
Actor,Sreymoch Sareum,1,1,0
Actor,Wedad Abdel Aziz Abdou,1,1,0
Actor,Farrah Fawcett,1,1,0
Actor,Jon Osbeck,1,1,0
Actor,Afieq Syazwan,1,0,1
Actor,Elli Avram,1,1,0
Actor,Gershwyn Eustache Jnr,1,1,0
Actor,Evgeniya Dmitrieva,1,0,1
Actor,Spencer List,1,1,0
Actor,Lenny Ravitz,1,1,0
Actor,Hugh Thompson,1,1,0
Actor,Erica McDermott,1,1,0
Actor,Big Boy,1,1,0
Actor,Paul Hsu,1,0,1
Actor,Armando Riesco,1,1,0
Actor,Khalid Siddiqui,1,0,1
Actor,Puri Hiranyapluek,1,1,0
Actor,Elinet Louicius,1,1,0
Actor,Hoze Meléndez,1,1,0
Actor,Madhuri Bhatia,1,1,0
Actor,Shefali Chauhan,1,1,0
Actor,Paolo Vaccarino,1,1,0
Actor,Olga Breeskin,1,1,0
Actor,Andrew Shaifer,1,1,0
Actor,Saul Reichlin,1,1,0
Actor,Lai Suk-Yin,1,1,0
Actor,Benjamin Chan,1,1,0
Actor,Paul Kasey,1,1,0
Actor,Marcel Van Heerden,1,1,0
Actor,Molly Plunk,1,1,0
Actor,Jennifer Waris,1,1,0
Actor,Shaun Gerardo,1,1,0
Actor,LaVaughn Hamilton,1,1,0
Actor,Saira Banu,1,1,0
Actor,Pei Hsi Chen,1,1,0
Actor,Beatrice Winde,1,1,0
Actor,Scott Mescudi,1,1,0
Actor,Hou Yansong,1,0,1
Actor,Athipich Chutiwatkajornchai,1,1,0
Actor,David Haig,1,1,0
Actor,Tere Monroy,1,1,0
Actor,Pau Durà,1,0,1
Actor,Raquel Sierra,1,0,1
Actor,Alessandro Sperduti,1,1,0
Actor,Alexis Ayala,1,0,1
Actor,Pierre Seyoufr,1,1,0
Actor,Bianca Leigh,1,1,0
Actor,Kristof Konrad,1,1,0
Actor,Manpreet Saggu,1,1,0
Actor,Caroline Aaron,1,1,0
Actor,Bharath Srinivasan,1,1,0
Actor,Noah Dyer,1,1,0
Actor,Steven Bauer,1,1,0
Actor,Yuiko Tatsumi,1,0,1
Actor,Anubhav Saha,1,0,1
Actor,Nabila Huda,1,0,1
Actor,Saeed Akhtar Mirza,1,1,0
Actor,Brandon Larracuente,1,0,1
Actor,Bhavani Prakash,1,1,0
Actor,Lena Wilczyńska,1,1,0
Actor,Jon Kit Lee,1,1,0
Actor,John Earl Jelks,1,1,0
Actor,Jay R. Ferguson,1,0,1
Actor,Emad Ghoniem,1,1,0
Actor,Carmine Monaco,1,0,1
Actor,Fanny Maurin,1,1,0
Actor,Oliver Stone,1,0,1
Actor,Elena Cánepa,1,1,0
Actor,Cameron Schaefer,1,1,0
Actor,Karen Ying-Chen Hu,1,0,1
Actor,Ian Lavender,1,0,1
Actor,Juan Manuel Montilla,1,1,0
Actor,Charles Tyner,1,1,0
Actor,Cristina Rodlo,1,0,1
Actor,Lauren Sweetser,1,1,0
Actor,Jarome Iginla,1,1,0
Actor,Kiri Paramore,1,1,0
Actor,Seon-a Kim,1,0,1
Actor,Prakash Bare,1,1,0
Actor,Desiree Akhavan,1,1,0
Actor,Ryan Cooley,1,0,1
Actor,Tolga Karaçelik,1,1,0
Actor,Hee-Ra Ha,1,0,1
Actor,Hridaynath Jadhav,1,1,0
Actor,Azwir Fitrianto,1,1,0
Actor,Isil Yücesoy,1,0,1
Actor,Sarita Choudhury,1,1,0
Actor,Ved Thappar,1,0,1
Actor,Rory Fleck Byrne,1,1,0
Actor,Priyanka Xi,1,1,0
Actor,Sid Caesar,1,1,0
Actor,Jann Wenner,1,1,0
Actor,Richard Gross,1,1,0
Actor,Tricia Leigh Fisher,1,1,0
Actor,Bikramjeet Singh,1,1,0
Actor,Lakshmi Picazo,1,1,0
Actor,Umesh Mehra,1,1,0
Actor,Dr. Brown,1,0,1
Actor,Ian Richardson,1,1,0
Actor,Toni O'Rourke,1,1,0
Actor,Rip Taylor,1,1,0
Actor,John Woodnutt,1,1,0
Actor,Eddie Fisher,1,1,0
Actor,Topp Dogg,1,1,0
Actor,George Carlin,1,1,0
Actor,Garry James,1,0,1
Actor,EXO,1,1,0
Actor,Giancarlo Vidrio,1,0,1
Actor,Claudette Wells,1,1,0
Actor,Nacho San José,1,1,0
Actor,Munro Chambers,1,1,0
Actor,Anthony Burrows,1,1,0
Actor,Jo Joyner,1,0,1
Actor,Chasty Ballesteros,1,1,0
Actor,Louise Bourgoin,1,1,0
Actor,Jennifer Tilly,1,1,0
Actor,Assun Planas,1,0,1
Actor,Ronnie Clark,1,1,0
Actor,Jocelyn Osorio,1,1,0
Actor,John Schuhmacher,1,1,0
Actor,Josh Leyva,1,0,1
Actor,Ray Galletti,1,1,0
Actor,Evelin Hagoel,1,1,0
Actor,Tony Spitz,1,1,0
Actor,Renée Taylor,1,1,0
Actor,Pete Herron,1,1,0
Actor,Mark Cirillo,1,1,0
Actor,Sukhmani Sadana,1,0,1
Actor,Paloma Saavedra,1,0,1
Actor,Anabelle Acosta,1,0,1
Actor,Damaine Radcliff,1,1,0
Actor,Dylan Kenin,1,1,0
Actor,Joy Mukherjee,1,0,1
Actor,Brit Eaton,1,0,1
Actor,Sam Marra,1,1,0
Actor,Laurieann Gibson,1,1,0
Actor,Mark Tankersley,1,1,0
Actor,Jamal Shah,1,1,0
Actor,Corbin Timbrook,1,1,0
Actor,Maria Grazia Cucinotta,1,1,0
Actor,Gabriel Goity,1,0,1
Actor,Mostafa Shaban,1,1,0
Actor,Rebecca Spiro,1,1,0
Actor,Qi Wei,1,1,0
Actor,Joachim Bissmeier,1,1,0
Actor,Jonás Beramí,1,0,1
Actor,David Saracino,1,1,0
Actor,Sakshi Tanwar,1,1,0
Actor,Fico Fachriza,1,1,0
Actor,Megalyn Echikunwoke,1,1,0
Actor,Niall Horan,1,1,0
Actor,Gautami Kapoor,1,0,1
Actor,W. Tré Davis,1,0,1
Actor,Gil Coelho,1,1,0
Actor,Caetlyn Collins,1,1,0
Actor,Ben Konigsberg,1,1,0
Actor,Bayley Corman,1,1,0
Actor,Megan Richie,1,1,0
Actor,Ivy Yin,1,0,1
Actor,Lang Yueting,1,1,0
Actor,Julianne Buescher,1,0,1
Actor,Alpha Oumar Barry,1,1,0
Actor,Claire Keelan,1,1,0
Actor,Kishor Mahabole,1,1,0
Actor,Max Herbrechter,1,1,0
Actor,Rob Benedict,1,1,0
Actor,Ji-ho Oh,1,0,1
Actor,Fabien Yang,1,0,1
Actor,Juhi Babbar,1,1,0
Actor,Liza West,1,1,0
Actor,Samina Peerzada,1,0,1
Actor,Nandana Sen,1,1,0
Actor,Chloe Wepper,1,1,0
Actor,Paul Greengrass,1,0,1
Actor,Kim Delaney,1,1,0
Actor,Sirin Horwang,1,1,0
Actor,Pilot Paisley-Rose,1,1,0
Actor,Denis Akiyama,1,1,0
Actor,Christian Steel,1,1,0
Actor,Indrajeet Soni,1,1,0
Actor,Makarand Shukla,1,1,0
Actor,Madhu Sapre,1,1,0
Actor,Corny Rempel,1,0,1
Actor,Darby Walker,1,1,0
Actor,Nolan Gerard Funk,1,1,0
Actor,Ryan Bingham,1,1,0
Actor,Sotida Arpon,1,1,0
Actor,Chloe Himmelman,1,1,0
Actor,Tyra Kristiansen,1,1,0
Actor,Ramesh Deo,1,1,0
Actor,Lynsey Taylor Mackay,1,1,0
Actor,Anu Menon,1,0,1
Actor,Duncan Preston,1,1,0
Actor,Irina Kushnareva,1,1,0
Actor,Chuck Russell,1,1,0
Actor,Yong Lea,1,0,1
Actor,Steve Aoki,1,1,0
Actor,Armando Hernández,1,0,1
Actor,Yudai Chiba,1,0,1
Actor,Samriddhi Shuklaa,1,1,0
Actor,Percelle Ascott,1,0,1
Actor,Gabriela Rivero,1,0,1
Actor,Jamie Campbell Bower,1,1,0
Actor,Trisha LaFache,1,1,0
Actor,Vitthal Patil,1,1,0
Actor,Paula Ransenberg,1,0,1
Actor,Amar,1,1,0
Actor,Robert Portal,1,1,0
Actor,Iain Mitchell,1,1,0
Actor,Dragan Mićanović,1,1,0
Actor,Lloyd Kaufman,1,1,0
Actor,Miles Richardson,1,1,0
Actor,Toni Sevilla,1,1,0
Actor,Debs Howard,1,1,0
Actor,Eun-sook Sunwoo,1,0,1
Actor,Rick Vermeulen,1,1,0
Actor,Bruno Paviot,1,0,1
Actor,Chieh-kai Shiou,1,0,1
Actor,Gesya Shandy,1,1,0
Actor,Bas Rutten,1,1,0
Actor,Victoria Monfort,1,1,0
Actor,Junah Jang,1,0,1
Actor,Domenico Balsamo,1,0,1
Actor,Kirk Wong,1,1,0
Actor,René Pérez Joglar,1,1,0
Actor,José Troncoso,1,1,0
Actor,Rupert Frazer,1,1,0
Actor,Casey Sander,1,1,0
Actor,Kerem Can,1,1,0
Actor,Tara Sharma,1,1,0
Actor,Mohammad Al Ibrahimi,1,1,0
Actor,Alice Harding,1,0,1
Actor,Soussan Farrokhnia,1,1,0
Actor,Daniel Breaker,1,1,0
Actor,Paul Soles,1,1,0
Actor,Stephen Macht,1,1,0
Actor,Sterling Knight,1,1,0
Actor,Wynton Marsalis,1,1,0
Actor,Hoi-Shan Kwan,1,1,0
Actor,Ash Lendzion,1,1,0
Actor,Olivia Luccardi,1,1,0
Actor,Aaron Dismuke,1,0,1
Actor,Ana Blanco de Córdova,1,1,0
Actor,Pisamai Pakdeevijit,1,1,0
Actor,James Roday,1,1,0
Actor,Scott Cohen,1,1,0
Actor,Catherine Lough Haggquist,1,0,1
Actor,Sherie Merlis,1,0,1
Actor,Zayed Sheikh,1,1,0
Actor,Wong Kung-miu,1,1,0
Actor,Tori Kristiansen,1,1,0
Actor,Tom Berninger,1,1,0
Actor,Doug Toby,1,1,0
Actor,Ayşegül Akdemir,1,1,0
Actor,Lorena Gale,1,1,0
Actor,A.C. Peterson,1,1,0
Actor,José Antonio Becerril,1,0,1
Actor,Warren Frost,1,0,1
Actor,Dasha Nekrasova,1,1,0
Actor,Mo Zinal,1,1,0
Actor,Quentin Thébault,1,1,0
Actor,George Chang,1,0,1
Actor,Shawna Waldron,1,1,0
Actor,Karim El Abnoudi,1,1,0
Actor,Sorcha Groundsell,1,0,1
Actor,Mai Shiraishi,1,0,1
Actor,Gregorio Duvivier,1,1,0
Actor,Melissa O'Neil,1,0,1
Actor,Rebecca Front,1,1,0
Actor,Yoshua Sudarso,1,1,0
Actor,Marco Rodriguez,1,1,0
Actor,Owen Atlas,1,1,0
Actor,Ayaz Samoo,1,1,0
Actor,Ronan Raftery,1,1,0
Actor,Anthony 'Harries' Caroll,1,0,1
Actor,Michele Abrams,1,1,0
Actor,Doug Averill,1,1,0
Actor,Gary Morgan,1,1,0
Actor,Tanya Franks,1,0,1
Actor,Gaurav Dwivedi,1,1,0
Actor,Dionisio Neto,1,0,1
Actor,Rahul,1,1,0
Actor,Rajeshwari Kharat,1,1,0
Actor,Newton Pittman,1,0,1
Actor,Suraj Pawar,1,1,0
Actor,Adam Lazarre-White,1,1,0
Actor,Phillip Mitchell,1,1,0
Actor,Dave B. Mitchell,1,0,1
Actor,Cosme Castro,1,1,0
Actor,Martin Schoeller,1,1,0
Actor,Margarita Sanz,1,0,1
Actor,Yelena Molina,1,0,1
Actor,Apaporn Nakornsawan,1,1,0
Actor,Assi Azar,1,0,1
Actor,Ghazi Alkinani,1,1,0
Actor,Claudia O'Doherty,1,1,0
Actor,Darren Shahlavi,1,1,0
Actor,Nate Adams,1,1,0
Actor,Claire Goose,1,1,0
Actor,Daniel Alcaíno,1,1,0
Actor,Marion Lambert,1,1,0
Actor,Mahesh Balraj,1,0,1
Actor,Johntae Lipscomb,1,1,0
Actor,Shawn Hatosy,1,1,0
Actor,Hetal Puniwala,1,1,0
Actor,Socheata Sveng,1,1,0
Actor,Tejashree Pradhan,1,1,0
Actor,Pharanyu Rojanawuthitham,1,1,0
Actor,Wang Deshun,1,1,0
Actor,Alexia Garcia,1,1,0
Actor,Christina Ochoa,1,0,1
Actor,Çolpan Ilhan,1,0,1
Actor,Sam Ly,1,1,0
Actor,Donna Sorbello,1,1,0
Actor,Estelle Hennard,1,1,0
Actor,Sara McMann,1,1,0
Actor,Madeleine Sherwood,1,1,0
Actor,Shehab Ibrahim,1,1,0
Actor,Aparna Upadhyay,1,1,0
Actor,Magi Avila,1,1,0
Actor,Victoria Broom,1,1,0
Actor,Kevin Claydon,1,0,1
Actor,Dave Foley,1,1,0
Actor,Alexander Peleg,1,1,0
Actor,Guus Bullen,1,0,1
Actor,Pakkaramai Potranan,1,0,1
Actor,Majel Barrett,1,0,1
Actor,Olivier Gourmet,1,1,0
Actor,Kawa Ada,1,1,0
Actor,Mary Jo Pehl,1,0,1
Actor,Quincy Jones III,1,1,0
Actor,Annabelle Kong,1,0,1
Actor,Richard Beymer,1,0,1
Actor,Elvis Fuentes,1,1,0
Actor,Kunal Kohli,1,1,0
Actor,Bill Romanowski,1,1,0
Actor,Paul Merson,1,1,0
Actor,Priyesh Kaushik,1,1,0
Actor,Philip Glasser,1,1,0
Actor,Keyakizaka46,1,0,1
Actor,Adèle Haenel,1,1,0
Actor,Jack Bence,1,0,1
Actor,Haylie Duff,1,1,0
Actor,Martin Delaney,1,1,0
Actor,Megan Park,1,1,0
Actor,Anjul Nigam,1,1,0
Actor,Kim Morgan Greene,1,1,0
Actor,Naturi Naughton,1,1,0
Actor,LisaGay Hamilton,1,1,0
Actor,Nishant Bhavsar,1,1,0
Actor,Jeremiah Sparks,1,1,0
Actor,Seiko Tamura,1,0,1
Actor,Guo Liang,1,0,1
Actor,Dean-Charles Chapman,1,1,0
Actor,Carl Anthony Payne II,1,1,0
Actor,Joey Yung,1,1,0
Actor,Vincent Zhao,1,1,0
Actor,Jean-Benoît Ugeux,1,1,0
Actor,Davyon St. Usaire,1,1,0
Actor,Verónica Intile,1,1,0
Actor,Louis Tomlinson,1,1,0
Actor,Brendan King,1,1,0
Actor,Victor French,1,0,1
Actor,Iván Chavero,1,1,0
Actor,Tau Wan Yue,1,1,0
Actor,Nour El-Refai,1,1,0
Actor,Laura Ramos,1,0,1
Actor,Florian Teichtmeister,1,1,0
Actor,Kien Shih,1,1,0
Actor,Cle Sloan,1,1,0
Actor,Danny Katiana,1,0,1
Actor,Lawrence Makoare,1,1,0
Actor,Hamzat Sherifdeen,1,1,0
Actor,Nguyen Ngan Ha,1,1,0
Actor,Nick Ballard,1,1,0
Actor,Jeremy Lawson,1,1,0
Actor,Stefan Merki,1,1,0
Actor,Michael Therriault,1,1,0
Actor,Chang Fu-chien,1,0,1
Actor,Brina Palencia,1,0,1
Actor,Jagat Singh,1,0,1
Actor,Avraham Aviv Alush,1,1,0
Actor,Derek Waters,1,1,0
Actor,Saharul Ridzwan,1,0,1
Actor,Kai-xuan Tseng,1,1,0
Actor,Malik Bazille,1,1,0
Actor,Catherine Barroll,1,0,1
Actor,Walid Fawaz,1,1,0
Actor,Tory Belleci,1,0,1
Actor,Giulia Dichiaro,1,1,0
Actor,Bob Koherr,1,1,0
Actor,Choi Bae-yeong,1,0,1
Actor,Chelsea Clark,1,0,1
Actor,Paulin Jaccoud,1,1,0
Actor,Davie-Blue,1,1,0
Actor,Rii,1,1,0
Actor,Utsav Chakraborty,1,0,1
Actor,Thor Kristjansson,1,1,0
Actor,Herb Vigran,1,1,0
Actor,John Swasey,1,1,0
Actor,Ilhan Erdinc,1,1,0
Actor,Yasunori Matsumoto,1,0,1
Actor,Hunter Clancey,1,0,1
Actor,Barry Pearl,1,1,0
Actor,Topol,1,1,0
Actor,Lydia Lawson-Baird,1,1,0
Actor,Maria Diekmann,1,1,0
Actor,Ryan Pierce,1,0,1
Actor,Franziska Wulf,1,1,0
Actor,Alexander Crowther,1,1,0
Actor,Laura Greenwood,1,1,0
Actor,Darcy Laurie,1,0,1
Actor,Iliana de la Garza,1,1,0
Actor,Sean CW Johnson,1,0,1
Actor,Nene,1,1,0
Actor,Kowit Wattanakul,1,1,0
Actor,İpek Erdem,1,0,1
Actor,Ada Carrasco,1,1,0
Actor,Sahil Joshi,1,1,0
Actor,Piercey Dalton,1,1,0
Actor,David O'Donnell,1,1,0
Actor,Thierry Mercier,1,0,1
Actor,Rapeepat Ekpankul,1,1,0
Actor,Randa El Behery,1,1,0
Actor,Jason Dolley,1,1,0
Actor,Ann Doran,1,1,0
Actor,Manthana Wannarod,1,1,0
Actor,Helana Sawires,1,1,0
Actor,T.V. Carpio,1,1,0
Actor,Jim Howick,1,0,1
Actor,Portia Doubleday,1,1,0
Actor,Danny Boushebel,1,1,0
Actor,David Robbins,1,1,0
Actor,Irfan Hussein,1,1,0
Actor,Kendra Gilliams,1,1,0
Actor,Vikrant Singh,1,1,0
Actor,Kristina Krepela,1,0,1
Actor,Ulrich Tukur,1,1,0
Actor,Dana Woods,1,1,0
Actor,Claudia Fernandez,1,1,0
Actor,Lamis Ammar,1,1,0
Actor,Hrant Alianak,1,1,0
Actor,So-yeon Lee,1,0,1
Actor,Inas al-Najjar,1,1,0
Actor,Jóhanna Vigdís Arnardóttir,1,0,1
Actor,María De La Fuente,1,0,1
Actor,Rolf Peter Kahl,1,1,0
Actor,Christopher Carley,1,1,0
Actor,Archie Panjabi,1,1,0
Actor,Tracy Pfau,1,1,0
Actor,Abby Rakic-Platt,1,0,1
Actor,Daniel Edward Mora,1,1,0
Actor,Marissa O'Donnell,1,1,0
Actor,Anilú Pardo,1,0,1
Actor,Nat Thephussadin Na Ayutthaya,1,0,1
Actor,Ira Max,1,1,0
Actor,Fabio de Caro,1,0,1
Actor,Zydrunas Savickas,1,1,0
Actor,Jim Mallon,1,0,1
Actor,Wu Chi Liu,1,1,0
Actor,Christopher Murney,1,0,1
Actor,Tomás del Estal,1,1,0
Actor,Aaron Staton,1,0,1
Actor,Prudence Liew,1,1,0
Actor,Brandon Boyce,1,1,0
Actor,Marie-Philomène Nga,1,1,0
Actor,Rory J. Saper,1,1,0
Actor,Suresh Vishwakarma,1,1,0
Actor,Andrew Spooner,1,0,1
Actor,Elisabet Casanovas,1,0,1
Actor,Sunil Dutt,1,1,0
Actor,Kaiet Rodriguez,1,1,0
Actor,Nutan Surya,1,1,0
Actor,Tanvir Singh,1,1,0
Actor,Peter Jason,1,1,0
Actor,Adain Bradley,1,0,1
Actor,Ashley Laracey,1,1,0
Actor,Ariyon Bakare,1,0,1
Actor,Anne Loiret,1,1,0
Actor,Pablo Hoyos,1,1,0
Actor,Diego Lara,1,0,1
Actor,Satish Phulekar,1,1,0
Actor,Robin Thomas,1,1,0
Actor,Józef Nowak,1,1,0
Actor,Lautaro Perotti,1,1,0
Actor,Aaron Moten,1,0,1
Actor,Smiley Suri,1,1,0
Actor,Mo Collins,1,0,1
Actor,Lori Triolo,1,1,0
Actor,Ke Gai,1,0,1
Actor,Ethan Finlan,1,1,0
Actor,Namihei Koshige,1,0,1
Actor,Erin Allin O'Reilly,1,1,0
Actor,Anna Demetriou,1,1,0
Actor,Kate Vernon,1,1,0
Actor,Andrea Velasco,1,0,1
Actor,Katarzyna Piasecka,1,1,0
Actor,Antonique Smith,1,1,0
Actor,Gabriel Weinstein,1,1,0
Actor,Holmes Osborne,1,1,0
Actor,Marat Descartes,1,0,1
Actor,Darius McCrary,1,1,0
Actor,Susan Davis,1,1,0
Actor,Carmel Amit,1,0,1
Actor,Jim Henson,1,1,0
Actor,Ahmet Talay,1,0,1
Actor,Lillian Lim,1,1,0
Actor,Uttam Kumar,1,1,0
Actor,Charles Berling,1,0,1
Actor,Donna Murphy,1,1,0
Actor,Victoria Jackson,1,1,0
Actor,Yuthana Puengklarng,1,0,1
Actor,Krishan Kumar,1,1,0
Actor,Alex Price,1,0,1
Actor,Vincent Trouilleux,1,0,1
Actor,Riko Hisada,1,0,1
Actor,Sabrina Bryan,1,1,0
Actor,Richard Bekins,1,1,0
Actor,Vladimír Javorský,1,1,0
Actor,Nandini Bora,1,1,0
Actor,Bhavika Bhasin,1,1,0
Actor,Barry Corbin,1,1,0
Actor,Denis Murić,1,1,0
Actor,Sooraj Tapar,1,0,1
Actor,Edward Coward,1,1,0
Actor,Adam Goldberg,1,1,0
Actor,Pamela Blair,1,1,0
Actor,Haruka Kudo,1,0,1
Actor,Angelines Fernández Abad,1,0,1
Actor,Blanche Veisberg,1,0,1
Actor,Natalia Millan,1,0,1
Actor,Ben Hyland,1,1,0
Actor,Shailesh Dattar,1,0,1
Actor,Sunni Westbrook,1,0,1
Actor,Ben Spence,1,1,0
Actor,Gary Player,1,1,0
Actor,Molly Hagan,1,1,0
Actor,Fung Hak-On,1,1,0
Actor,Willie Ruengrit McIntosh,1,0,1
Actor,Jean Dell,1,1,0
Actor,Baba Brahmbhatt,1,1,0
Actor,Shane Dawson,1,1,0
Actor,Malcolm Stewart,1,1,0
Actor,Sedat Kirtan,1,1,0
Actor,Harleen Sethi,1,0,1
Actor,Brecken Palmer,1,1,0
Actor,Hon Yee-Sang,1,1,0
Actor,Deepali Sahay,1,0,1
Actor,Sebastian Fräsdorf,1,1,0
Actor,Paul Lynde,1,1,0
Actor,Jeffrey Lynn,1,1,0
Actor,Atharva Upasni,1,1,0
Actor,Marquell Manning,1,1,0
Actor,Nutt Devahastin Na Ayudhya,1,0,1
Actor,Jennifer Dorogi,1,1,0
Actor,Laura Smet,1,1,0
Actor,Irma St. Paule,1,1,0
Actor,Frederique Van Der Wal,1,1,0
Actor,Eliane Giardini,1,1,0
Actor,Eric Lampaert,1,1,0
Actor,Yu Mizushima,1,0,1
Actor,Takuya Iba,1,1,0
Actor,Jeff Chase,1,1,0
Actor,Hope Summers,1,0,1
Actor,Qingfu Pan,1,1,0
Actor,Napat Chokejindachai,1,0,1
Actor,Joaquín Rapalini,1,1,0
Actor,Richard Lee,1,1,0
Actor,Nadia Townsend,1,1,0
Actor,Pedro Monteiro,1,1,0
Actor,Victor Williams,1,1,0
Actor,John-Paul Howard,1,1,0
Actor,Pep Jové,1,0,1
Actor,Linda Cropper,1,0,1
Actor,Claire Selby,1,1,0
Actor,Madison Lawlor,1,1,0
Actor,Britain Simons,1,1,0
Actor,Aditya Narayan,1,1,0
Actor,Eugene Simon,1,1,0
Actor,Olga Merediz,1,1,0
Actor,Simon Hatzl,1,1,0
Actor,Thich Nhat Hanh,1,1,0
Actor,Boris Terral,1,1,0
Actor,Sara Dögg Ásgeirsdóttir,1,1,0
Actor,Kristoffer Ryan Winters,1,1,0
Actor,Alyson Stoner,1,1,0
Actor,Rachel Hilson,1,1,0
Actor,Lisa Henni,1,0,1
Actor,James Mason,1,1,0
Actor,Erika Linder,1,1,0
Actor,Kanjana Vinaipanid,1,1,0
Actor,Umang Jain,1,0,1
Actor,Skyler Shaye,1,1,0
Actor,Kristin Kreuk,1,0,1
Actor,Shweta Menon,1,1,0
Actor,Kwang-sun Park,1,0,1
Actor,Tatum McCann,1,1,0
Actor,Paul A. Partain,1,1,0
Actor,Lisa Renee Pitts,1,1,0
Actor,Brad Savage,1,1,0
Actor,Grace Lynn Kung,1,1,0
Actor,Logan Paul,1,1,0
Actor,Sofia Shinas,1,1,0
Actor,Avi Nash,1,1,0
Actor,Andrés Suárez,1,0,1
Actor,David Yow,1,1,0
Actor,Shelley Duvall,1,1,0
Actor,Joel Gretsch,1,0,1
Actor,Paul Greene,1,0,1
Actor,Vikas Kadam,1,1,0
Actor,Haleem Aljabri,1,1,0
Actor,Aysegül Günay,1,0,1
Actor,Sulochana Chatterjee,1,1,0
Actor,Luke Massy,1,1,0
Actor,Rich Lee Gray,1,1,0
Actor,Ashalata Wabgaonkar,1,1,0
Actor,Dhani Jones,1,1,0
Actor,Tyler Perez,1,1,0
Actor,Kevin Jorgeson,1,1,0
Actor,Phillip Andrew,1,0,1
Actor,Hamid Djavadan,1,1,0
Actor,Teni Panosian,1,1,0
Actor,Johnny Ortiz,1,0,1
Actor,Heather Bambrick,1,0,1
Actor,Fernando Esteso,1,1,0
Actor,Micah Nelson,1,1,0
Actor,Erto Pantoja,1,0,1
Actor,Kevin Clayette,1,1,0
Actor,Carolina Ardohain,1,1,0
Actor,Julia Eringer,1,1,0
Actor,Juan Ángel Esparza,1,1,0
Actor,Richard Ryan,1,1,0
Actor,Boman Oscarsson,1,0,1
Actor,Greg Ellwand,1,1,0
Actor,Leleti Khumalo,1,1,0
Actor,J. Michael Trautmann,1,1,0
Actor,Claudia Zepeda,1,1,0
Actor,Olivia Llewellyn,1,0,1
Actor,Secret,1,1,0
Actor,Tracy Vilar,1,1,0
Actor,Guy Amir,1,1,0
Actor,François Briault,1,0,1
Actor,Rahul Gautam Sarma,1,1,0
Actor,David Fernandez Jr.,1,1,0
Actor,Ricki Stern,1,1,0
Actor,Joseph Callender,1,1,0
Actor,Ruth Reichl,1,1,0
Actor,Jonathan Demurger,1,1,0
Actor,Liu Yifei,1,1,0
Actor,Beatrice Ordeix,1,1,0
Actor,André Leon Talley,1,1,0
Actor,Lin Yu-pin,1,0,1
Actor,Yuuka Aisaka,1,0,1
Actor,Janusz Paluszkiewicz,1,1,0
Actor,Ilia Kulik,1,1,0
Actor,Tiffany Kathryn,1,1,0
Actor,Dominic Catrambone,1,0,1
Actor,Gnanasambandam,1,1,0
Actor,Fermí Reixach,1,1,0
Actor,Leonard Ouzts,1,1,0
Actor,Julieta Cardinali,1,1,0
Actor,Jordan Bolger,1,1,0
Actor,Maris Degener,1,1,0
Actor,Joe Dinicol,1,1,0
Actor,Jo Brand,1,0,1
Actor,Maram Al Bloushi,1,0,1
Actor,James Scully,1,1,0
Actor,Josh Nuncio,1,1,0
Actor,Kevin T. Collins,1,1,0
Actor,Kevin Murphy,1,0,1
Actor,Angie Seow,1,0,1
Actor,Apoorva Agnihotri,1,1,0
Actor,Won-keun Lee,1,0,1
Actor,Diane Delano,1,1,0
Actor,Nas,1,0,1
Actor,Gagandeep Singh,1,1,0
Actor,Peter Firth,1,1,0
Actor,Jazmyn Davis,1,1,0
Actor,Jacob Neayem,1,1,0
Actor,Jessica Hynes,1,0,1
Actor,Linus Roache,1,1,0
Actor,Stephen Gevedon,1,1,0
Actor,Shad Gaspard,1,1,0
Actor,Amanda Chu,1,0,1
Actor,Agnes Moorehead,1,1,0
Actor,Svetlana Ustinova,1,1,0
Actor,Carmen Ruiz,1,1,0
Actor,David Paetkau,1,1,0
Actor,Riham Hagag,1,1,0
Actor,Giovanni Buselli,1,0,1
Actor,Scott Johnson,1,1,0
Actor,Vadim Michman,1,1,0
Actor,Óscar Hernández,1,0,1
Actor,Anthony Kelly,1,1,0
Actor,Luca Murphy,1,0,1
Actor,Malavikka,1,1,0
Actor,Colin Woodell,1,1,0
Actor,Michael Silva,1,1,0
Actor,Evan Smolin,1,0,1
Actor,Roger Griffiths,1,0,1
Actor,Julia Lea Wolov,1,1,0
Actor,Richard Wilson,1,0,1
Actor,Ayesha Singh,1,1,0
Actor,Tom Malley,1,1,0
Actor,Eugene Khumbanyiwa,1,1,0
Actor,Jenn Gotzon Chandler,1,1,0
Actor,Sarah Tiana,1,1,0
Actor,Jeff Evans Todd,1,0,1
Actor,Viva Bianca,1,0,1
Actor,Ji-ho Shim,1,0,1
Actor,Brandon Molale,1,1,0
Actor,Pedro Miguel Arce,1,0,1
Actor,Donene Kistler,1,0,1
Actor,Hadeel Sittu,1,1,0
Actor,Jerzy Block,1,1,0
Actor,Tzu-Chuan Liu,1,0,1
Actor,Celeste Sully,1,1,0
Actor,Arthur Lowe,1,0,1
Actor,Dustin Nguyen,1,1,0
Actor,José Enot,1,1,0
Actor,Malhar Thakar,1,1,0
Actor,Roisin Murphy,1,1,0
Actor,Sangeetha Mohan,1,1,0
Actor,Maya Tideman,1,1,0
Actor,Ennio Fantastichini,1,1,0
Actor,Siti Saleha,1,1,0
Actor,Hafreez Adam,1,0,1
Actor,Sedthawut Anusit,1,0,1
Actor,Deepankar De,1,1,0
Actor,Kerr Logan,1,0,1
Actor,Ghadah Abdulrazeq,1,1,0
Actor,Kate Reinders,1,1,0
Actor,Herbie Hancock,1,1,0
Actor,Bob Cole,1,0,1
Actor,Heena Parmar,1,0,1
Actor,Cynthia Rose Hall,1,1,0
Actor,Christine Evangelista,1,1,0
Actor,Elizabeth Counsell,1,1,0
Actor,Arash Marandi,1,1,0
Actor,Luis Maya,1,0,1
Actor,Christophe Kourotchkine,1,0,1
Actor,Pink Yang,1,0,1
Actor,Ridvan Kirtan,1,1,0
Actor,Phil Lollar,1,0,1
Actor,Selen Uçer,1,0,1
Actor,Koneenica Banerjee,1,1,0
Actor,Alyson Standen,1,1,0
Actor,Mark Caso,1,1,0
Actor,Khaled Sarhan,1,1,0
Actor,Reggie Johnson,1,1,0
Actor,Angelu De Leon,1,1,0
Actor,Connor Ratliff,1,1,0
Actor,Lennon Parham,1,0,1
Actor,Luis Mesa,1,0,1
Actor,Fabiula Nascimento,1,1,0
Actor,Özlem Yılmaz,1,0,1
Actor,Jake Austin Walker,1,0,1
Actor,Michael Bates,1,1,0
Actor,Lorna Scott,1,1,0
Actor,Hettienne Park,1,0,1
Actor,Aaron Carpenter,1,0,1
Actor,Tai-Ping Yu,1,1,0
Actor,Bonnie Hay,1,1,0
Actor,Shunsuke Sakuya,1,1,0
Actor,Nanami Sakuraba,1,1,0
Actor,Ana Brenda Contreras,1,0,1
Actor,Krishna Sekhar,1,1,0
Actor,Nathanael Baring,1,1,0
Actor,Tristan Farge,1,1,0
Actor,Krishnan Balakrishnan,1,1,0
Actor,Joanna Gleason,1,0,1
Actor,Bryce Groark,1,1,0
Actor,Fadi Abi Samra,1,1,0
Actor,Bilge Sen,1,1,0
Actor,Nagraj Manjule,1,1,0
Actor,Helen Kim,1,1,0
Actor,Javier Delgiudice,1,1,0
Actor,Arsinée Khanjian,1,1,0
Actor,Adrien Barazzone,1,1,0
Actor,Tom Wood,1,1,0
Actor,Takehiro Murozono,1,0,1
Actor,Michael De Pinna,1,1,0
Actor,Magnus Carlsen,1,1,0
Actor,Anna Gunn,1,0,1
Actor,Takayuki Nakatsukasa,1,1,0
Actor,Jon Seda,1,1,0
Actor,James Murtaugh,1,1,0
Actor,Bijan Daneshmand,1,1,0
Actor,Koii Korakod,1,0,1
Actor,Markus Flanagan,1,1,0
Actor,Kaycee Moore,1,1,0
Actor,Tanvi Vyas,1,1,0
Actor,Mauricio Pinto,1,1,0
Actor,Zarina Zainuddin,1,1,0
Actor,Santo Cilauro,1,0,1
Actor,Vansh Bhardwaj,1,1,0
Actor,Alif Satar,1,0,1
Actor,Kevin Fong,1,0,1
Actor,Timo Nieminen,1,1,0
Actor,Noelle North,1,1,0
Actor,Hussien El Imam,1,1,0
Actor,Linda Park,1,0,1
Actor,Eloise Smyth,1,0,1
Actor,Jocelyn Wang,1,0,1
Actor,Thierry Hancisse,1,1,0
Actor,Patricia Manterola,1,0,1
Actor,Yetkin Dikinciler,1,1,0
Actor,Kimberley Louisa McBeath,1,1,0
Actor,Cora Lee Day,1,1,0
Actor,Emre Canpolat,1,1,0
Actor,Josie Loren,1,1,0
Actor,Eddie Peng,1,1,0
Actor,Tsuyoshi Takishita,1,0,1
Actor,Laura Basuki,1,1,0
Actor,Alexis de Anda,1,1,0
Actor,Ailen Sit,1,1,0
Actor,Tae-goo Eom,1,1,0
Actor,Emma Rayne Lyle,1,1,0
Actor,Dylan Taylor,1,0,1
Actor,Jorge Monterrosa,1,0,1
Actor,Anna Quayle,1,1,0
Actor,Leilah de Meza,1,1,0
Actor,Belén Soto,1,1,0
Actor,Emmanuel Salinger,1,1,0
Actor,Deanne Lauvin,1,1,0
Actor,Diane Sawyer,1,1,0
Actor,Phoebe Yuan,1,0,1
Actor,Titus Makin Jr.,1,0,1
Actor,Billy Ray Cyrus,1,1,0
Actor,Ranee Campen,1,1,0
Actor,Dave Madden,1,1,0
Actor,Ellen Birgitte Winther,1,0,1
Actor,Julie Cox,1,1,0
Actor,Hideaki Murata,1,0,1
Actor,Swann Nambotin,1,0,1
Actor,Will Roberts,1,1,0
Actor,Mason McNulty,1,1,0
Actor,Ismael Contreras,1,1,0
Actor,Joshua Santana,1,1,0
Actor,Eun-ji Jo,1,0,1
Actor,Amelia Warner,1,1,0
Actor,Faye Mata,1,0,1
Actor,Syafie Naswip,1,0,1
Actor,Junta Nakama,1,0,1
Actor,Sean Dominic,1,1,0
Actor,Erica Carroll,1,0,1
Actor,Selima Taibi,1,1,0
Actor,Margarita Muñoz,1,0,1
Actor,Jong-hwan Choi,1,0,1
Actor,Zachary Young,1,0,1
Actor,Ömer Duran,1,1,0
Actor,Zahra Hassan Malik,1,1,0
Actor,Jim Barone,1,1,0
Actor,Lee Garlington,1,1,0
Actor,Gift Ngoepe,1,1,0
Actor,Wilson Lam,1,1,0
Actor,Seong-il Bae,1,1,0
Actor,Linda Lavin,1,1,0
Actor,Victor McGuire,1,1,0
Actor,Matthew Kimbrough,1,1,0
Actor,Cristina Rosato,1,0,1
Actor,Chad Donella,1,1,0
Actor,Wojciech Klata,1,1,0
Actor,Kanthi Pitithan,1,0,1
Actor,Sora Aoi,1,1,0
Actor,Léa Lopez,1,1,0
Actor,Ernest Mingione,1,1,0
Actor,Woody Strode,1,1,0
Actor,Rae Latt,1,1,0
Actor,Krish Moitra,1,1,0
Actor,Franca Valeri,1,1,0
Actor,Diallo Thompson,1,1,0
Actor,Yasser Al Jarraf,1,1,0
Actor,Henry Goodman,1,1,0
Actor,John Laurie,1,0,1
Actor,Nathaniel Buzolic,1,1,0
Actor,Barbarao,1,1,0
Actor,Amrutha Karagada,1,1,0
Actor,Bryce Johnson,1,1,0
Actor,Teresa Marczewska,1,1,0
Actor,Esti Quesada,1,1,0
Actor,Michele Marsh,1,1,0
Actor,Emma Rigby,1,1,0
Actor,Tara Breathnach,1,0,1
Actor,Zhang Yaodong,1,0,1
Actor,Steve Leonard,1,0,1
Actor,Charlotte St-Martin,1,1,0
Actor,George Ngandu,1,1,0
Actor,Hina Dilpazeer,1,1,0
Actor,Andy Gibbins,1,1,0
Actor,Drew Fonteiro,1,1,0
Actor,Patrick Tse,1,1,0
Actor,Allan Miller,1,0,1
Actor,Sue Lyon,1,1,0
Actor,Ishaan Khattar,1,1,0
Actor,Rohit Mittal,1,1,0
Actor,Jake Bickelhaupt,1,1,0
Actor,Diego Acuña,1,1,0
Actor,Pablo Guisa Koestinger,1,1,0
Actor,Sylvie Testud,1,1,0
Actor,Jeannettsy Enriquez Borges,1,1,0
Actor,Sana Shaikh,1,1,0
Actor,Bryan Leung,1,1,0
Actor,Sylvia Meals,1,1,0
Actor,Teun Peters,1,1,0
Actor,Barbora Bobulova,1,1,0
Actor,Destina Mawrie,1,1,0
Actor,Bill Raymond,1,1,0
Actor,Ciana Swales,1,1,0
Actor,Robin Slonina,1,0,1
Actor,Robinson Stévenin,1,0,1
Actor,Aline Küppenheim,1,0,1
Actor,Omero Mumba,1,1,0
Actor,Sukirti Kandpal,1,0,1
Actor,Yves Bright,1,1,0
Actor,Gijs Scholten van Aschat,1,1,0
Actor,Matthew Ziff,1,1,0
Actor,Isiah Lea,1,1,0
Actor,Emilio Disi,1,0,1
Actor,Fabián López,1,1,0
Actor,Kadeem Wilson,1,1,0
Actor,Kevin B. McGlynn,1,1,0
Actor,Xiang Dong Xu,1,1,0
Actor,Ray Fearon,1,1,0
Actor,Dong-il Sung,1,0,1
Actor,Leonard Stone,1,1,0
Actor,Joseph O'Conor,1,1,0
Actor,Ron Glass,1,1,0
Actor,Gareth Yuen,1,0,1
Actor,John Gleeson Connolly,1,1,0
Actor,Bernard Spear,1,1,0
Actor,James Van Patten,1,1,0
Actor,John Hannan,1,1,0
Actor,Charlene McKenna,1,0,1
Actor,Mandla Gaduka,1,1,0
Actor,Nelson Xavier,1,1,0
Actor,Bruno Bergonzini,1,1,0
Actor,Lewis Rainer,1,1,0
Actor,Harwood Gordon,1,1,0
Actor,Lina Marcela Castrillón,1,0,1
Actor,Sreekumar,1,1,0
Actor,Peter Breitmayer,1,1,0
Actor,Darius Rose,1,1,0
Actor,Dariusz M. Uczkowski,1,1,0
Actor,Samuel Gould,1,1,0
Actor,Michael Townsend Wright,1,1,0
Actor,Parvati Sehgal,1,0,1
Actor,John Mills,1,1,0
Actor,Sangeetha Balan,1,1,0
Actor,Bogart Kenny,1,0,1
Actor,Alex Ferris,1,1,0
Actor,Harry Gold,1,1,0
Actor,Daniela Denby-Ashe,1,0,1
Actor,Cynthia Klitbo,1,0,1
Actor,Hisham Fageeh,1,1,0
Actor,Yong Armchair,1,0,1
Actor,Phyllis Somerville,1,1,0
Actor,Don Michael Paul,1,0,1
Actor,Francesca Stavrakopoulou,1,0,1
Actor,Veronica Hampson,1,1,0
Actor,Suvinder Vikky,1,1,0
Actor,Jonjo O'Neill,1,1,0
Actor,Adám Fekete,1,1,0
Actor,Julius Peter Wells,1,0,1
Actor,Gong Shih,1,1,0
Actor,Warren Christie,1,1,0
Actor,Juda Goslinga,1,1,0
Actor,Candela Vetrano,1,1,0
Actor,Iria Castellano,1,1,0
Actor,Gaurav Kothari,1,1,0
Actor,Yojiro Noda,1,0,1
Actor,Lew Collins,1,1,0
Actor,Colin Fox,1,0,1
Actor,Daksha Mahendra,1,1,0
Actor,Alyshia Ochse,1,1,0
Actor,Michael Copon,1,0,1
Actor,Alejandro Riaño,1,1,0
Actor,Prisha Dabbas,1,1,0
Actor,Toño Vega,1,1,0
Actor,Alex Kendrick,1,1,0
Actor,Cory Oliver,1,1,0
Actor,André Eriksen,1,1,0
Actor,Marcos Oliveira,1,1,0
Actor,Kirstin McLean,1,0,1
Actor,Dhanu Gowda,1,1,0
Actor,Mac Heywood,1,0,1
Actor,Rania Mallah,1,1,0
Actor,Elten Ting,1,0,1
Actor,Elsa Dorfman,1,1,0
Actor,Mallory Jansen,1,0,1
Actor,Joseph Bono,1,1,0
Actor,Bar Refaeli,1,0,1
Actor,Firass Dirani,1,0,1
Actor,Vinay Forrt,1,1,0
Actor,Kavya Bector,1,0,1
Actor,Tim Quill,1,1,0
Actor,Jamie-Lee Money,1,1,0
Actor,Tom Lipinski,1,1,0
Actor,Alicia von Rittberg,1,0,1
Actor,Sveinn Geirsson,1,1,0
Actor,Mohamed Abo El Hassan,1,1,0
Actor,James Marshall,1,0,1
Actor,Moeka Hoshi,1,0,1
Actor,Connor Rosen,1,1,0
Actor,Hugo Medina,1,0,1
Actor,Earl Holliman,1,1,0
Actor,Dara Phang,1,1,0
Actor,Mike Nussbaum,1,1,0
Actor,Jadagrace,1,1,0
Actor,Richard Epcar,1,1,0
Actor,Jordan Whalen,1,1,0
Actor,Tony Azzolino,1,0,1
Actor,Til Schweiger,1,1,0
Actor,Eri Tanaka,1,0,1
Actor,Atul Kale,1,1,0
Actor,Lorenzo Lamas,1,1,0
Actor,Eduardo Gómez,1,1,0
Actor,Liron Vaisman,1,0,1
Actor,Jack Albertson,1,1,0
Actor,Rabbit Yang,1,0,1
Actor,Peter Nikolas,1,1,0
Actor,François Chattot,1,1,0
Actor,Angus MacInnes,1,1,0
Actor,Kevin Blake,1,1,0
Actor,Karlie Kloss,1,0,1
Actor,Rafał Pacześ,1,1,0
Actor,Haresh Dagiya,1,1,0
Actor,Christina Marie Moses,1,0,1
Actor,Françoise Lebrun,1,1,0
Actor,Sasha Lane,1,1,0
Actor,Hermelinda Cayo,1,1,0
Actor,Theodore Slauson,1,1,0
Actor,Nick Broomfield,1,1,0
Actor,Janita Asma,1,1,0
Actor,Genelia D'souza,1,1,0
Actor,Chansakorn Kittiwattanakorn,1,1,0
Actor,Kris Pearn,1,1,0
Actor,Lucia Mastrantone,1,0,1
Actor,Emilio Moutaoukkil,1,1,0
Actor,Faryal,1,1,0
Actor,Kristen Cloke,1,1,0
Actor,Stuart Wells,1,1,0
Actor,Pilar Aranda,1,1,0
Actor,Emilie Ullerup,1,1,0
Actor,Paula Soldevila,1,1,0
Actor,Bul-am Choi,1,0,1
Actor,Anthony Laciura,1,1,0
Actor,Karl Malden,1,1,0
Actor,Usha Bhandary,1,1,0
Actor,Sofía Lama,1,0,1
Actor,Meghanathan,1,1,0
Actor,Itahisa Machado,1,0,1
Actor,Rie Miyazawa,1,1,0
Actor,Aman Uppal,1,1,0
Actor,Tiet Wo Chu,1,1,0
Actor,Annabel Armour,1,1,0
Actor,Laurent Buson,1,1,0
Actor,Stephen Dunham,1,1,0
Actor,Fabian Hinrichs,1,1,0
Actor,Kat Foster,1,1,0
Actor,Seamus Malone,1,1,0
Actor,Sharifah Haslinda,1,0,1
Actor,Mi-ran Ra,1,1,0
Actor,Roberto Suárez,1,1,0
Actor,Susan Danford,1,1,0
Actor,Yeo-jin Hong,1,0,1
Actor,Autumn Federici,1,1,0
Actor,Milly del Rubio,1,1,0
Actor,Kiearra Soni,1,1,0
Actor,Ian Toyne,1,1,0
Actor,Robert Anderson,1,1,0
Actor,Robert F. Kennedy,1,0,1
Actor,Jessica Norris,1,1,0
Actor,Jason Tobias,1,1,0
Actor,Danny Wan,1,0,1
Actor,Alex Rennie,1,1,0
Actor,Beatriz Medina,1,1,0
Actor,Ever Mainard,1,1,0
Actor,Cory DuVal,1,1,0
Actor,Michele Alhaique,1,1,0
Actor,Prasad Labhe,1,1,0
Actor,Graciela Iturbide,1,1,0
Actor,Dylan Haegens,1,1,0
Actor,Jean-René Privat,1,0,1
Actor,Simon Paul Mutuyimana,1,1,0
Actor,Harold Evans,1,1,0
Actor,Ji-hye Wang,1,0,1
Actor,Cassius Romero,1,1,0
Actor,James Napier,1,0,1
Actor,Manuel Cortés,1,0,1
Actor,Hima Singh,1,1,0
Actor,Raquel Salvador,1,1,0
Actor,Vauxhall Jermaine,1,1,0
Actor,Arav Chowdharry,1,1,0
Actor,Reagan Yates,1,1,0
Actor,Russell Mercado,1,1,0
Actor,Rinna Hassim,1,1,0
Actor,Ia Shugliashvili,1,1,0
Actor,Aeril Zafrel,1,0,1
Actor,Miren Ibarguren,1,1,0
Actor,Tono Pakin Kumwilaisuk,1,0,1
Actor,Ji-won Ha,1,1,0
Actor,Faraaz Servaia,1,1,0
Actor,Jamie Andrew Cutler,1,1,0
Actor,Richard Newman,1,1,0
Actor,Wendi Peters,1,0,1
Actor,Ankit Narang,1,0,1
Actor,Max Tortora,1,1,0
Actor,Gloria Gómez,1,0,1
Actor,Gilad Kahana,1,1,0
Actor,Hjortur Jóhann Jónsson,1,0,1
Actor,Justus von Dohnányi,1,0,1
Actor,Fahriye Evcen,1,0,1
Actor,Sok Visal,1,1,0
Actor,Shanawas,1,1,0
Actor,Callard Harris,1,1,0
Actor,Jack Gordon,1,0,1
Actor,Ambujakshi,1,1,0
Actor,Princey Shukla,1,1,0
Actor,Kitty Speed,1,1,0
Actor,McCaul Lombardi,1,1,0
Actor,Miranda Nolte,1,1,0
Actor,Kaia Gerber,1,1,0
Actor,Sari Lennick,1,1,0
Actor,Mathilde Lin,1,0,1
Actor,David Bueno,1,1,0
Actor,Deirdre O'Kane,1,1,0
Actor,Chu De-Kang,1,0,1
Actor,Piu Dutt,1,1,0
Actor,Alexandra Ursulyak,1,0,1
Actor,John Bently,1,1,0
Actor,Katie Strain,1,1,0
Actor,Kevin McCloud,1,0,1
Actor,Dina Merrill,1,1,0
Actor,Lancelot Perrin,1,1,0
Actor,Felecia Angelle,1,0,1
Actor,Amrita Raichand,1,0,1
Actor,Abbey Lee,1,1,0
Actor,Thaddeus Shafer,1,1,0
Actor,Johnny Ray Gill,1,0,1
Actor,Mariya Anikanova,1,0,1
Actor,Studs Terkel,1,0,1
Actor,Mark Acheson,1,1,0
Actor,Mohamad Al Ahmad,1,0,1
Actor,Lyn May,1,1,0
Actor,Dan Fogelman,1,1,0
Actor,Freeway Rick Ross,1,1,0
Actor,Gustav Dyekjaer Giese,1,1,0
Actor,Sara Loren,1,1,0
Actor,Mawar Rashid,1,0,1
Actor,Elkin Díaz,1,0,1
Actor,Tyler Rasch,1,0,1
Actor,Lakshmanan,1,1,0
Actor,Michael O'Laskey II,1,0,1
Actor,Nichelle Nichols,1,1,0
Actor,Symara Templeman,1,1,0
Actor,Hamdy Heykal,1,1,0
Actor,Barry Dennen,1,1,0
Actor,Andy Hull,1,1,0
Actor,Rhoda Montemayor,1,0,1
Actor,Chul-woong Kang,1,0,1
Actor,Mario Guerra,1,0,1
Actor,Huang Xiaoming,1,1,0
Actor,Chris van Tulleken,1,0,1
Actor,Satyadev Dubey,1,1,0
Actor,Russell Howard,1,1,0
Actor,Mild Anis Suwit,1,0,1
Actor,Bipin Gupta,1,1,0
Actor,Marguerite Wheatley,1,1,0
Actor,Ben Ferencz,1,1,0
Actor,Mélodie Valemberg,1,1,0
Actor,Pim Pimjira Jaroenlak,1,0,1
Actor,Iván Mendes,1,1,0
Actor,Justin Gordon,1,1,0
Actor,Yenn Teoh,1,0,1
Actor,Charlotte Hegele,1,0,1
Actor,Alicia Leigh Willis,1,1,0
Actor,Peter Carlberg,1,0,1
Actor,Michael Coleman,1,1,0
Actor,Trula Hoosier,1,1,0
Actor,Brenda Grate,1,1,0
Actor,Ahmed Awni,1,1,0
Actor,Gizem Tuğral,1,1,0
Actor,Samuel Davis,1,1,0
Actor,Nika Sarun,1,1,0
Actor,Martin Hernandez,1,1,0
Actor,T.J. Storm,1,1,0
Actor,Jirayus Khawbaimai,1,0,1
Actor,Atilia Boschetti,1,1,0
Actor,Meghan Markle,1,1,0
Actor,Charlie Ruedpokanon,1,1,0
Actor,Sonam,1,1,0
Actor,Mike Elliot,1,1,0
Actor,Shenthy Feliziana,1,0,1
Actor,César Cardadeiro,1,1,0
Actor,Barbara Chojecka,1,1,0
Actor,Min-jin Jung,1,0,1
Actor,Ivan Kaye,1,1,0
Actor,Pratima Devi,1,1,0
Actor,Jerod Haynes,1,1,0
Actor,Esben Smed Jensen,1,1,0
Actor,Illeana Douglas,1,1,0
Actor,Joo-hyuk Kim,1,0,1
Actor,Özay Fecht,1,0,1
Actor,Deyan Petrov,1,1,0
Actor,Rhosinah Sekeleti,1,1,0
Actor,Desmond Harrington,1,0,1
Actor,Richard Pepple,1,1,0
Actor,Kevin Duhaney,1,0,1
Actor,Tomasz Jachimek,1,1,0
Actor,Just Blaze,1,0,1
Actor,Lyndsy Kail,1,1,0
Actor,Esther,1,0,1
Actor,Varzu,1,1,0
Actor,Cassandra Lee,1,0,1
Actor,Janna Levin,1,1,0
Actor,Manchindra Kamble,1,1,0
Actor,Pasin Kuansataporn,1,1,0
Actor,Julieta Gullo,1,1,0
Actor,Goran Hajdukovic,1,1,0
Actor,Thomas Bruggemann,1,1,0
Actor,Michael Izquierdo,1,0,1
Actor,Wang Longzheng,1,0,1
Actor,Beth Cordingly,1,0,1
Actor,Hyun-joo Gong,1,0,1
Actor,Jean-Francois Sivadier,1,0,1
Actor,Master Rohan,1,1,0
Actor,Pam Rose,1,1,0
Actor,Gucci Mane,1,1,0
Actor,Seth Morris,1,1,0
Actor,Albert Hammond Jr.,1,1,0
Actor,Gorka Otxoa,1,1,0
Actor,Paramjit Singh Kakran,1,1,0
Actor,Soo-young Park,1,0,1
Actor,Julius Tennon,1,1,0
Actor,Ilya Naishuller,1,1,0
Actor,Ryan Lincoln,1,1,0
Actor,Michael Draper,1,1,0
Actor,Alberta Watson,1,1,0
Actor,Maksim Pinsker,1,0,1
Actor,Amanda Allan,1,1,0
Actor,Beatriz Olivares,1,1,0
Actor,Ikuya Sawaki,1,1,0
Actor,Katrin Lohmann,1,0,1
Actor,Nathalie Odzierejko,1,1,0
Actor,Zoe Hochbaum,1,1,0
Actor,Allene Quincy,1,1,0
Actor,Kiki Chen,1,0,1
Actor,Benjamin King,1,0,1
Actor,Aliaa Al-Husseini,1,1,0
Actor,Audrey Bonnet,1,1,0
Actor,Ryan Begay,1,1,0
Actor,Carlos Velazquez,1,0,1
Actor,Yoshihiko Hakamada,1,0,1
Actor,Emmy Perry,1,1,0
Actor,Jin-young Jang,1,1,0
Actor,Samantha Mumba,1,1,0
Actor,Miguel Varoni,1,0,1
Actor,Kevin Kleinberg,1,0,1
Actor,Shahid Naqvi,1,1,0
Actor,Stanisława Celińska,1,1,0
Actor,Kyo Chen,1,0,1
Actor,Irene Montalà,1,0,1
Actor,Ku Aquino,1,1,0
Actor,Ertunç Tuncer,1,0,1
Actor,Gunnar Helgason,1,1,0
Actor,Shreya Sharma,1,1,0
Actor,Zoltán Fenyvesi,1,1,0
Actor,Kathleen Lloyd,1,1,0
Actor,David Lee,1,1,0
Actor,André Bharti,1,1,0
Actor,Dana Ivey,1,1,0
Actor,Happy Ranjit,1,1,0
Actor,Edward G. Robinson,1,1,0
Actor,Ritisha Vijayvargya,1,1,0
Actor,Kottayam Purushan,1,1,0
Actor,Don Warrington,1,0,1
Actor,Grigory Rodchenkov,1,1,0
Actor,Giselle Audirac,1,1,0
Actor,Jazzy De Lisser,1,1,0
Actor,Rehan Sheikh,1,0,1
Actor,Rose Chan,1,0,1
Actor,Leo Miranda,1,0,1
Actor,Elena Mandalis,1,1,0
Actor,Marie Danielle,1,1,0
Actor,Marina Popovic,1,0,1
Actor,Jack Noseworthy,1,1,0
Actor,Bonnie Johnson,1,1,0
Actor,Nadzmi Adhwa,1,0,1
Actor,Chia-Hui Liu,1,1,0
Actor,Michael Blieden,1,1,0
Actor,Max Pomeranc,1,1,0
Actor,Reece Cody,1,1,0
Actor,Johanna af Schultén,1,1,0
Actor,Alan Mandell,1,1,0
Actor,Micky Nowacki,1,1,0
Actor,Corbin Reid,1,0,1
Actor,Myles Clohessy,1,1,0
Actor,Li Ai,1,1,0
Actor,Michael Scala,1,1,0
Actor,Alexander Dyachenko,1,0,1
Actor,Jomari Angeles,1,1,0
Actor,Hans Teeuwen,1,1,0
Actor,Kimti Anand,1,1,0
Actor,Amita Pathak,1,1,0
Actor,José Loreto,1,1,0
Actor,Michel Vuillermoz,1,1,0
Actor,Eric Heister,1,1,0
Actor,Rebecca Hazlewood,1,1,0
Actor,Rebecca Gayheart,1,1,0
Actor,Montana Jordan,1,1,0
Actor,Jacqueline Obradors,1,1,0
Actor,Kate Kovach,1,1,0
Actor,Brett Weaver,1,0,1
Actor,Henri Garcin,1,1,0
Actor,Randeep Jha,1,1,0
Actor,Gemma Jones,1,1,0
Actor,Alex Arsenault,1,1,0
Actor,Ellen Dorrit Petersen,1,0,1
Actor,Amith Chakalakkal,1,1,0
Actor,Ege Aydan,1,0,1
Actor,Liam Gallagher,1,1,0
Actor,Rendy Ahmad,1,1,0
Actor,Majed Aldheeb,1,1,0
Actor,Vojislav Brajovic,1,1,0
Actor,Ciaran McCabe,1,1,0
Actor,Chris Webb,1,1,0
Actor,David Crane,1,1,0
Actor,Woo-Sung Hyun,1,0,1
Actor,Frankie Shaw,1,1,0
Actor,Juan Carlos Barreto,1,0,1
Actor,Aurora Heimbach,1,1,0
Actor,Ingrid Isensee,1,0,1
Actor,Gracie Whitton,1,1,0
Actor,Liao Yi Chiao,1,0,1
Actor,John Brodsky,1,1,0
Actor,Edgar Vivar,1,0,1
Actor,Allison Strong,1,1,0
Actor,Jacob Loeb,1,1,0
Actor,Teresa Biter,1,1,0
Actor,Tharoth Sam,1,1,0
Actor,Stephanie March,1,1,0
Actor,Lisa McAllister,1,0,1
Actor,Bianca Kajlich,1,1,0
Actor,Shae Smolik,1,1,0
Actor,Adam Butcher,1,1,0
Actor,Peter Bergared,1,0,1
Actor,Timothy Balme,1,0,1
Actor,Patricia Arbúes,1,0,1
Actor,Stephen Snedden,1,1,0
Actor,Ellen Sandweiss,1,1,0
Actor,Mark Farokh Parekh,1,0,1
Actor,Lea van Acken,1,1,0
Actor,Marko Dyrlich,1,1,0
Actor,Pascale Wilson,1,1,0
Actor,Dean Goss,1,1,0
Actor,Wafaa Amer,1,1,0
Actor,Alberto Sordi,1,1,0
Actor,Rajesh More,1,1,0
Actor,David Sheridan,1,1,0
Actor,Eray Eserol,1,0,1
Actor,Tyler Jade Nixon,1,1,0
Actor,Mehmet Selim Akgül,1,1,0
Actor,Lou Wick,1,1,0
Actor,John Lloyd Young,1,1,0
Actor,Hümeyra,1,1,0
Actor,Melis Tüzüngüç,1,0,1
Actor,Anna Koshmal,1,0,1
Actor,Tom Amandes,1,1,0
Actor,Jurnee Smollett-Bell,1,1,0
Actor,Vidushi Mehra,1,1,0
Actor,Stephanie Simbari,1,1,0
Actor,Patsomtat Sudprasert,1,1,0
Actor,Corey Taylor,1,1,0
Actor,Jamey Sheridan,1,1,0
Actor,Isabel Conner,1,1,0
Actor,Henryk Bista,1,1,0
Actor,Anand,1,1,0
Actor,Amin El Gamal,1,1,0
Actor,Priya Marathe,1,0,1
Actor,Yong-soo park,1,1,0
Actor,Chinmayi Sumit,1,1,0
Actor,Satomi Koorogi,1,0,1
Actor,Dejan Cukic,1,1,0
Actor,Nezha Karim,1,1,0
Actor,Dillon Cavitt,1,1,0
Actor,Pixie Davies,1,1,0
Actor,Kuang Yang,1,1,0
Actor,Wu Ma,1,1,0
Actor,Robin Tunney,1,1,0
Actor,Gina Lim,1,0,1
Actor,Jennifer Kim,1,1,0
Actor,Alexa Nisenson,1,1,0
Actor,Stuart Varnam-Atkin,1,1,0
Actor,Sultan Hussain,1,1,0
Actor,Ashleigh Hairston,1,0,1
Actor,Stephen Fung,1,1,0
Actor,Rick Coffill,1,0,1
Actor,David S. Lee,1,1,0
Actor,Claudia Kim,1,0,1
Actor,Karol Modzelewski,1,1,0
Actor,Peter Wight,1,1,0
Actor,Balachandran Chullikadu,1,1,0
Actor,India Menuez,1,1,0
Actor,Chang Chieh,1,0,1
Actor,Jung-min Hwang,1,1,0
Actor,Christine Ebadi,1,1,0
Actor,Florinda Meza García,1,0,1
Actor,Arvinder Bhatti,1,1,0
Actor,Noriko Shinohara,1,1,0
Actor,Robert Pugh,1,0,1
Actor,Josh Epstein,1,1,0
Actor,Alexandra Newick,1,1,0
Actor,Dewi Hughes,1,1,0
Actor,Nicholas Ofczarek,1,0,1
Actor,Vicky Luengo,1,1,0
Actor,Deric McCabe,1,1,0
Actor,Yakub Akhmedov,1,1,0
Actor,Anastasiya Makeeva,1,0,1
Actor,Sergio Cilli,1,1,0
Actor,Allegra Clark,1,0,1
Actor,Thomas J. Kannampuzha,1,1,0
Actor,Charles Martin Smith,1,1,0
Actor,Zdenka Procházková,1,1,0
Actor,João Fábio Cabral,1,1,0
Actor,Diljott,1,1,0
Actor,Victor Huggo Martin,1,1,0
Actor,David Haydn-Jones,1,1,0
Actor,Einat Sarouf,1,1,0
Actor,Deirdre Mullins,1,0,1
Actor,Sam Hammington,1,0,1
Actor,Hassan Akkouch,1,1,0
Actor,Arancha Martí,1,1,0
Actor,Rachael Bella,1,1,0
Actor,Quinn Greene,1,0,1
Actor,Babe Cabita,1,1,0
Actor,Martin Shaw,1,1,0
Actor,William Hardie,1,0,1
Actor,Pep Anton Muñoz,1,0,1
Actor,Purnima Varma,1,1,0
Actor,Lili Karamalikis,1,1,0
Actor,Fame Chawin Likitjareonpong,1,0,1
Actor,Tomás Ottaviano,1,1,0
Actor,Mélanie Bernier,1,1,0
Actor,Lesli Margherita,1,1,0
Actor,Hye-jin Shim,1,0,1
Actor,Meredith Eaton,1,0,1
Actor,Tülay Bursa,1,0,1
Actor,Danielle Bird,1,0,1
Actor,C.J. Baker,1,1,0
Actor,Emily Wickersham,1,0,1
Actor,Emily Rose,1,0,1
Actor,Luka Kain,1,1,0
Actor,Charlie Farrell,1,1,0
Actor,Dong-ho Kang,1,0,1
Actor,Valerie Bader,1,1,0
Actor,Skylar Gasper,1,1,0
Actor,Nicole Ishida,1,0,1
Actor,Tony King,1,1,0
Actor,Ashlee Brian,1,1,0
Actor,Young-kwang Kim,1,0,1
Actor,Maria Mercedes,1,1,0
Actor,Garry McDonald,1,1,0
Actor,Yongxi Liu,1,1,0
Actor,George Sargeant,1,1,0
Actor,Russell Geoffrey Banks,1,1,0
Actor,Adrienne Corri,1,1,0
Actor,Tomorowo Taguchi,1,0,1
Actor,Serra Hirsch,1,0,1
Actor,James Bond III,1,1,0
Actor,Sergio IJssel,1,1,0
Actor,Kevin Hernandez,1,1,0
Actor,Nikolai Johnsen,1,0,1
Actor,Yao Yichen,1,0,1
Actor,Mia Ahmad,1,0,1
Actor,Walter Pidgeon,1,1,0
Actor,Eric Osborne,1,0,1
Actor,Eileen Page,1,1,0
Actor,J. Drew Lucas,1,1,0
Actor,Charlie Korsmo,1,1,0
Actor,Ryan Clark,1,0,1
Actor,Judge Reinhold,1,1,0
Actor,Jean-Michel Balthazar,1,1,0
Actor,Andoni Gracia,1,1,0
Actor,Lucy Barrett,1,1,0
Actor,Erica Duke,1,1,0
Actor,Cameron Rhodes,1,0,1
Actor,Olly Wilkins,1,1,0
Actor,Marianne Williamson,1,1,0
Actor,Hari Shivdasani,1,1,0
Actor,Nabeel Ahmad Alkoni,1,1,0
Actor,Annette Funicello,1,1,0
Actor,Edward Fordham Jr.,1,0,1
Actor,Iain McKee,1,1,0
Actor,Chi Pu,1,1,0
Actor,Siena Goines,1,1,0
Actor,Charles Bronson,1,1,0
Actor,Regina Soto,1,1,0
Actor,Soo-hyun Hong,1,0,1
Actor,Eddie Cahill,1,1,0
Actor,Aakarshan Singh,1,0,1
Actor,Jason Hopkins,1,1,0
Actor,Catherine McClements,1,0,1
Actor,Tony B. Lesika,1,1,0
Actor,Hsueh-erh Wen,1,1,0
Actor,Steven Swadling,1,1,0
Actor,Shashi Sharma,1,1,0
Actor,Raj Ghatak,1,0,1
Actor,Igor Szpakowski,1,1,0
Actor,Ervin Nagy,1,1,0
Actor,Jerzy Bińczycki,1,1,0
Actor,Geummi,1,0,1
Actor,Qing Ye,1,1,0
Actor,Björn Stefánsson,1,0,1
Actor,Ezra James Colbert,1,1,0
Actor,Logan Lerman,1,1,0
Actor,Brian Caspe,1,1,0
Actor,Nick Thune,1,1,0
Actor,Érico Brás,1,0,1
Actor,Bebe Cave,1,1,0
Actor,Kompheak Phoeung,1,1,0
Actor,Daniela Castro,1,0,1
Actor,Natalie Wood,1,1,0
Actor,Aïcha Ben Ahmed,1,1,0
Actor,Daniel Cooksley,1,1,0
Actor,Brad Hawkins,1,0,1
Actor,Gabriel Sloyer,1,1,0
Actor,Jacopo Berinizi,1,1,0
Actor,Ed Marinaro,1,1,0
Actor,Sienna Bohn,1,1,0
Actor,Ève Saint-Louis,1,1,0
Actor,Ke Chu,1,1,0
Actor,Bianca Santos,1,1,0
Actor,Nadia Forde,1,1,0
Actor,Florian Stetter,1,0,1
Actor,Junior,1,0,1
Actor,Rodriguez,1,1,0
Actor,Mangesh Desai,1,1,0
Actor,Aretha Franklin,1,1,0
Actor,Tamir Ben-Yehuda,1,1,0
Actor,Beatrice Macola,1,1,0
Actor,Jen Jones,1,1,0
Actor,Avicii,1,1,0
Actor,Chang-hwan Ahn,1,0,1
Actor,Sharvari Jamenis,1,1,0
Actor,Amber Rose,1,1,0
Actor,Brooke Williams,1,0,1
Actor,Monica Bedi,1,1,0
Actor,Robert Vataj,1,1,0
Actor,Andrew Buckland,1,1,0
Actor,Pitta Na Pattalung,1,0,1
Actor,Hoai An,1,1,0
Actor,Moon Nam-sook,1,1,0
Actor,Steve Greene,1,1,0
Actor,Peter O'Connor,1,1,0
Actor,Igor Galvão,1,1,0
Actor,Kalpana,1,1,0
Actor,Allen Danziger,1,1,0
Actor,Nitu Pandher,1,1,0
Actor,Teetatch Ratanasritai,1,0,1
Actor,Dan Breitman,1,1,0
Actor,Kirill Poluhin,1,0,1
Actor,Gacha Plienwithi,1,1,0
Actor,Sam Vincenti,1,1,0
Actor,Deelia Meriel,1,1,0
Actor,Jenn McAllister,1,1,0
Actor,Rod Lousich,1,0,1
Actor,Andrew Pifko,1,1,0
Actor,Stephen Schneider,1,0,1
Actor,Borys Szyc,1,1,0
Actor,Ramona Milano,1,1,0
Actor,Michael Rhys Kan,1,1,0
Actor,Eduardo Tanús,1,1,0
Actor,Andrew Steel,1,1,0
Actor,Ella Wahlestedt,1,1,0
Actor,Aslı Enver,1,0,1
Actor,Tania Gunadi,1,0,1
Actor,Suchitra Bandekar,1,1,0
Actor,Al Vicente,1,1,0
Actor,David Bark-Jones,1,1,0
Actor,Daniel Arenas,1,0,1
Actor,Manuel Rubey,1,0,1
Actor,Juliana Ibrahim,1,0,1
Actor,Ronny Jhutti,1,0,1
Actor,Lalor Roddy,1,1,0
Actor,Scott Spiegel,1,1,0
Actor,Robert Torti,1,1,0
Actor,Dyllan Christopher,1,1,0
Actor,Lokesh Gupte,1,1,0
Actor,Zeynep Çamcı,1,0,1
Actor,Andrew Collins,1,1,0
Actor,Elizabeth Becka,1,1,0
Actor,Daniel Raymont,1,1,0
Actor,Joe Savino,1,1,0
Actor,Aaron Kwok,1,1,0
Actor,Mo McRae,1,1,0
Actor,Justin Roiland,1,1,0
Actor,Alexia Fast,1,1,0
Actor,Katie Carr,1,1,0
Actor,Jadon Sand,1,1,0
Actor,Toomtam Yuthana Puengklarng,1,0,1
Actor,Brian Ireland,1,1,0
Actor,Josh Fadem,1,1,0
Actor,Sandor Funtek,1,1,0
Actor,Elijah Kelley,1,1,0
Actor,Dieter Jansen,1,0,1
Actor,Sarang Sathaye,1,1,0
Actor,David McCracken,1,1,0
Actor,Okan Yalabik,1,1,0
Actor,Neen Suwanamas,1,0,1
Actor,Moumita Talukdar,1,1,0
Actor,Ayça İnci,1,0,1
Actor,Namrata Shirodkar,1,1,0
Actor,Redaric Williams,1,1,0
Actor,Jackson White,1,1,0
Actor,Michael Godere,1,1,0
Actor,Tridha Choudhury,1,0,1
Actor,Eva Gabor,1,1,0
Actor,Tina Desae,1,0,1
Actor,Marcel Hensema,1,0,1
Actor,So-young Yoo,1,0,1
Actor,Keene Curtis,1,1,0
Actor,Ananda Everingham,1,1,0
Actor,Himanshu Sharma,1,1,0
Actor,Caroline Boulton,1,1,0
Actor,Toby Onwumere,1,0,1
Actor,Andy McPhee,1,1,0
Actor,Rakim Kelly,1,0,1
Actor,Hammou Graïa,1,1,0
Actor,Juan Ramírez,1,1,0
Actor,Christina Vidal,1,1,0
Actor,Boubker Ait El Caid,1,1,0
Actor,Olivia Ritchie,1,1,0
Actor,Gana Bayarsaikhan,1,1,0
Actor,Jin Auyeung,1,1,0
Actor,Titi Kamal,1,1,0
Actor,José Pérez,1,1,0
Actor,Tiffany Mulheron,1,1,0
Actor,Elarica Johnson,1,1,0
Actor,Loti Bailey,1,0,1
Actor,D.G. Maloney,1,1,0
Actor,Ron Vawter,1,1,0
Actor,Cansu Dere,1,0,1
Actor,Judy Collins,1,1,0
Actor,Adam Busch,1,1,0
Actor,Liliana Komorowska,1,1,0
Actor,Hank Wu,1,0,1
Actor,Jennifer Cody,1,1,0
Actor,Bill Courtney,1,1,0
Actor,Justin Shafer,1,1,0
Actor,Michael Huang,1,0,1
Actor,Saii Ranade,1,1,0
Actor,Chris O'Donnell,1,1,0
Actor,Adrian Ladron,1,1,0
Actor,Matthew Harbour,1,1,0
Actor,Elizabeth Ludlow,1,1,0
Actor,Canan Özer,1,1,0
Actor,Claudio Bisio,1,1,0
Actor,Clara Kushnir,1,1,0
Actor,Karim Barras,1,0,1
Actor,Andrew Koji,1,1,0
Actor,Natasha Doshi,1,1,0
Actor,Tommy McDonnell,1,1,0
Actor,Kevin Trainor,1,1,0
Actor,Erik Palladino,1,1,0
Actor,Ana María Henríquez,1,1,0
Actor,Lora Burke,1,1,0
Actor,Paul Wall,1,1,0
Actor,Ayrton Senna,1,1,0
Actor,Hosea Chanchez,1,1,0
Actor,Nick Bateman,1,1,0
Actor,Nadia Dajani,1,1,0
Actor,Kacie Anderson,1,1,0
Actor,Massimo Ceccherini,1,1,0
Actor,Ethan Stiefel,1,1,0
Actor,Nikki Blonsky,1,1,0
Actor,Suboi,1,1,0
Actor,Jamie Durie,1,0,1
Actor,Anna Silk,1,0,1
Actor,Trevor Gagnon,1,1,0
Actor,Satoru Kawaguchi,1,1,0
Actor,Carlos de la Mota,1,0,1
Actor,Cheryl Lynn Bruce,1,1,0
Actor,Dieter Riesle,1,0,1
Actor,Jimmy Shaw,1,1,0
Actor,Erin Kelly,1,1,0
Actor,Sharda Agnihotri,1,0,1
Actor,Jim Haynie,1,1,0
Actor,Nate Miller,1,1,0
Actor,Natalie Mendoza,1,1,0
Actor,Gilbert Saldivar,1,1,0
Actor,Oscar Serrano,1,1,0
Actor,Thiago Amaral,1,1,0
Actor,Todd Standing,1,1,0
Actor,Karen Bryson,1,1,0
Actor,Tom Chambers,1,0,1
Actor,Corey Hendrix,1,1,0
Actor,Arucha Tosawat,1,0,1
Actor,Agustín Bernal,1,1,0
Actor,Steve Pemberton,1,0,1
Actor,Allison Warnyca,1,1,0
Actor,Ashlyn Drummond,1,1,0
Actor,Grace Hallows,1,1,0
Actor,Mitt Romney,1,1,0
Actor,Daniel Bonjour,1,0,1
Actor,Kongsak Kaenmeepol,1,1,0
Actor,Tae-ho Ryu,1,0,1
Actor,Marcel Ghanem,1,1,0
Actor,Cesare Bocci,1,1,0
Actor,Tatsuomi Hamada,1,0,1
Actor,Jyoti Sharma,1,1,0
Actor,Ella Jazz,1,1,0
Actor,Mukesh S Bhatt,1,1,0
Actor,Sergio Melone,1,0,1
Actor,Lewis Reeves,1,0,1
Actor,Muskaan,1,1,0
Actor,Mark Dexter,1,1,0
Actor,Summer Strallen,1,0,1
Actor,Michael Pataki,1,1,0
Actor,Victor J. Ho,1,1,0
Actor,Min-soo Kim,1,0,1
Actor,Juston Street,1,1,0
Actor,Sheila Frazier,1,1,0
Actor,Françoise Yip,1,1,0
Actor,Norma Martínez,1,0,1
Actor,Josh Grelle,1,0,1
Actor,Tom Fassaert,1,1,0
Actor,Dean Andrews,1,1,0
Actor,Markin López,1,0,1
Actor,Robert Miano,1,1,0
Actor,Kranti Prakash Jha,1,0,1
Actor,Percy Edwards,1,1,0
Actor,Daisy Lewis,1,1,0
Actor,Nicolette Little,1,1,0
Actor,Lex Shrapnel,1,1,0
Actor,Luke Mably,1,1,0
Actor,Fiona Scott,1,0,1
Actor,Susana Zabaleta,1,1,0
Actor,Zhuangzhuang Tian,1,1,0
Actor,Dodo Denney,1,1,0
Actor,Karissa Strain,1,1,0
Actor,Cindy Hayden,1,0,1
Actor,Beth Stelling,1,0,1
Actor,James Fleet,1,1,0
Actor,Hannya,1,0,1
Actor,Hiroshi Tsuchida,1,0,1
Actor,Peter Egan,1,1,0
Actor,Basil Harris,1,1,0
Actor,Götz Otto,1,1,0
Actor,Sarah Carter,1,1,0
Actor,Álvaro Ogalla,1,1,0
Actor,Sharon Small,1,1,0
Actor,Christopher Wagelin,1,0,1
Actor,Brian De Palma,1,1,0
Actor,Selin Uludoğan,1,0,1
Actor,Sieger Sloot,1,1,0
Actor,William Calvert,1,1,0
Actor,Da-hae Lee,1,0,1
Actor,Charlie Kelly,1,1,0
Actor,Zain Meghji,1,1,0
Actor,Riley Thomas Stewart,1,1,0
Actor,Marina Goldman,1,1,0
Actor,Haven Paschall,1,0,1
Actor,Aggeliki Papoulia,1,1,0
Actor,Master Bobby,1,1,0
Actor,Sonja Halla-aho,1,1,0
Actor,Mugi Kadowaki,1,0,1
Actor,Li Bingbing,1,1,0
Actor,John Doughty,1,1,0
Actor,Adam West,1,1,0
Actor,Felipe Titto,1,1,0
Actor,Malkeet Rauni,1,1,0
Actor,Arthur Cartwright,1,1,0
Actor,Jennifer Lafleur,1,1,0
Actor,Fouad Yammine,1,1,0
Actor,Randy Schulman,1,1,0
Actor,Akin Omotoso,1,1,0
Actor,Sophie Guillemin,1,0,1
Actor,Gwendoline Christie,1,1,0
Actor,James Marcus,1,1,0
Actor,Dylan Edwards,1,1,0
Actor,Ross Clarke-Jones,1,1,0
Actor,Clement Metayer,1,1,0
Actor,Ken Page,1,1,0
Actor,Stefan Gierasch,1,1,0
Actor,Ecem Uzun,1,1,0
Actor,Liesel Hanson,1,1,0
Actor,Mrinmayee Godbole,1,1,0
Actor,Mari Morrow,1,1,0
Actor,Dinesh Ravi,1,1,0
Actor,Angela Vint,1,1,0
Actor,Faizan Khawaja,1,1,0
Actor,Polly Lewis,1,0,1
Actor,Heather Tod Mitchell,1,1,0
Actor,Jamie Gray Hyder,1,1,0
Actor,Charu Asopa,1,0,1
Actor,Jason Callender,1,0,1
Actor,Andre Squire,1,1,0
Actor,Kate Lang Johnson,1,1,0
Actor,Ankush Choudhary,1,1,0
Actor,María Paz Grandjean,1,0,1
Actor,Chumel Torres,1,1,0
Actor,Takaya Hashi,1,0,1
Actor,Soo-an Kim,1,1,0
Actor,Terry Farrell,1,0,1
Actor,Dustin Ingram,1,1,0
Actor,Chucho Fernández,1,1,0
Actor,Marit Brugman,1,1,0
Actor,INFINITE,1,1,0
Actor,Sierra Aylina McClain,1,1,0
Actor,Ava Kolker,1,1,0
Actor,Krista Bridges,1,1,0
Actor,Emanuela Rei,1,0,1
Actor,Joosje Duk,1,1,0
Actor,Adam Cooper,1,1,0
Actor,Mads Sjogard Pettersen,1,1,0
Actor,Louie Simmons,1,1,0
Actor,Umie Aida,1,0,1
Actor,Eric Duguil,1,1,0
Actor,Musa Uzunlar,1,0,1
Actor,Pascale Christophe,1,1,0
Actor,Thelonious Monk,1,1,0
Actor,Gerson Da Cunha,1,1,0
Actor,Yuri Krapov,1,0,1
Actor,Kurt Max Runte,1,1,0
Actor,Luciano Mellera,1,1,0
Actor,Ade Adepitan,1,0,1
Actor,Elizabeth Lauren Hoffman,1,1,0
Actor,Wilson Bethel,1,0,1
Actor,Didier Constant,1,1,0
Actor,Jessica Pohly,1,1,0
Actor,Josep Maria Riera,1,1,0
Actor,Au Cheuk-Man,1,1,0
Actor,Dave Hunt,1,1,0
Actor,Zen Chong,1,0,1
Actor,Peter Cugno,1,0,1
Actor,Sakha Kalyani,1,1,0
Actor,Carl Windom Carlito,1,1,0
Actor,Bing Yin,1,1,0
Actor,Nigel Pegram,1,1,0
Actor,Elvira Devinamira,1,1,0
Actor,Jin-wook Hong,1,0,1
Actor,Patricio Aranguren,1,1,0
Actor,Gisèle Casadesus,1,1,0
Actor,Emily Jordan,1,1,0
Actor,Bob Hoskins,1,1,0
Actor,Harry O'Reilly,1,1,0
Actor,Narikun Ketprapakorn,1,0,1
Actor,Tyree Brown,1,1,0
Actor,Rie Murakawa,1,0,1
Actor,Sadie Calvano,1,1,0
Actor,Víctor Mallarino,1,0,1
Actor,Mrinalini Sharma,1,1,0
Actor,Shawn Doyle,1,1,0
Actor,Phil Burke,1,0,1
Actor,Marie-Sophie Ferdane,1,1,0
Actor,Chandler Canterbury,1,1,0
Actor,Colt Crawford,1,1,0
Actor,Will Lee,1,1,0
Actor,Billy Drago,1,1,0
Actor,Taliyah Whitaker,1,1,0
Actor,Lü Xiaolin,1,0,1
Actor,Akshay Pendse,1,1,0
Actor,Blackie Rose,1,1,0
Actor,Rachel Zeiger-Haag,1,1,0
Actor,Marco Ricca,1,1,0
Actor,Josh Hopkins,1,0,1
Actor,Zane Holtz,1,0,1
Actor,Miranda Scarlett Schneider,1,0,1
Actor,Rakesh Srivastava,1,1,0
Actor,Randolph Roberts,1,1,0
Actor,Theo Taplitz,1,1,0
Actor,Stuart Allan,1,0,1
Actor,Kimberly Crandall,1,1,0
Actor,Shweta Prasad,1,1,0
Actor,Kate Linder,1,1,0
Actor,Joe Armstrong,1,0,1
Actor,Carolina Guerra,1,0,1
Actor,PJ McCabe,1,1,0
Actor,Jerry Matz,1,1,0
Actor,Rimal Ali,1,1,0
Actor,Brian Doe,1,1,0
Actor,Murphy Guyer,1,1,0
Actor,Richard Thomson,1,0,1
Actor,Michael Culkin,1,1,0
Actor,Khaled Raafat,1,1,0
Actor,Adrianna Edwards,1,1,0
Actor,Lance Lewman,1,1,0
Actor,J.D. Chakravarthi,1,1,0
Actor,Kate Braithwaite,1,1,0
Actor,Brian McCardie,1,1,0
Actor,Victor Leal,1,1,0
Actor,Greg Lewis,1,1,0
Actor,Leonard Siampala,1,1,0
Actor,Phil Cheadle,1,1,0
Actor,Rosie Cavaliero,1,0,1
Actor,Lurie Poston,1,1,0
Actor,Sung-woong Park,1,0,1
Actor,Sven-Bertil Taube,1,1,0
Actor,Sarah Brown,1,0,1
Actor,Michael James Thomas,1,1,0
Actor,Jacky Bhagnani,1,1,0
Actor,Lily Cole,1,1,0
Actor,Tamer Shaltout,1,1,0
Actor,Nerea Camacho,1,0,1
Actor,Afalean Lu,1,0,1
Actor,Jeff Daniel Phillips,1,0,1
Actor,Taras Gotovtsev,1,0,1
Actor,Katherine Narducci,1,1,0
Actor,Jeff Roop,1,1,0
Actor,Li-li Pan,1,0,1
Actor,Rossy Mendoza,1,1,0
Actor,Mia Rose Frampton,1,1,0
Actor,Lara Jean Chorostecki,1,0,1
Actor,Chris Couto,1,1,0
Actor,Hynden Walch,1,0,1
Actor,Abe Goldfarb,1,0,1
Actor,Cas Jansen,1,1,0
Actor,Zhang Weixin,1,1,0
Actor,Sasho,1,1,0
Actor,Siddharth Koirala,1,1,0
Actor,Denis Dorokhov,1,1,0
Actor,Nittha Jirayungyurn,1,1,0
Actor,Ellen Holly,1,1,0
Actor,Magnús Scheving,1,1,0
Actor,Danny Wells,1,0,1
Actor,Karsten Jansfort,1,1,0
Actor,Vladimir Steklov,1,1,0
Actor,Naomi Sequeira,1,1,0
Actor,Yukari Fukui,1,0,1
Actor,Devendra Gaikwad,1,1,0
Actor,Roger Yuan,1,1,0
Actor,Ash Stymest,1,1,0
Actor,Nicholas Rowe,1,1,0
Actor,Kanika Shivpuri,1,0,1
Actor,Frances Wu,1,0,1
Actor,Tuğba Melis Türk,1,0,1
Actor,Sa-rang Kim,1,0,1
Actor,Jochen Barkas,1,1,0
Actor,Carla Campra,1,1,0
Actor,Alana Tyler-Tomkins,1,1,0
Actor,Ka Ho Yu,1,1,0
Actor,Philip Bulcock,1,1,0
Actor,Deepak Wadhwa,1,1,0
Actor,Tanushree Dutta,1,1,0
Actor,Deep Roy,1,1,0
Actor,Roger Gregg,1,1,0
Actor,Charlie Sexton,1,1,0
Actor,Fay Ripley,1,0,1
Actor,Fadzli Daniel Ali,1,1,0
Actor,Cathy Tyson,1,1,0
Actor,Juan Calot,1,1,0
Actor,Savin Phillip,1,1,0
Actor,Robyn Fairchild,1,1,0
Actor,Seema Deshmukh,1,1,0
Actor,Rosie Fellner,1,1,0
Actor,Jairo Ordoñez,1,0,1
Actor,Jo Woodcock,1,0,1
Actor,Stavroula Mountzouris,1,0,1
Actor,Özgün Karaman,1,0,1
Actor,Chew Chor Meng,1,0,1
Actor,Kenneth Edmonds,1,1,0
Actor,Jeremy Slate,1,1,0
Actor,Olivia Solo,1,0,1
Actor,Jake Curran,1,1,0
Actor,Daveigh Chase,1,1,0
Actor,Jonita,1,1,0
Actor,Jo Van Fleet,1,1,0
Actor,Nina Gogaeva,1,0,1
Actor,Ashanth K. Shah,1,1,0
Actor,Joshua Kilimnik,1,1,0
Actor,Jenny Wu,1,1,0
Actor,Ibrahim Shatta,1,1,0
Actor,Jeong Hye-ok,1,1,0
Actor,Monique Coleman,1,1,0
Actor,Song Il-gook,1,0,1
Actor,George Stroumboulopoulos,1,1,0
Actor,Jerry Jewell,1,0,1
Actor,Michel Jonasz,1,1,0
Actor,Dennis Chew,1,0,1
Actor,Sverrir Gudnason,1,0,1
Actor,Lewis Gadson,1,1,0
Actor,Gloria Carrá,1,1,0
Actor,Zara Zya,1,1,0
Actor,Peter Ustinov,1,1,0
Actor,Jacob Hopkins,1,1,0
Actor,Seung-ah Yoon,1,0,1
Actor,Danielle Dai,1,0,1
Actor,Kushal Badrike,1,1,0
Actor,Lillian Michelson,1,1,0
Actor,Heather Lind,1,0,1
Actor,Patrick Murney,1,0,1
Actor,Caesar Wu,1,0,1
Actor,Monserrat Ontiveros,1,1,0
Actor,Mavrick Moreno,1,1,0
Actor,Lili Harahap,1,1,0
Actor,Sean Nelson,1,1,0
Actor,Vyjayanthimala,1,1,0
Actor,Gordon Jackson,1,0,1
Actor,Siobhan McKenna,1,1,0
Actor,Donogh Rees,1,0,1
Actor,Marlee Matlin,1,0,1
Actor,Asahi Uchida,1,1,0
Actor,Diane Kagan,1,1,0
Actor,Erin Krakow,1,0,1
Actor,Rob Brown,1,1,0
Actor,Shawn Christian,1,1,0
Actor,Preston Bailey,1,1,0
Actor,Jiang Pei Pei,1,0,1
Actor,Padma Lakshmi,1,1,0
Actor,Mitch Ryan,1,0,1
Actor,Zhao Yao Ke,1,0,1
Actor,Amanda Arcuri,1,0,1
Actor,Casey Hendershot,1,1,0
Actor,Jenessa Grant,1,0,1
Actor,Miquel Insua,1,0,1
Actor,Pauley Perrette,1,0,1
Actor,Howard McNear,1,0,1
Actor,Chudapha Chanthakhet,1,1,0
Actor,Sakshi Shivanand,1,1,0
Actor,Yuki Kadooka,1,1,0
Actor,Yu-Xuan Wang,1,0,1
Actor,Melody,1,1,0
Actor,Emma Lahana,1,0,1
Actor,Felipe Izquierdo,1,1,0
Actor,Kearia Schroeder,1,1,0
Actor,Kaya Jade Aguirre,1,1,0
Actor,Vinoth,1,1,0
Actor,Baran Akbulut,1,0,1
Actor,Baby Maya,1,1,0
Actor,Ewa Fröling,1,1,0
Actor,Nicolas Gob,1,0,1
Actor,Jorge Blanco,1,1,0
Actor,Richard Mylan,1,1,0
Actor,Jamie Michie,1,0,1
Actor,Jean-Claude Donda,1,1,0
Actor,Halalisani Bradley Cebekhulu,1,1,0
Actor,Henrik Jørgensen,1,0,1
Actor,ChoI Seung-ho,1,1,0
Actor,"Marissa ""Chabe"" Lozano",1,1,0
Actor,Osama Tahir,1,1,0
Actor,Yadhira Carrillo,1,0,1
Actor,Lili Simmons,1,1,0
Actor,Charles McGregor,1,1,0
Actor,Matt King,1,1,0
Actor,Tom Lenk,1,1,0
Actor,Lynne Koplitz,1,1,0
Actor,Aamir Qureshi,1,1,0
Actor,Pierson Fode,1,1,0
Actor,Sarah G. Buxton,1,1,0
Actor,Anna Maria Barbany,1,0,1
Actor,Thomas Arnold,1,1,0
Actor,Jeroen van Koningsbrugge,1,1,0
Actor,King Chin,1,0,1
Actor,Mark Hauser,1,1,0
Actor,Claire Smithies,1,1,0
Actor,Jon McLaren,1,1,0
Actor,Aaron Farb,1,1,0
Actor,Cleo Badcock,1,1,0
Actor,Leandra Leal,1,1,0
Actor,Shane Carruth,1,1,0
Actor,Alex Etel,1,1,0
Actor,Lo Lieh,1,1,0
Actor,Gabe White,1,1,0
Actor,Alden Tab,1,1,0
Actor,Pedro Miguel Martínez,1,1,0
Actor,Kate Rose Reynolds,1,1,0
Actor,Four Sakolrat Wornurai,1,0,1
Actor,Rahat Kazmi,1,1,0
Actor,Hadi Subiyanto,1,1,0
Actor,Joe Egender,1,1,0
Actor,Cheuk Wan Chi,1,0,1
Actor,Leonard Earl Howze,1,1,0
Actor,Mohan Ayroor,1,1,0
Actor,Jytte-Merle Böhrnsen,1,1,0
Actor,Julia Jordan,1,0,1
Actor,Billy Graham,1,1,0
Actor,Mei Ting,1,0,1
Actor,Jordan Gelber,1,1,0
Actor,Tyler Weaks,1,1,0
Actor,Anindya Bandopadhyay,1,1,0
Actor,Helena Beljan,1,1,0
Actor,Donia El Masry,1,1,0
Actor,Hye-jin Han,1,1,0
Actor,Mohammad-Ali Behboudi,1,0,1
Actor,Lena Lauzemis,1,1,0
Actor,Megan O'Kelly,1,1,0
Actor,Sareh Bayat,1,1,0
Actor,Han Chae-young,1,0,1
Actor,Sanath,1,1,0
Actor,Jane Perry,1,1,0
Actor,Caitlin Glass,1,0,1
Actor,Lawrence Kasdan,1,0,1
Actor,Alfred Thomas II,1,1,0
Actor,Elisa Donovan,1,1,0
Actor,Austin Basis,1,0,1
Actor,Francesca Piñón,1,0,1
Actor,Jessica Hann,1,0,1
Actor,Devon Aoki,1,1,0
Actor,Cam'ron,1,1,0
Actor,Stewart Lee,1,1,0
Actor,Rex Allen,1,1,0
Actor,Clara Lee,1,0,1
Actor,Pierre Perrier,1,0,1
Actor,Shafi Inamdar,1,1,0
Actor,Emilia Schüle,1,0,1
Actor,Davíð Freyr Þórunnarson,1,0,1
Actor,Montrail 'Money' Brown,1,1,0
Actor,Rodrigo Duarte Clark,1,1,0
Actor,Tom Irwin,1,1,0
Actor,Duchess Dukes,1,1,0
Actor,Alice Ziolkoski,1,1,0
Actor,Joss Ackland,1,1,0
Actor,Vickie Papavs,1,1,0
Actor,Nadeem Rimawi,1,1,0
Actor,Frank Wolff,1,1,0
Actor,Marquita Goings,1,1,0
Actor,Uttara Baokar,1,1,0
Actor,Havish,1,0,1
Actor,Sydney Lassick,1,1,0
Actor,George Young,1,0,1
Actor,Ornjira Lamwilai,1,0,1
Actor,Luz Valdenebro,1,0,1
Actor,April Billingsley,1,1,0
Actor,Andrew Coghlan,1,1,0
Actor,Priscilla Pointer,1,1,0
Actor,Shyrley Rodriguez,1,0,1
Actor,Chester Rushing,1,1,0
Actor,Daniel Kash,1,1,0
Actor,Shanna Forrestall,1,1,0
Actor,Luke Haliwell,1,0,1
Actor,Hande Doğandemir,1,1,0
Actor,Rafael Logan,1,1,0
Actor,Ramin Yazdani,1,0,1
Actor,Tom Sweet,1,1,0
Actor,Anglie Leung,1,1,0
Actor,Yu Hai,1,1,0
Actor,Hong Wan-pyo,1,0,1
Actor,Brianna Daguanno,1,0,1
Actor,Alan Titchmarsh,1,0,1
Actor,Fola Evans-Akingbola,1,1,0
Actor,Raquel Christiana,1,0,1
Actor,Heart Evangelista,1,1,0
Actor,Satish Sharma,1,1,0
Actor,Zac Titus,1,1,0
Actor,Dindi Jane,1,1,0
Actor,Betsy Baker,1,1,0
Actor,Noah Gerry,1,0,1
Actor,Travaris Spears,1,1,0
Actor,Sandra Itzel,1,0,1
Actor,Prasad Purandhare,1,1,0
Actor,Thanusree Ghosh,1,1,0
Actor,Craig Bierko,1,1,0
Actor,Kylian Trouillard,1,1,0
Actor,Eun-Hyung Jo,1,0,1
Actor,Don Wadsworth,1,1,0
Actor,Mustafa Sandal,1,1,0
Actor,Dave Engfer,1,1,0
Actor,Alisa Kunkwaeng,1,0,1
Actor,Tuncel Kurtiz,1,0,1
Actor,Swarangi Maharte,1,1,0
Actor,Melisa Sözen,1,0,1
Actor,Robert Mitchell,1,1,0
Actor,Ava Hughes,1,1,0
Actor,Gary Lineker,1,1,0
Actor,Basma Ahmad,1,1,0
Actor,Jerry Yeo,1,0,1
Actor,Milena Soliz,1,1,0
Actor,Wiolka Walaszczyk,1,1,0
Actor,Alexa Mansour,1,1,0
Actor,Paul Regina,1,1,0
Actor,Tom McCamus,1,1,0
Actor,Byron Brown,1,1,0
Actor,Dominik Warta,1,1,0
Actor,Paulo Calatré,1,1,0
Actor,Erez Tal,1,0,1
Actor,Arturo Carmona,1,1,0
Actor,David Prowse,1,1,0
Actor,Irene Wan,1,1,0
Actor,Erik Madsen,1,0,1
Actor,Gastón Salgado,1,0,1
Actor,Moe Isaac,1,1,0
Actor,Dagmar Bláhová,1,1,0
Actor,Shubhangi Latkar,1,1,0
Actor,Brian Dietzen,1,0,1
Actor,Amanda Ooms,1,0,1
Actor,Earl Boen,1,1,0
Actor,Andrew Herr,1,1,0
Actor,Nobi,1,1,0
Actor,Steven Moffat,1,1,0
Actor,Rodolfo Corsato,1,1,0
Actor,Jon Gupta,1,0,1
Actor,Allen Chen,1,0,1
Actor,Drew Aaron,1,0,1
Actor,John Galliano,1,1,0
Actor,Henriette Müller,1,1,0
Actor,Anne Pitoniak,1,1,0
Actor,Jameel Saleem,1,1,0
Actor,Júlia Creus,1,0,1
Actor,Ambika Mohan,1,1,0
Actor,Diana Scarwid,1,1,0
Actor,Robyn Hitchcock,1,1,0
Actor,Seiko Matsuda,1,1,0
Actor,Mona Shaddad,1,0,1
Actor,Mohit Abrol,1,0,1
Actor,Eve Plumb,1,1,0
Actor,Abhijit Kelkar,1,1,0
Actor,Piotr Bajor,1,1,0
Actor,Oliver Díaz Barba,1,1,0
Actor,Philip Jackson,1,1,0
Actor,Sunny Banerjee,1,1,0
Actor,Rachel D'Sena,1,1,0
Actor,Gong Beibi,1,0,1
Actor,Chia-ying Lee,1,0,1
Actor,Jaqueline Fleming,1,1,0
Actor,Wulan Guritno,1,1,0
Actor,Haitham Omari,1,1,0
Actor,Lalit Tiwari,1,1,0
Actor,Peter Berg,1,1,0
Actor,Ayşenur Yazıcı,1,1,0
Actor,Hoang Phuc Nguyen,1,1,0
Actor,Marcello Rivera,1,1,0
Actor,Shazia Nicholls,1,0,1
Actor,David Kronawitter,1,1,0
Actor,Mark Kubr,1,1,0
Actor,Kulada Bhattacharjya,1,1,0
Actor,Michael O'Sullivan,1,1,0
Actor,Mark Benton,1,0,1
Actor,Zuzanna Szadkowski,1,0,1
Actor,Bruno Todeschini,1,1,0
Actor,Tim Kalkhof,1,1,0
Actor,Lyndon Ogbourne,1,1,0
Actor,Mohib Mirza,1,1,0
Actor,Elisabeth Hesemans,1,1,0
Actor,John Hennigan,1,1,0
Actor,Frank O'Sullivan,1,0,1
Actor,Dominic Ho,1,1,0
Actor,Wiesław Komasa,1,1,0
Actor,Catherine Corcoran,1,1,0
Actor,Samita Bangargi,1,1,0
Actor,Michael R. Gotto,1,0,1
Actor,Jamie Renée Smith,1,1,0
Actor,Nicolás Oyarzún,1,1,0
Actor,Didier Lucien,1,1,0
Actor,Nathanael Wiseman,1,1,0
Actor,Jill Baker,1,1,0
Actor,Shane Casey,1,1,0
Actor,Cherie Chung,1,1,0
Actor,Dougie McConnell,1,1,0
Actor,Maurice Dean Wint,1,0,1
Actor,Nisa Boonsantear,1,1,0
Actor,Zakes Mokae,1,1,0
Actor,Deepali Pansare,1,0,1
Actor,Plerng Pollapakk Vacharaponghiran,1,0,1
Actor,Mary Gordon Murray,1,1,0
Actor,Kanan Malhotra,1,0,1
Actor,Susan Oliver,1,1,0
Actor,Ashley Pereira,1,1,0
Actor,Julie Recoing,1,1,0
Actor,Paxton Whitehead,1,1,0
Actor,Raúl Valerio,1,1,0
Actor,Anton Gillis-Adelman,1,1,0
Actor,Jae-sung Jung,1,0,1
Actor,Sorcha Cusack,1,0,1
Actor,Cristóbal Suárez,1,0,1
Actor,Ayu Dyah Pasha,1,1,0
Actor,Justin Clarke Samuel,1,1,0
Actor,Bruna González,1,1,0
Actor,Cirroc Lofton,1,0,1
Actor,Rachel Brosnahan,1,1,0
Actor,Ana Torrent,1,1,0
Actor,Jan Peszek,1,1,0
Actor,Jae-suk Han,1,0,1
Actor,Charlotte Vandermeersch,1,1,0
Actor,Martin Pechlát,1,1,0
Actor,Alison Chand,1,1,0
Actor,Ka Sang Cheung,1,1,0
Actor,Hasan Abdulfattah,1,1,0
Actor,Laura Innes,1,1,0
Actor,Beatrice Arnera,1,1,0
Actor,Grant Kilburn,1,1,0
Actor,Dillon Mitra,1,1,0
Actor,Urvashi Rautela,1,1,0
Actor,Jayvee Mai The Hiep,1,1,0
Actor,Valérie Bonneton,1,1,0
Actor,Nile Rodgers,1,1,0
Actor,Daniela Barbosa,1,1,0
Actor,Sambhaji Sasane,1,1,0
Actor,James Lawrence,1,1,0
Actor,Neha Rathanakaran,1,1,0
Actor,Jake Hsu,1,0,1
Actor,Sandy McMaster,1,1,0
Actor,Jessica McManus,1,1,0
Actor,Raheem Devaughn,1,1,0
Actor,Connor Lawrence,1,1,0
Actor,Tamara Dobson,1,1,0
Actor,Alan Devlin,1,1,0
Actor,Fabiola Guajardo,1,1,0
Actor,Dong-yup Shin,1,0,1
Actor,Rorke Denver,1,1,0
Actor,Caneil Oliver,1,1,0
Actor,Allen Iverson,1,1,0
Actor,Fran Drescher,1,1,0
Actor,Sabine Timoteo,1,1,0
Actor,Avika Gor,1,1,0
Actor,David Elliot,1,1,0
Actor,Seung-yeon Gong,1,0,1
Actor,Annie Buckley,1,1,0
Actor,Judith Anderson,1,1,0
Actor,Yaroslav Zhalnin,1,1,0
Actor,Parker Jackson Cartwright,1,1,0
Actor,Ki-jun Shin,1,1,0
Actor,Ryo Sugisaki,1,0,1
Actor,Shirin Yazdanbakhsh,1,1,0
Actor,Summer H. Howell,1,1,0
Actor,Don Messick,1,1,0
Actor,Rakchawan Maroukasonti,1,1,0
Actor,Miguel Pizarro,1,0,1
Actor,Wayne Kramer,1,1,0
Actor,Ingo Olsen,1,1,0
Actor,Elliot Sanchez,1,1,0
Actor,Amy Parrish,1,1,0
Actor,Lenore Harris,1,1,0
Actor,Pai Wei,1,1,0
Actor,Jenna Sharpe,1,0,1
Actor,Vincent McDaniel,1,1,0
Actor,Gemma Harvey,1,0,1
Actor,Harold Prince,1,1,0
Actor,Ali Labidi,1,1,0
Actor,Takeo Chii,1,0,1
Actor,Deok-jae Jo,1,1,0
Actor,Lissa Danshaw,1,1,0
Actor,Richard Gunn,1,1,0
Actor,Cecilia Noble,1,1,0
Actor,Colin Moody,1,1,0
Actor,Chad L. Coleman,1,1,0
Actor,Kedar Brown,1,0,1
Actor,Stephanie Young,1,0,1
Actor,Mario Horton,1,0,1
Actor,Dann Florek,1,1,0
Actor,Ella Hunt,1,1,0
Actor,Zhao Jun,1,1,0
Actor,Moritz Jahn,1,1,0
Actor,Jossi Wells,1,1,0
Actor,James Smith,1,1,0
Actor,Julian Garner,1,1,0
Actor,Sloane Shelton,1,1,0
Actor,Elizabeth McLaughlin,1,1,0
Actor,Alex Wagner,1,0,1
Actor,Robin Chalk,1,1,0
Actor,Ahan Nirban,1,0,1
Actor,Colin MacLachlan,1,1,0
Actor,Danica McKellar,1,0,1
Actor,John Gertz,1,0,1
Actor,Klara Deutschmann,1,0,1
Actor,Eileen Nicholas,1,1,0
Actor,Tom Gleisner,1,0,1
Actor,Darius Zaviceanu,1,0,1
Actor,Trevor Berbick,1,1,0
Actor,Gringe,1,1,0
Actor,Bernadette Peters,1,1,0
Actor,Bonnie Morgan,1,1,0
Actor,Emily Head,1,0,1
Actor,Tony Robbins,1,1,0
Actor,Bud Cort,1,1,0
Actor,Jay Brown,1,1,0
Actor,Rajiv Pathak,1,1,0
Actor,Mary Kay Bergman,1,1,0
Actor,Wayne Pére,1,1,0
Actor,Krisha Fairchild,1,1,0
Actor,Arié Elmaleh,1,1,0
Actor,Andrew W. Walker,1,1,0
Actor,Priyanka Setia,1,1,0
Actor,Sissi Fleitas,1,1,0
Actor,Sasha Grey,1,1,0
Actor,Sofía Garza,1,1,0
Actor,Megumi Takamoto,1,0,1
Actor,Peter Sullivan,1,0,1
Actor,Daniel Duval,1,1,0
Actor,Cory Hunter,1,0,1
Actor,Anna Mouglalis,1,1,0
Actor,Arun Mukhopadhyay,1,1,0
Actor,Luna,1,0,1
Actor,Vega Tsai,1,0,1
Actor,David Domoney,1,0,1
Actor,Peggy Lipton,1,0,1
Actor,Beau Sia,1,1,0
Actor,Peppino De Filippo,1,1,0
Actor,Narisara Sairatanee,1,1,0
Actor,Nine Muses,1,1,0
Actor,Paul Roebling,1,0,1
Actor,Ana Martín,1,0,1
Actor,James Lipton,1,1,0
Actor,Lynne Thigpen,1,1,0
Actor,Bill Pertwee,1,0,1
Actor,Marcia Bennett,1,1,0
Actor,Terence Rosemore,1,1,0
Actor,Eser Yenenler,1,1,0
Actor,Mario Carotenuto,1,1,0
Actor,Juan Sorini,1,1,0
Actor,Brian d’Arcy James,1,1,0
Actor,Rob Ramsay,1,1,0
Actor,Christa Théret,1,1,0
Actor,Simon Burke,1,0,1
Actor,Paul Blott,1,1,0
Actor,Rezeta Veliu,1,1,0
Actor,Very Tri Yulisman,1,1,0
Actor,Suangporn Jaturaphut,1,1,0
Actor,Ashley Spillers,1,1,0
Actor,Sung-min Kim,1,0,1
Actor,Wakana Yamazaki,1,0,1
Actor,Rafael Téllez,1,1,0
Actor,Colin Doyle,1,0,1
Actor,Dave Brown,1,1,0
Actor,Nora El Koussour,1,1,0
Actor,Josu Cubero,1,0,1
Actor,Ahlam Al-Gritly,1,1,0
Actor,Nimai Bali,1,1,0
Actor,Enid Graham,1,1,0
Actor,Arthur Brooks,1,1,0
Actor,Shivani Bhai,1,1,0
Actor,Joseph Simmons,1,0,1
Actor,Hal Williams,1,1,0
Actor,Sridhar Rangayan,1,1,0
Actor,Hamidreza Djavdan,1,1,0
Actor,Tim Thomerson,1,1,0
Actor,Mahaley Patel,1,1,0
Actor,Kenneth Moronta,1,1,0
Actor,Sothea Khoun,1,1,0
Actor,Pham Anh Khoa,1,1,0
Actor,Viju Khote,1,1,0
Actor,Frank Conniff,1,0,1
Actor,Jennifer Kydd,1,1,0
Actor,Jae-yun Jo,1,1,0
Actor,Jun-ho Jeong,1,1,0
Actor,Loreto Aravena,1,1,0
Actor,Richard Herd,1,1,0
Actor,Sarah Sumeray,1,0,1
Actor,Nicky Excitement,1,1,0
Actor,Darren Day,1,1,0
Actor,Karen Mok,1,1,0
Actor,Karena Ng,1,1,0
Actor,Tetsuya Bessho,1,1,0
Actor,Billy Fane,1,1,0
Actor,Ben Gleib,1,0,1
Actor,Lulu Antariksa,1,1,0
Actor,Ruth Natalie Fallon,1,1,0
Actor,DeVaughn Gow,1,1,0
Actor,Charles MacGechan,1,1,0
Actor,Russell Lawrence,1,0,1
Actor,Kim Min-jung,1,0,1
Actor,Sixtine Murat,1,1,0
Actor,Jennifer Winget,1,1,0
Actor,Gabrielle Miller,1,1,0
Actor,Michelle Lim Davidson,1,1,0
Actor,Jesse Steccato,1,1,0
Actor,Fockeline Ouwerkerk,1,1,0
Actor,Nina Lisandrello,1,0,1
Actor,Caroline Dhavernas,1,0,1
Actor,Maurice Everett,1,1,0
Actor,Conor MacNeill,1,1,0
Actor,Julie Kay Lumasag,1,1,0
Actor,Amelie Fonlupt,1,1,0
Actor,Liana Ramirez,1,1,0
Actor,Sarah Bishop,1,1,0
Actor,A.R. Rahman,1,1,0
Actor,Pierre Lebeau,1,1,0
Actor,Caner Alkaya,1,1,0
Actor,Tom Stoddart,1,1,0
Actor,Lance LeGault,1,1,0
Actor,Feridun Erol,1,1,0
Actor,Briana Shann,1,1,0
Actor,Jane Kaczmarek,1,1,0
Actor,Juan Pablo Olyslager,1,1,0
Actor,Teotola Maka,1,1,0
Actor,Sujiwo Tedjo,1,1,0
Actor,Rutina Wesley,1,1,0
Actor,Matt Malloy,1,1,0
Actor,Brittany Bristow,1,1,0
Actor,Alessandro Cimadamore,1,1,0
Actor,Ganthida Chaang,1,1,0
Actor,Jay Hayden,1,1,0
Actor,Natalie Brown,1,1,0
Actor,Illikkett Namboothiri,1,1,0
Actor,Paritosh Tripathi,1,0,1
Actor,Brandon Lee,1,1,0
Actor,Steven Dell,1,1,0
Actor,Yvette Yates,1,1,0
Actor,Amyza Aznan,1,0,1
Actor,Josh Reid,1,1,0
Actor,Malese Jow,1,0,1
Actor,Emun Elliott,1,1,0
Actor,Tadeusz Pluciński,1,1,0
Actor,Lauren Steyn,1,1,0
Actor,Gonzalo Villalobos,1,1,0
Actor,Sue Son,1,1,0
Actor,Jordan Mifsud,1,1,0
Actor,Lionel Stander,1,1,0
Actor,Peijia Huang,1,0,1
Actor,Gautmik,1,1,0
Actor,Veena Sundar,1,1,0
Actor,Matthew Bacik,1,0,1
Actor,Yvick Letexier,1,1,0
Actor,Aadya Bedi,1,1,0
Actor,Tim Steed,1,0,1
Actor,Nóra Rainer-Micsinyei,1,1,0
Actor,Omoye Uzamere,1,1,0
Actor,Sab Shimono,1,0,1
Actor,Edson Loyo,1,0,1
Actor,Şerif Sezer,1,1,0
Actor,Aman Attar,1,1,0
Actor,Kim Basinger,1,1,0
Actor,Amber Chia,1,0,1
Actor,Levon Sharafyan,1,1,0
Actor,Juliet Mills,1,1,0
Actor,Richard Romanus,1,1,0
Actor,Natalie Walsh,1,1,0
Actor,Ahmad Faloks,1,1,0
Actor,Aleksandar Jovanovic,1,1,0
Actor,Avery Arendes,1,1,0
Actor,Chris Brazier,1,0,1
Actor,Kiele Sanchez,1,1,0
Actor,Kanbolat Gorkem Arslan,1,0,1
Actor,Andrea Beltrão,1,1,0
Actor,Hina Khawaja Bayat,1,0,1
Actor,Nora-Jane Noone,1,0,1
Actor,Orna Banay,1,1,0
Actor,Jianqiang Hu,1,1,0
Actor,Sanin Milavic,1,1,0
Actor,Luciana Aymar,1,1,0
Actor,Elisabeth Lund,1,0,1
Actor,Alyona Chekhova,1,1,0
Actor,Ryosuke Yamada,1,1,0
Actor,Halldóra Geirharðsdóttir,1,0,1
Actor,Ramdas,1,1,0
Actor,Taksaorn Paksukcharern,1,1,0
Actor,Kirsty Strain,1,0,1
Actor,Jim Nicholson,1,1,0
Actor,Zoya Berber,1,0,1
Actor,Lewis Arquette,1,1,0
Actor,Julius Harris,1,1,0
Actor,Sasqia Dahuri,1,0,1
Actor,Matt Stern,1,1,0
Actor,Wesley Mann,1,1,0
Actor,Qayam Devji,1,1,0
Actor,Zhu Xuan,1,1,0
Actor,Chris Bourke,1,0,1
Actor,Siddharth Kher,1,1,0
Actor,Dev Kumar,1,1,0
Actor,Lonny Price,1,1,0
Actor,Kornpassorn Duaysianklao,1,0,1
Actor,Anna Levine,1,1,0
Actor,Moro Morooka,1,0,1
Actor,Jonathan Love,1,1,0
Actor,Martina Stoessel,1,1,0
Actor,Cynthia Martells,1,1,0
Actor,Martin Huba,1,1,0
Actor,Mark Quartley,1,0,1
Actor,Anthony Quintal,1,1,0
Actor,Jed Dy,1,1,0
Actor,Jarred Blancard,1,0,1
Actor,Manikandan R. Achari,1,1,0
Actor,William Ainscough,1,1,0
Actor,Ziesha Nancy,1,1,0
Actor,José María Torre,1,0,1
Actor,Aki Avni,1,0,1
Actor,Seema,1,1,0
Actor,Lalana Kongtoranin,1,0,1
Actor,Saadhika Randhawa,1,1,0
Actor,Suchitra Krishnamoorthi,1,1,0
Actor,Lucy Walters,1,1,0
Actor,Justin Quintal,1,1,0
Actor,Pepa López,1,0,1
Actor,Sandra Ma,1,1,0
Actor,Burçin Terzioğlu,1,0,1
Actor,Rocky Carroll,1,0,1
Actor,Baz Luhrmann,1,1,0
Actor,Stacey Sargeant,1,1,0
Actor,Tito Ortiz,1,1,0
Actor,Reem Al Baroudi,1,1,0
Actor,Diane Gaidry,1,1,0
Actor,Josh Yadon,1,1,0
Actor,Julian Arango,1,0,1
Actor,Sting,1,1,0
Actor,Dylan Schmid,1,1,0
Actor,Jae-yoon Lee,1,0,1
Actor,Immaduddin Shah,1,1,0
Actor,Logan Huffman,1,1,0
Actor,John Cameron,1,1,0
Actor,Matías Raygada,1,1,0
Actor,Omar Dorsey,1,1,0
Actor,Rico Torres,1,1,0
Actor,Hakim,1,1,0
Actor,Ken Kaito,1,0,1
Actor,Sol Moreno,1,1,0
Actor,Oil Thana Suttikamul,1,0,1
Actor,Raphael Sowole,1,1,0
Actor,Leo Maitimu,1,1,0
Actor,Joe Gnoffo,1,1,0
Actor,Jasper Newell,1,1,0
Actor,Priya Raina,1,0,1
Actor,Ji-yeon Park,1,0,1
Actor,Liz Hernandez,1,1,0
Actor,Eun-kyung Shim,1,1,0
Actor,Anthony Barille,1,1,0
Actor,Samantha Spiro,1,0,1
Actor,Lorànt Deutsch,1,1,0
Actor,Carlyn Burchell,1,1,0
Actor,Isis Valverde,1,1,0
Actor,Ola Ghanem,1,1,0
Actor,Roger Davies,1,1,0
Actor,Cooper Rowe,1,1,0
Actor,Iqbal Theba,1,1,0
Actor,Berta Khapava,1,1,0
Actor,Brynie Furstenberg,1,1,0
Actor,Maureen McGovern,1,1,0
Actor,Missi Hale,1,1,0
Actor,Antonia Ribero,1,1,0
Actor,Joaquín Cosio,1,1,0
Actor,Camilo Sáenz,1,0,1
Actor,Milan Kovacevic,1,1,0
Actor,Michal Vondel,1,1,0
Actor,Hedy Lamarr,1,1,0
Actor,Micah Sloat,1,1,0
Actor,Jamie Draven,1,1,0
Actor,Yeni Alvarez,1,1,0
Actor,Aaron Moorhead,1,1,0
Actor,Samar Gaber,1,1,0
Actor,Pongsak Pongsuwan,1,1,0
Actor,Dolly Minhas,1,1,0
Actor,Boots Anson-Roa,1,1,0
Actor,Nancy Cartwright,1,1,0
Actor,Jeryl Prescott,1,1,0
Actor,Jude Akuwudike,1,1,0
Actor,Rich Hall,1,1,0
Actor,Asuman Dabak,1,1,0
Actor,Robert Emms,1,1,0
Actor,Alan Palmer,1,0,1
Actor,Chelcie Ross,1,1,0
Actor,Walter Cornás,1,1,0
Actor,Gino Cafarelli,1,1,0
Actor,Rojda Demirer,1,0,1
Actor,Warot Pitakanonda,1,1,0
Actor,Keun-suk Jang,1,0,1
Actor,Brian Trueman,1,0,1
Actor,R.G. Armstrong,1,1,0
Actor,Leslie Caron,1,1,0
Actor,Dusan Vitanovic,1,1,0
Actor,Yomary Cruz,1,0,1
Actor,Ron Roccia,1,1,0
Actor,Bunny Wailer,1,1,0
Actor,Shanna Olson,1,1,0
Actor,Abel McSurely Bradshaw,1,1,0
Actor,Lisette St. Louis,1,0,1
Actor,Bergur Þór Ingólfsson,1,0,1
Actor,Annabelle Gurwitch,1,1,0
Actor,Kenna James,1,1,0
Actor,Celeste Thornton,1,1,0
Actor,Cynda Williams,1,1,0
Actor,Sahidur Rahaman,1,1,0
Actor,Richard Conte,1,1,0
Actor,Nicolas Wright,1,0,1
Actor,Aurélie Eliam,1,1,0
Actor,Brandon Sklenar,1,1,0
Actor,Dede Yusuf,1,1,0
Actor,Chasity Moore,1,1,0
Actor,Hyo-young Ryu,1,0,1
Actor,Colin Edwards,1,1,0
Actor,Karli Hall,1,1,0
Actor,Colin David Reese,1,1,0
Actor,Sofiko Chiaureli,1,1,0
Actor,Torsten Michaelis,1,1,0
Actor,Jason Cottle,1,1,0
Actor,Richard Brancatisano,1,0,1
Actor,Sugar Ray Leonard,1,1,0
Actor,Jeff Rawle,1,0,1
Actor,Hannah Daniel,1,0,1
Actor,Eun-woo Lee,1,1,0
Actor,Sergio Rubini,1,1,0
Actor,Jeffrey Rockland,1,1,0
Actor,Sam Favret,1,1,0
Actor,Flora Canto,1,1,0
Actor,Tod Fennell,1,1,0
Actor,Shriswara,1,1,0
Actor,Richard Kharpuri,1,1,0
Actor,Joshua Ang,1,0,1
Actor,James Freeman,1,1,0
Actor,Vincent Giovagnoli,1,1,0
Actor,Micheline Lanctôt,1,1,0
Actor,Michael Cerveris,1,1,0
Actor,Dudu Mkhize,1,0,1
Actor,Alexander Armstrong,1,0,1
Actor,JR Bourne,1,0,1
Actor,Francis Ng,1,1,0
Actor,Marla Adams,1,1,0
Actor,Mari Devon,1,1,0
Actor,Te-Lo Mai,1,1,0
Actor,Yusuke Fukuchi,1,0,1
Actor,Derrick O'Connor,1,1,0
Actor,Sergei Polunin,1,1,0
Actor,Kiran Karmarkar,1,0,1
Actor,William DeMeo,1,1,0
Actor,Queen Wei,1,0,1
Actor,Isabelle Candelier,1,1,0
Actor,Tori Spelling,1,1,0
Actor,Amala,1,1,0
Actor,Richard Linklater,1,1,0
Actor,Aljin Abella,1,0,1
Actor,Chutirada Junthit,1,1,0
Actor,Martin Dingle-Wall,1,1,0
Actor,Jiang Yiyan,1,1,0
Actor,Jerry Orbach,1,1,0
Actor,Joey Bishop,1,1,0
Actor,Serenity Reign Brown,1,1,0
Actor,Trinidad González,1,0,1
Actor,Jack Carson,1,1,0
Actor,Jose Coronado,1,1,0
Actor,Michael Nardelli,1,1,0
Actor,Tommy Kijas,1,1,0
Actor,Yang Ik-june,1,0,1
Actor,Clara Alonso,1,1,0
Actor,In-jun Gwak,1,0,1
Actor,Charles Forbes,1,1,0
Actor,Julian Combs,1,0,1
Actor,Carlos Díaz,1,0,1
Actor,Sebastián Aguirre,1,1,0
Actor,Hélène Fillières,1,1,0
Actor,Christy Summerhays,1,1,0
Actor,Ollie Christie,1,1,0
Actor,Rüzgar Aksoy,1,0,1
Actor,Gary Anthony Sturgis,1,1,0
Actor,Nell Ng,1,0,1
Actor,Tom Dyckhoff,1,0,1
Actor,Eric Anderson,1,0,1
Actor,Andrea Kwan,1,0,1
Actor,Usain Bolt,1,1,0
Actor,Kelly Noonan,1,1,0
Actor,Maher Khammash,1,1,0
Actor,Kwang-hyun Park,1,0,1
Actor,Tremaine Brown,1,0,1
Actor,Andrew Neethling,1,1,0
Actor,Jay Duffy,1,1,0
Actor,Trevor Jackson,1,1,0
Actor,Josh McDonald,1,1,0
Actor,Lorenzo Curcio,1,1,0
Actor,"Emmanuel ""King Kong"" Nii Adom Quaye",1,1,0
Actor,Joan Borysenko,1,1,0
Actor,Monica Khanna,1,0,1
Actor,Frances Duca,1,1,0
Actor,Evan Rosado,1,1,0
Actor,Evan Helmuth,1,1,0
Actor,Carolina Castro,1,1,0
Actor,Allen Dizon,1,0,1
Actor,Sabrina Greve,1,0,1
Actor,Robert Hall,1,0,1
Actor,Patricia De Leon,1,1,0
Actor,Seda Tosun,1,0,1
Actor,Sterling Magee,1,1,0
Actor,Yassine Fadel,1,1,0
Actor,Cyril Chauquet,1,0,1
Actor,Toyosi Benjamin,1,1,0
Actor,Alissa Latow,1,1,0
Actor,Kevin Remington,1,1,0
Actor,Alastair Forbes,1,1,0
Actor,Mia Cottet,1,1,0
Actor,Butsarin Yokpraipan,1,1,0
Actor,Sijoy Varghese,1,1,0
Actor,Brian Wiles,1,1,0
Actor,Earthquake,1,1,0
Actor,Natassia Malthe,1,1,0
Actor,Anthony A. Flamminio,1,1,0
Actor,Gord Sinclair,1,1,0
Actor,Warren Oates,1,1,0
Actor,Dominic Rains,1,1,0
Actor,Arap Bethke,1,0,1
Actor,X Ambassadors,1,0,1
Actor,Derek Hough,1,0,1
Actor,Sylvester McCoy,1,1,0
Actor,Ayo Adesanya,1,1,0
Actor,Lois Maxwell,1,1,0
Actor,Kyle Allen,1,1,0
Actor,Harmony Korine,1,1,0
Actor,Omono Okojie,1,1,0
Actor,Teresa Yenque,1,1,0
Actor,Sumi Shimamoto,1,1,0
Actor,Luke Pierucci,1,1,0
Actor,Gia Re,1,1,0
Actor,Patricio Castillo,1,1,0
Actor,Meena Nahta,1,1,0
Actor,Tim Burns,1,1,0
Actor,Matt Shively,1,1,0
Actor,Frank Rossi,1,1,0
Actor,Christopher Stapleton,1,1,0
Actor,Melanie Leishman,1,1,0
Actor,Jesse Garcia,1,0,1
Actor,Lily Travers,1,1,0
Actor,Gwyneth Powell,1,0,1
Actor,Tamsin Egerton,1,1,0
Actor,Ryan Boudreau,1,1,0
Actor,Rita Rani Kaul,1,1,0
Actor,Tiwari,1,1,0
Actor,Cameron Mathison,1,1,0
Actor,Willie Nelson,1,1,0
Actor,Suhel Seth,1,1,0
Actor,Tom Brooke,1,1,0
Actor,Boy Olmi,1,1,0
Actor,Hareesh Perumanna,1,1,0
Actor,AFRA,1,0,1
Actor,Art Vasil,1,1,0
Actor,Grace Antony,1,1,0
Actor,George Harrison Xanthis,1,0,1
Actor,Osman Khalid Butt,1,1,0
Actor,Mason McCulley,1,1,0
Actor,Jason Faunt,1,0,1
Actor,Zeeshan Ali,1,1,0
Actor,Chris Yong,1,1,0
Actor,Matthew Rutherford,1,1,0
Actor,Sandro Calderón,1,1,0
Actor,Yasuhi Nakamura,1,0,1
Actor,Linda Hamilton,1,1,0
Actor,Jim McLarty,1,0,1
Actor,Katrina Browne,1,0,1
Actor,Ronnie Quizon,1,1,0
Actor,Arash Mokhtar,1,1,0
Actor,Sprague Grayden,1,0,1
Actor,Mai Charoenpura,1,1,0
Actor,Tiffany Hsu,1,0,1
Actor,Maria Yohannan,1,1,0
Actor,Remon Lim,1,0,1
Actor,Shannon Chandler,1,0,1
Actor,William Abadie,1,1,0
Actor,Mark Rendall,1,1,0
Actor,Aaron Wolff,1,1,0
Actor,Umut Tanyolu,1,0,1
Actor,Brandon Miller,1,1,0
Actor,Johnny M. Wu,1,1,0
Actor,Michael Pennington,1,1,0
Actor,Beena Kak,1,1,0
Actor,Tanny Tien Ni,1,1,0
Actor,James Carpinello,1,1,0
Actor,Philipp Laude,1,1,0
Actor,Su-Yun Ko,1,0,1
Actor,Kang Enhe,1,0,1
Actor,Matt Anipen,1,0,1
Actor,Qiu Yongli,1,0,1
Actor,Lauren Ambrose,1,1,0
Actor,Sang-Myeon Park,1,0,1
Actor,Suzanne Krull,1,1,0
Actor,Pratik Dixit,1,0,1
Actor,Lotje Sodderland,1,1,0
Actor,Adam Powell,1,1,0
Actor,Karan Vinayak,1,1,0
Actor,Jamie Luk,1,1,0
Actor,Karim Benzema,1,1,0
Actor,Isabella Costa,1,1,0
Actor,Charley Boorman,1,0,1
Actor,Michel Duchaussoy,1,1,0
Actor,Rebecca Spence,1,1,0
Actor,Brendan Donaldson,1,1,0
Actor,Pierre Benezit,1,1,0
Actor,Moe Oshikiri,1,0,1
Actor,Glenn McMillan,1,0,1
Actor,Dylan McKiernan,1,1,0
Actor,Regina Torné,1,1,0
Actor,Frankie Chi-Hung Ng,1,1,0
Actor,Minami Tsuda,1,0,1
Actor,Jonathan Adams,1,0,1
Actor,Anahí,1,0,1
Actor,Kwok-Kwan Chan,1,0,1
Actor,Joe Absolom,1,1,0
Actor,Almila Bagriacik,1,0,1
Actor,William Mark McCullough,1,1,0
Actor,Bill Allen,1,1,0
Actor,Simon Ward,1,0,1
Actor,Marlene Marquez,1,1,0
Actor,Robert Adamson,1,1,0
Actor,Majed Abdulazim,1,1,0
Actor,Rico Rodriguez,1,1,0
Actor,Chenda Run,1,1,0
Actor,Ciara Janson,1,1,0
Actor,Bijukuttan,1,1,0
Actor,Wendel Clark,1,1,0
Actor,Dora Kaskanis,1,1,0
Actor,Anita Shabdish,1,1,0
Actor,Dean Tardioli,1,1,0
Actor,Gérard Surugue,1,0,1
Actor,Chia Tang,1,1,0
Actor,April Scott,1,1,0
Actor,Shuya Chang,1,1,0
Actor,Seul-ong Im,1,1,0
Actor,Ahmed Rizk,1,1,0
Actor,Nathan West,1,1,0
Actor,Tolga Pancaroğlu,1,0,1
Actor,Ted Williams,1,1,0
Actor,Thom Rivera,1,1,0
Actor,Sue Johnston,1,0,1
Actor,Ron Smoorenburg,1,1,0
Actor,Dinesh Thakur,1,1,0
Actor,Alejandra García,1,0,1
Actor,Susan Boyd,1,1,0
Actor,Miroslava Morales,1,0,1
Actor,Ellie Reed,1,0,1
Actor,Urmila Mahanta,1,1,0
Actor,Hussan Saad,1,1,0
Actor,Ho-Jeong Yoo,1,0,1
Actor,Mohamed Farouk,1,1,0
Actor,Keith Faulkner,1,0,1
Actor,Jyoti Malshe,1,1,0
Actor,Brian Shaw,1,1,0
Actor,Han Chengyu,1,0,1
Actor,John Billingsley,1,0,1
Actor,Nigel O'Neill,1,1,0
Actor,Erwin Steinhauer,1,1,0
Actor,Simon Reynolds,1,1,0
Actor,Sunder,1,1,0
Actor,Alberto Mateo,1,0,1
Actor,Eiko Masuyama,1,1,0
Actor,Lia Boysen,1,0,1
Actor,Janice Kawaye,1,0,1
Actor,Beatrice Chien,1,1,0
Actor,Udom Taephanit,1,0,1
Actor,Mike Hanford,1,1,0
Actor,Susan Ruttan,1,1,0
Actor,Selda Özer,1,0,1
Actor,Jacob Buster,1,1,0
Actor,Mather Zickel,1,1,0
Actor,Cynthia Kirchner,1,1,0
Actor,Saleha Aref,1,1,0
Actor,Flavio Parenti,1,0,1
Actor,Sam Carter,1,1,0
Actor,Reiner Schöne,1,1,0
Actor,Hannah Dunne,1,1,0
Actor,Sami Nasser,1,1,0
Actor,Biswanath Basu,1,1,0
Actor,Marcelo Alonso,1,1,0
Actor,Tom Hulce,1,1,0
Actor,Annie Q.,1,1,0
Actor,Pascal Elso,1,0,1
Actor,O'Shea Jackson Jr.,1,1,0
Actor,Cavin Soh,1,0,1
Actor,Þröstur Leó Gunnarsson,1,1,0
Actor,Shannon Cochran,1,1,0
Actor,Robert Gustafsson,1,1,0
Actor,Maanvi Gagroo,1,1,0
Actor,James McDaniel,1,1,0
Actor,Julian Feder,1,1,0
Actor,Kelvin Leong,1,0,1
Actor,Ron Turner,1,1,0
Actor,Michael Smith,1,1,0
Actor,Michael Chandler,1,1,0
Actor,Shubhankar Atre,1,1,0
Actor,Roy Dirnbeck,1,0,1
Actor,Shaun Williamson,1,0,1
Actor,Colin Garlick,1,1,0
Actor,Danny Mann,1,1,0
Actor,Dwight Howard,1,1,0
Actor,Sarah Constible,1,1,0
Actor,William Liao,1,0,1
Actor,Gene Bervoets,1,0,1
Actor,Craig Tracy,1,0,1
Actor,Kimberly-Rose Wolter,1,1,0
Actor,Patrick O'Brien Demsey,1,1,0
Actor,Jens Hultén,1,1,0
Actor,Dilshad Vadsaria,1,1,0
Actor,Woo-hee Chun,1,0,1
Actor,Eduardo Verástegui,1,1,0
Actor,Jon Prescott,1,1,0
Actor,Choi Guy-hwa,1,0,1
Actor,Kari Byron,1,0,1
Actor,Tammy Townsend,1,1,0
Actor,Dave Ferguson,1,1,0
Actor,Vienna Hehir,1,1,0
Actor,Remy Munasifi,1,0,1
Actor,Ana Cecília Costa,1,1,0
Actor,Kan-hie Lee,1,0,1
Actor,Vijay Pande,1,1,0
Actor,Justine Simmons,1,0,1
Actor,Kwak Min-ho,1,1,0
Actor,Veronika Bozeman,1,1,0
Actor,Rachel Boston,1,1,0
Actor,Necati Bilgiç,1,1,0
Actor,Sukhbir Kaur Lamba,1,1,0
Actor,Tamara Mello,1,1,0
Actor,Liam Payne,1,1,0
Actor,Brian Epstein,1,1,0
Actor,Tino Martinez,1,1,0
Actor,Jessica Tovey,1,1,0
Actor,Joshua Close,1,1,0
Actor,Carson Meyer,1,1,0
Actor,Maryann Plunkett,1,1,0
Actor,Roscoe Lee Browne,1,1,0
Actor,Mélusine Mayance,1,1,0
Actor,Michael Hyatt,1,1,0
Actor,Fifi Abdo,1,1,0
Actor,Shantol Jackson,1,1,0
Actor,R.L. Stine,1,0,1
Actor,Albrecht Weimer,1,1,0
Actor,Goapele,1,1,0
Actor,Victor Bonilla,1,1,0
Actor,Maria Laura Nogueira,1,1,0
Actor,Natalie Becker,1,1,0
Actor,Candela Antón,1,0,1
Actor,Kent S. Leung,1,1,0
Actor,John Stephenson,1,1,0
Actor,Sydney Lucas,1,1,0
Actor,Kai Scarlett Williams,1,1,0
Actor,Shriram Ranade,1,1,0
Actor,Jochum ten Haaf,1,1,0
Actor,Eva Day,1,1,0
Actor,Lukas Hassel,1,1,0
Actor,Miki Fujitani,1,0,1
Actor,Jonas Leonhardi,1,0,1
Actor,Hui Siu-Hung,1,1,0
Actor,Lego Li,1,0,1
Actor,Hye-yoon Kim,1,1,0
Actor,Jamie Lissow,1,0,1
Actor,Tim Griffin,1,1,0
Actor,Jack Dylan Grazer,1,1,0
Actor,Luis Jaspe,1,1,0
Actor,Peter Weller,1,1,0
Actor,Aleksander Bardini,1,1,0
Actor,Joshua Flores-Q,1,1,0
Actor,Frédérique Bel,1,0,1
Actor,Will Rothhaar,1,1,0
Actor,Goro Naya,1,1,0
Actor,Curt Hansen,1,1,0
Actor,Gayatri Joshi,1,1,0
Actor,James Karen,1,1,0
Actor,Archan Trivedi,1,1,0
Actor,Tony Sampson,1,0,1
Actor,Andrea Londo,1,0,1
Actor,Enid-Raye Adams,1,1,0
Actor,Bruce Smith,1,1,0
Actor,Luke Edwards,1,1,0
Actor,Conrad Magwaza,1,0,1
Actor,Eileen Li,1,0,1
Actor,Kevin McCorkle,1,1,0
Actor,Achala Sachdev,1,1,0
Actor,Louis Hunter,1,0,1
Actor,Amir Bashir,1,1,0
Actor,Urwa Hocane,1,1,0
Actor,Alison Retzloff,1,0,1
Actor,Arshad Mahmud,1,1,0
Actor,Julia Carnero,1,0,1
Actor,Tata Vega,1,1,0
Actor,Phoenix,1,1,0
Actor,Alyssa Baker,1,0,1
Actor,Abdur Rehman,1,1,0
Actor,Thobani Mseleni,1,1,0
Actor,Madhavi Juvekar,1,1,0
Actor,Aswathy Lal,1,1,0
Actor,Barbara Troy,1,1,0
Actor,Firrina Sinatrya,1,1,0
Actor,Kenneth Griffith,1,0,1
Actor,Sun-kyung Kim,1,0,1
Actor,Lane Bradbury,1,1,0
Actor,Josiah Gabriel,1,1,0
Actor,Rubén González Garza,1,1,0
Actor,Yiğit Özşener,1,0,1
Actor,Suzanne Ford,1,1,0
Actor,Tiny Bertels,1,0,1
Actor,Regine Nehy,1,1,0
Actor,Sylvie de Neef,1,1,0
Actor,Caro Angus,1,1,0
Actor,Peter Ferriero,1,1,0
Actor,Peto Menahem,1,1,0
Actor,Nicholas Murchie,1,0,1
Actor,Taylor James,1,1,0
Actor,Austin Fryberger,1,1,0
Actor,Nakhane Touré,1,1,0
Actor,Mariko Hayashi,1,0,1
Actor,Gaurav Sharma,1,1,0
Actor,Dizzy Gillespie,1,1,0
Actor,Shavendra Mahal,1,1,0
Actor,David Kinch,1,0,1
Actor,Indu Mohan Das,1,1,0
Actor,Aaron Merke,1,1,0
Actor,Greg Wasylyszn,1,1,0
Actor,Jayson Blair,1,1,0
Actor,Sissy Priscillia,1,1,0
Actor,Juana Collignon,1,1,0
Actor,Anna Hutchison,1,0,1
Actor,Inga Qwede,1,1,0
Actor,Aksel Ustun,1,0,1
Actor,Amy Robinson,1,1,0
Actor,Patricia Bethune,1,1,0
Actor,Rajat Ganguly,1,1,0
Actor,Jon Huber,1,1,0
Actor,William McInnes,1,0,1
Actor,Kyung-pyo Go,1,0,1
Actor,Berna Koraltürk,1,0,1
Actor,Jennifer Esposito,1,1,0
Actor,Sasha Roiz,1,1,0
Actor,Natthaweeranuch Thongmee,1,1,0
Actor,Jake Lippmann,1,1,0
Actor,Ridho Hafiedz,1,1,0
Actor,Jared Boghosian,1,1,0
Actor,Anthony Brophy,1,0,1
Actor,Chelle Ramos,1,1,0
Actor,Kim Darby,1,1,0
Actor,Ji-won Uhm,1,1,0
Actor,Tom Virtue,1,1,0
Actor,Skylan Brooks,1,0,1
Actor,Ren Osugi,1,0,1
Actor,Jin Won,1,0,1
Actor,John Brumpton,1,0,1
Actor,Serena Gordon,1,1,0
Actor,KARA,1,1,0
Actor,Burcu Altın,1,0,1
Actor,Johnny Massaro,1,1,0
Actor,John Amos,1,1,0
Actor,Samson Coulter,1,1,0
Actor,Tara Leigh,1,1,0
Actor,Dean Collins,1,1,0
Actor,Katarina Čas,1,1,0
Actor,Ana Serradilla,1,0,1
Actor,Sevak Hakoyan,1,1,0
Actor,Udaya Soundari,1,1,0
Actor,Leone Frisa,1,1,0
Actor,Siddharth Jadhav,1,1,0
Actor,Ye-won Kim,1,0,1
Actor,Shara Lin,1,0,1
Actor,Louise Roe,1,0,1
Actor,Wayne Collins,1,1,0
Actor,Wang Zijian,1,1,0
Actor,Corey Allen,1,1,0
Actor,Johannes Lassen,1,1,0
Actor,Sean Maher,1,1,0
Actor,Shaun Fletcher,1,1,0
Actor,Raashul Tandon,1,1,0
Actor,Eduardo Ibarrola,1,1,0
Actor,Jasmeet Bhatia,1,0,1
Actor,Prince Daniel,1,1,0
Actor,Edgar Arreola,1,1,0
Actor,Raul Ribera,1,1,0
Actor,Connor Williams,1,1,0
Actor,VIXX,1,1,0
Actor,Laura Aikman,1,1,0
Actor,Peter Ketnath,1,1,0
Actor,Darin Hansen,1,0,1
Actor,Ayhan Kavas,1,0,1
Actor,Cody Walker,1,1,0
Actor,Chia Yung Liu,1,1,0
Actor,Orny Adams,1,1,0
Actor,Titus Kinimaka,1,1,0
Actor,Sam Jones III,1,1,0
Actor,Raj B. Shetty,1,1,0
Actor,Pali Sidhu,1,1,0
Actor,Wyatt Cenac,1,1,0
Actor,Rico Verhoeven,1,1,0
Actor,Sofia Coppola,1,1,0
Actor,Begüm Birgören,1,0,1
Actor,Rebecca Mader,1,1,0
Actor,Martina Hill,1,1,0
Actor,Tarun Mehta,1,0,1
Actor,Lun Hua,1,1,0
Actor,Valeria Alonso,1,1,0
Actor,Nico Siahaan,1,1,0
Actor,Temuera Morrison,1,1,0
Actor,Isaac Mizrahi,1,1,0
Actor,Stuart Pankin,1,1,0
Actor,Dorothy Malone,1,1,0
Actor,Houchu Ohtsuka,1,1,0
Actor,Mike McColl,1,1,0
Actor,Rudy Greatorex,1,0,1
Actor,Sam Chong,1,0,1
Actor,Max Cullen,1,1,0
Actor,Thammegowda S.,1,1,0
Actor,Nadim Mushahwar,1,1,0
Actor,Paul Doucette,1,1,0
Actor,Daniel Rochford,1,0,1
Actor,Isabelle Carré,1,1,0
Actor,Santiago Cabrera,1,1,0
Actor,Marie Matiko,1,1,0
Actor,Mary Sohn,1,1,0
Actor,Chris Carmack,1,1,0
Actor,Daniel Guillón,1,0,1
Actor,Enspirit,1,1,0
Actor,Christina Robinson,1,0,1
Actor,Aarjav Trivedi,1,1,0
Actor,Beppe Grillo,1,1,0
Actor,Kwang-soo Lee,1,0,1
Actor,George Harrison,1,1,0
Actor,Spencer Drever,1,1,0
Actor,Rob Edwards,1,1,0
Actor,Sabrina Jalees,1,0,1
Actor,Sarutoki Minagawa,1,0,1
Actor,Dhruva Padmakumar,1,1,0
Actor,Shruti Viswan,1,1,0
Actor,Kate Elliott,1,0,1
Actor,Ryan Dillon,1,0,1
Actor,Charles Cooper,1,1,0
Actor,Tarita,1,1,0
Actor,Rina Sato,1,0,1
Actor,Shih Chieh King,1,1,0
Actor,Jennifer Blanc,1,1,0
Actor,Mark Rhino Smith,1,1,0
Actor,Dipankar Dey,1,1,0
Actor,Vivian Lai,1,0,1
Actor,Daniel Feuerriegel,1,0,1
Actor,Cornel West,1,1,0
Actor,Zoltán Mucsi,1,1,0
Actor,Amarildo Kola,1,0,1
Actor,William Hopper,1,1,0
Actor,Michael Irby,1,0,1
Actor,Don James,1,1,0
Actor,So-hyun Kim,1,0,1
Actor,Scott Wilkinson,1,1,0
Actor,Do-hyeong Nam,1,0,1
Actor,George W. Bush,1,1,0
Actor,Bridget Regan,1,1,0
Actor,Barbora Mudrochova,1,1,0
Actor,Jim Gleason,1,1,0
Actor,Deep Sidhu,1,1,0
Actor,Todd Bishop Monrad Vistven,1,0,1
Actor,Yehoram Gaon,1,0,1
Actor,Paul Rust,1,1,0
Actor,Bogusz Bilewski,1,1,0
Actor,Shi An,1,0,1
Actor,Táta Vega,1,1,0
Actor,Augustine Frizzell,1,1,0
Actor,Prabhu Mundkur,1,1,0
Actor,Nelson Brodt,1,0,1
Actor,Ricky Schroder,1,1,0
Actor,Indra Leech,1,1,0
Actor,Raúl Fernández,1,1,0
Actor,Elisabeth Easther,1,0,1
Actor,Yong-gun Kim,1,0,1
Actor,Raouf Mustafa,1,1,0
Actor,Lauren Lipson,1,0,1
Actor,Orlando Seale,1,1,0
Actor,Gerry Bamman,1,1,0
Actor,Sophia Getz,1,1,0
Actor,Panisara Montharat,1,0,1
Actor,Tom Ward,1,0,1
Actor,Fan Chu-Mei,1,0,1
Actor,John Voldstad,1,1,0
Actor,Toby Nichols,1,1,0
Actor,James Duval,1,1,0
Actor,Si-eon Lee,1,0,1
Actor,Edwina Ritchard,1,1,0
Actor,John Salthouse,1,0,1
Actor,Trish Stratus,1,1,0
Actor,Travis Hammer,1,1,0
Actor,Jonathan Potts,1,0,1
Actor,Eric Stanton Betts,1,1,0
Actor,Jaroslaw Bielski,1,1,0
Actor,Natasha Dee Davis,1,1,0
Actor,Justin Hartley,1,1,0
Actor,Carey Westbrook,1,1,0
Actor,Norman Lear,1,1,0
Actor,Berglind Rós Sigurðardóttir,1,1,0
Actor,Malobika Banerjee,1,1,0
Actor,Sofia Black D'Elia,1,0,1
Actor,Amitosh Nagpal,1,1,0
Actor,Cesar Garcia,1,1,0
Actor,Shavidee Trotter,1,1,0
Actor,Walt Dohrn,1,1,0
Actor,Michael Lomenda,1,1,0
Actor,Young-ju Seo,1,1,0
Actor,Charlie Garber,1,0,1
Actor,Irene Santiago,1,0,1
Actor,Theresa Tilly,1,1,0
Actor,Alexandra Neil,1,1,0
Actor,Roland Vouilloz,1,0,1
Actor,In-guk Seo,1,0,1
Actor,Birand Tunca,1,0,1
Actor,Chad Thomas,1,1,0
Actor,Ari Boyland,1,0,1
Actor,Diego Eduardo Gomez,1,1,0
Actor,Cierra Ramirez,1,0,1
Actor,James Sikking,1,1,0
Actor,Maudy Ayunda,1,1,0
Actor,Kayvan Novak,1,1,0
Actor,Naomi Snieckus,1,1,0
Actor,Richard C. Sarafian,1,1,0
Actor,Imogen Tear,1,0,1
Actor,Wade Allain-Marcus,1,1,0
Actor,Gianluca Broccatelli,1,1,0
Actor,Gary Sturm,1,1,0
Actor,CCH Pounder,1,1,0
Actor,Duncan Lai,1,0,1
Actor,V.K. Sriraman,1,1,0
Actor,Ma Bai Quan,1,0,1
Actor,Garry Nation,1,1,0
Actor,Julián Arango,1,1,0
Actor,David Lovgren,1,1,0
Actor,Fabian Adeoye Lojede,1,1,0
Actor,Chang-wook Ji,1,1,0
Actor,Lilly Aspell,1,1,0
Actor,Adisa Anderson,1,1,0
Actor,Brandi Chastain,1,1,0
Actor,Nadia Fahmi,1,1,0
Actor,Blake Anderson,1,1,0
Actor,Kiyoyuki Yanada,1,0,1
Actor,Stephane Cornicard,1,1,0
Actor,Rosamund Marks,1,0,1
Actor,Kunal Sharma,1,1,0
Actor,Luke Kirby,1,0,1
Actor,Vincent Pastore,1,1,0
Actor,Jake Hoffman,1,1,0
Actor,Barry Levinson,1,1,0
Actor,Craig Fogel,1,1,0
Actor,Kemisara Paladesh,1,0,1
Actor,Vega Tamotia,1,1,0
Actor,Ashlyn Selich,1,0,1
Actor,Dominique Frot,1,1,0
Actor,Leisha Hailey,1,0,1
Actor,Mikel Iglesias,1,1,0
Actor,Eugenia Fragos,1,1,0
Actor,Linor Abargil,1,0,1
Actor,Ronald Lacey,1,1,0
Actor,Scottie Thompson,1,1,0
Actor,Wiley M. Pickett,1,1,0
Actor,Patrick Brantseg,1,0,1
Actor,Guo Jiahao,1,1,0
Actor,Hyung-jin Gong,1,0,1
Actor,Jack Wagner,1,0,1
Actor,Michael Massee,1,1,0
Actor,Joseph Julian Soria,1,1,0
Actor,Marc Jarousseau,1,1,0
Actor,Jon-Paul Bell,1,1,0
Actor,Khurram Patras,1,1,0
Actor,Leslie Zemeckis,1,1,0
Actor,Mickey Gooch Jr.,1,1,0
Actor,Trevor White,1,1,0
Actor,Jessica Carlson,1,1,0
Actor,Robert V. Barron,1,0,1
Actor,Gautam Kapoor,1,1,0
Actor,Billy Green Bush,1,1,0
Actor,Saurabh Pandey,1,0,1
Actor,Nadine Crocker,1,1,0
Actor,Tone-Loc,1,1,0
Actor,Naz Elmas,1,0,1
Actor,Diana Raval,1,1,0
Actor,Roberto Beck,1,1,0
Actor,Masao Yoshii,1,0,1
Actor,Sebastian Urzendowsky,1,0,1
Actor,Alexander Doré,1,1,0
Actor,Norio Wakamoto,1,0,1
Actor,Danna García,1,0,1
Actor,Trin Miller,1,1,0
Actor,Shinji Uchiyama,1,1,0
Actor,Sheranut Yusananda,1,0,1
Actor,Iris Hu,1,0,1
Actor,Aiden Lovekamp,1,1,0
Actor,Bharath Seeni,1,1,0
Actor,Fatima Al-Banawi,1,1,0
Actor,Lina Esco,1,0,1
Actor,Shubham Tukaram,1,1,0
Actor,Frank Williams,1,1,0
Actor,Pratap Phad,1,1,0
Actor,Carlos Nakasone,1,1,0
Actor,Namkoong Min,1,0,1
Actor,Jakub Gierszal,1,1,0
Actor,Pascal Scott,1,1,0
Actor,Hyun-min Yoon,1,0,1
Actor,Guy Carleton,1,0,1
Actor,Madhavi Singh,1,1,0
Actor,Emmeline Kellie,1,1,0
Actor,Eddie Jemison,1,1,0
Actor,William Vail,1,1,0
Actor,Roger Mosley,1,1,0
Actor,Matt Barr,1,0,1
Actor,Red Grant,1,1,0
Actor,Bess Meyer,1,1,0
Actor,Jorge Kent,1,0,1
Actor,Earnestine Phillips,1,1,0
Actor,Gustavo Salmerón,1,1,0
Actor,Dhansika,1,1,0
Actor,Eric Lutes,1,1,0
Actor,Grant Cramer,1,1,0
Actor,Margaret Clunie,1,0,1
Actor,Dorian Gregory,1,1,0
Actor,Cristina Michaus,1,0,1
Actor,Jack Kelly,1,1,0
Actor,Tim Pocock,1,0,1
Actor,Tony Cacciotti,1,1,0
Actor,Gabriel Braga Nunes,1,1,0
Actor,Isaac Leyva,1,1,0
Actor,Rachel Resheff,1,1,0
Actor,Anoushka,1,0,1
Actor,Kalani Queypo,1,1,0
Actor,Raven Goodwin,1,0,1
Actor,Molly Tarlov,1,1,0
Actor,Lukas Loughran,1,1,0
Actor,Jenna Upton,1,1,0
Actor,Welile Nzunza,1,1,0
Actor,Zhao Jian,1,1,0
Actor,Francesco Quinn,1,1,0
Actor,Stephen Moyer,1,1,0
Actor,Ercan Yazgan,1,1,0
Actor,Jason Macdonald,1,1,0
Actor,Meera Welankar,1,1,0
Actor,Michael Winsor,1,0,1
Actor,Narges Rashidi,1,1,0
Actor,Chelsea Edmundson,1,1,0
Actor,Saman Ansari,1,0,1
Actor,Andrew Creer,1,1,0
Actor,Esther Wu,1,0,1
Actor,Darryl Cox,1,1,0
Actor,In-ho Tae,1,0,1
Actor,Masashi Odate,1,1,0
Actor,Logan Shroyer,1,1,0
Actor,Fatym Layachi,1,1,0
Actor,Burak Çimen,1,1,0
Actor,Gates McFadden,1,0,1
Actor,Amara La Negra,1,1,0
Actor,Mohamed Barre,1,1,0
Actor,Nyungsang Bungo,1,1,0
Actor,Tommy James Murphy,1,1,0
Actor,Alice Cooper,1,1,0
Actor,Tracy Davis,1,1,0
Actor,Masam Holden,1,1,0
Actor,Antonio Sabato Jr.,1,0,1
Actor,Jefechander Suplino,1,1,0
Actor,Christoffer Nordenrot,1,0,1
Actor,Brigitte Nielsen,1,1,0
Actor,Tyler Hanson,1,1,0
Actor,Emilio Rivera,1,1,0
Actor,Amr Sakr,1,1,0
Actor,Shola Adewusi,1,0,1
Actor,Keo Woolford,1,1,0
Actor,Matt McAllister,1,1,0
Actor,Néstor Galván,1,0,1
Actor,Lisa Zweerman,1,1,0
Actor,Christian Giroso,1,0,1
Actor,Blake Gray,1,0,1
Actor,Nicola Lambo,1,1,0
Actor,Olga Segura,1,1,0
Actor,Tony Rohr,1,1,0
Actor,Ezequiel Campa,1,1,0
Actor,Peter Martins,1,1,0
Actor,Megan Gay,1,1,0
Actor,Marc Zinga,1,1,0
Actor,Dries Van Noten,1,1,0
Actor,Charlotte Alexandra,1,1,0
Actor,Randy Smith,1,1,0
Actor,Nana Palsikar,1,1,0
Actor,Deep Mandian,1,1,0
Actor,Nicola Blackwell,1,1,0
Actor,Tim Bagley,1,1,0
Actor,Ray Charles,1,1,0
Actor,Darshan Machamada,1,1,0
Actor,Bryan Shu-Hao Chang,1,0,1
Actor,Richard Farnsworth,1,1,0
Actor,Terry Scott,1,0,1
Actor,Christopher Goodman,1,1,0
Actor,Ron Halder,1,1,0
Actor,Pauline Lynch,1,1,0
Actor,Chatchai Plengpanich,1,1,0
Actor,Tanaaz Currim Irani,1,1,0
Actor,Arjun,1,1,0
Actor,Radek Lord,1,1,0
Actor,Sara Lloyd-Gregory,1,1,0
Actor,Claudia Lennear,1,1,0
Actor,Essie Davis,1,1,0
Actor,Molly Malcolm,1,0,1
Actor,Sirapop Daongern,1,1,0
Actor,Kristopher Lofton,1,1,0
Actor,Behroze Sabzwari,1,1,0
Actor,Lana Baric,1,1,0
Actor,Maria Menado,1,1,0
Actor,Moga Mogami,1,0,1
Actor,Yu-hwan Park,1,0,1
Actor,Steve Bastoni,1,1,0
Actor,Robert Drivas,1,1,0
Actor,Carlo Brandt,1,1,0
Actor,Scott Pryor,1,1,0
Actor,Matt Duffer,1,0,1
Actor,Ryszarda Hanin,1,1,0
Actor,Mia Stallard,1,1,0
Actor,Cynthia Koh,1,0,1
Actor,Phoomjai Tangsanga,1,1,0
Actor,Rishina Kandhari,1,1,0
Actor,Aarti Mann,1,1,0
Actor,Luis Fernando Peña,1,0,1
Actor,Mariusz Dmochowski,1,1,0
Actor,Salah Hanoun,1,1,0
Actor,Maria Klejdysz,1,1,0
Actor,Ashraf Abdel Baqi,1,1,0
Actor,Neva Small,1,1,0
Actor,Michael Crouch,1,0,1
Actor,Peter Lord,1,1,0
Actor,Anchasa Mongkhonsama,1,0,1
Actor,Del Synnott,1,0,1
Actor,Wahab Chaudhry,1,1,0
Actor,Lenny Jacobson,1,0,1
Actor,Toby Poser,1,1,0
Actor,Rickson Tevez,1,1,0
Actor,Nadhira Suryadi,1,1,0
Actor,William Sterchi,1,1,0
Actor,Jay Upadhyay,1,1,0
Actor,Silk Smitha,1,1,0
Actor,Marcos Caruso,1,1,0
Actor,Monique Chaumette,1,1,0
Actor,Lionel Abelanski,1,1,0
Actor,Aubrey Dollar,1,0,1
Actor,Jimmy Smallhorne,1,1,0
Actor,Brett Granstaff,1,1,0
Actor,Karrie Cox,1,1,0
Actor,Éva Bata,1,1,0
Actor,Alice Patten,1,1,0
Actor,Sirinya Tantipongwatana,1,0,1
Actor,Kimberly Woods,1,1,0
Actor,Cruz Kim,1,1,0
Actor,Ramsey Moore,1,1,0
Actor,Preeti Gupta,1,1,0
Actor,Jeff Jarrett,1,1,0
Actor,Toru Tezuka,1,0,1
Actor,Bobbi Jene Smith,1,1,0
Actor,Ajay Mishra,1,1,0
Actor,Melissa Price,1,1,0
Actor,Shayne Topp,1,1,0
Actor,Siphosethu Ngcetane,1,1,0
Actor,Na’Kom Chuanchuen,1,0,1
Actor,Tom Weston-Jones,1,0,1
Actor,Pasquale Misiano,1,1,0
Actor,Jean Simmons,1,1,0
Actor,Kenneth Miller,1,1,0
Actor,Kane Hodder,1,1,0
Actor,Mo Gallini,1,1,0
Actor,Joon-seok Song,1,0,1
Actor,Ronn Moss,1,1,0
Actor,Havana Guppy,1,1,0
Actor,Ning Jing,1,0,1
Actor,Pongkool Suebsung,1,1,0
Actor,Doc Brown,1,1,0
Actor,Eugenia Suárez,1,1,0
Actor,Uriah Shelton,1,1,0
Actor,Saïda Bekkouche,1,1,0
Actor,Olga Ivanova,1,1,0
Actor,Amal Unnithan,1,1,0
Actor,Wong You-nam,1,1,0
Actor,Esteban Ahn,1,1,0
Actor,James Wong,1,0,1
Actor,Jennifer Barnhart,1,0,1
Actor,Emmanuel Xuereb,1,1,0
Actor,Daniella Down,1,1,0
Actor,Claudia Canal,1,1,0
Actor,Josefin Asplund,1,0,1
Actor,Jacqueline Barba,1,1,0
Actor,Miyoko Aso,1,0,1
Actor,Apittha Khlaiudom,1,1,0
Actor,Axle McCoy,1,1,0
Actor,Juanma Cifuentes,1,1,0
Actor,Robin Dunne,1,1,0
Actor,Siobhan Williams,1,1,0
Actor,Royal Dano,1,1,0
Actor,Yuki Yoda,1,0,1
Actor,Adam Chernick,1,1,0
Actor,Roger Rees,1,1,0
Actor,Michael Boatman,1,1,0
Actor,Chicago,1,1,0
Actor,Peyton Clark,1,1,0
Actor,Tegan West,1,1,0
Actor,Sreyneang Oun,1,1,0
Actor,Roberto Berindelli,1,1,0
Actor,Seo-ra Kim,1,0,1
Actor,Jonathan Walker,1,1,0
Actor,Leyla Rangel,1,1,0
Actor,Thayer David,1,1,0
Actor,Satarupa Pyne,1,1,0
Actor,Usop Wilcha,1,1,0
Actor,Tanishaa Mukerji,1,0,1
Actor,Lautaro Delgado,1,1,0
Actor,Scali Delpeyrat,1,1,0
Actor,Michael Chaturantabut,1,0,1
Actor,Sanath Menon,1,1,0
Actor,Wiwat Kongrasri,1,1,0
Actor,Edwin Neal,1,1,0
Actor,Roger Mendoza,1,1,0
Actor,Jin-hyuk Choi,1,0,1
Actor,Tristán,1,0,1
Actor,Nidia Bermejo,1,1,0
Actor,Sheeba,1,1,0
Actor,Michael Beckwith,1,1,0
Actor,Barbara Tyson,1,1,0
Actor,Helene Joy,1,1,0
Actor,Yu Yi Jie,1,0,1
Actor,Tom Fairfoot,1,1,0
Actor,Armando Gutierrez,1,1,0
Actor,Hardy Krüger,1,1,0
Actor,Manatsanun Phanlerdwongsakul,1,0,1
Actor,Hyun-bin Kwon,1,0,1
Actor,Sherman Wong,1,1,0
Actor,Joshua Peace,1,1,0
Actor,Ingrid Cruz,1,1,0
Actor,Sean Patrick Thomas,1,1,0
Actor,Towanda Braxton,1,0,1
Actor,Peter Bartlett,1,1,0
Actor,Fiona Bruce,1,0,1
Actor,Trey Schafer,1,0,1
Actor,Matt Whelan,1,0,1
Actor,Aleksandr Dyachenko,1,1,0
Actor,Clara Wong,1,1,0
Actor,Larry B. Scott,1,1,0
Actor,Fekky,1,1,0
Actor,Nana Gbewonyo,1,1,0
Actor,Lucía Díez,1,0,1
Actor,Bhagath Baby Manuel,1,1,0
Actor,Lachy Hulme,1,0,1
Actor,Ole Christoffer Ertvaag,1,0,1
Actor,Jim Boeven,1,1,0
Actor,Mia Pistorius,1,1,0
Actor,Jaihind Kumar,1,1,0
Actor,Sarah Anne Williams,1,1,0
Actor,Courtney Eaton,1,1,0
Actor,Eduardo Mossri,1,1,0
Actor,Daisy McCrackin,1,1,0
Actor,Sam Easton,1,1,0
Actor,Michael Weatherly,1,0,1
Actor,Chittaranjan Tripathy,1,1,0
Actor,Maya Coline,1,1,0
Actor,Lény Sellam,1,1,0
Actor,Guy Martin,1,1,0
Actor,Bertrand Cadart,1,1,0
Actor,Cassius Willis,1,1,0
Actor,Erin Daniels,1,0,1
Actor,Ursula Reit,1,1,0
Actor,Lisa Norton,1,0,1
Actor,Ryan Hamilton,1,1,0
Actor,Jae Hee,1,0,1
Actor,Digvijay Rohidas,1,1,0
Actor,Gaetano Fernandez,1,1,0
Actor,David Seijo,1,0,1
Actor,Christine Lakin,1,1,0
Actor,Robin Thorsen,1,0,1
Actor,Madeleine Coghlan,1,1,0
Actor,Alan Tern,1,0,1
Actor,Alex Shaffer,1,1,0
Actor,James Doherty,1,1,0
Actor,Husam Chadat,1,1,0
Actor,Deepal Shaw,1,1,0
Actor,Laurie Dee,1,1,0
Actor,Dominic Allburn,1,1,0
Actor,Omar Ghazaoui,1,0,1
Actor,Bill Wise,1,1,0
Actor,Clara Read,1,1,0
Actor,Gilles Chabrier,1,0,1
Actor,Ellery Sprayberry,1,1,0
Actor,Caroline Bartleet,1,1,0
Actor,Saffron Henderson,1,0,1
Actor,Sheryl Crow,1,1,0
Actor,Sascha Radetsky,1,1,0
Actor,Frances Bavier,1,0,1
Actor,Denver Pyle,1,1,0
Actor,Evie Wray,1,1,0
Actor,Juditta Salem-Wolff,1,1,0
Actor,Stephanie Salas,1,0,1
Actor,Yu-seok Kim,1,0,1
Actor,Jolene Blalock,1,0,1
Actor,Camilla Belle,1,1,0
Actor,Carmelo Anthony,1,1,0
Actor,Ramona Kunze-Libnow,1,0,1
Actor,Azalia Ortiz,1,1,0
Actor,Roe Hartrampf,1,1,0
Actor,Moni Moshonov,1,1,0
Actor,Sumona Chakravarti,1,1,0
Actor,Fiona Dourif,1,1,0
Actor,Laurie Fortier,1,0,1
Actor,Jack Kehler,1,1,0
Actor,Mukesh Khanna,1,1,0
Actor,Brian Kurtis,1,1,0
Actor,Nada Mousa,1,0,1
Actor,Carl Safina,1,1,0
Actor,Brynna Drummond,1,1,0
Actor,Torrance Coombs,1,0,1
Actor,Fernanda Bullara,1,1,0
Actor,Jerry Lambert,1,1,0
Actor,Clare Grant,1,1,0
Actor,Sheryl Sheinafia,1,1,0
Actor,Lina Gennari,1,1,0
Actor,Emily Lim,1,0,1
Actor,Sarah Stern,1,1,0
Actor,Steven Cabral,1,1,0
Actor,Anahit Simonyan,1,1,0
Actor,Kay Lyon,1,0,1
Actor,Jin Hyuk,1,0,1
Actor,Tory Freeth,1,1,0
Actor,Marie Everett,1,1,0
Actor,Jason-Shane Scott,1,1,0
Actor,Ángela Lineros,1,0,1
Actor,Eli Fucile,1,1,0
Actor,Héctor Mendoza,1,1,0
Actor,Krishna Bhatt,1,0,1
Actor,Wandile Molebatsi,1,1,0
Actor,Dave West,1,0,1
Actor,Quera South,1,1,0
Actor,Aaron Pearl,1,1,0
Actor,Shari Sebbens,1,1,0
Actor,Suk-kyu Han,1,1,0
Actor,Bo-ra Nam,1,0,1
Actor,Lise Danvers,1,1,0
Actor,Yan Hai,1,1,0
Actor,Bill Kurtis,1,0,1
Actor,Goutam Ghose,1,1,0
Actor,Verónica Montes,1,0,1
Actor,Mau Nieto,1,1,0
Actor,Nadeem Jafri,1,1,0
Actor,Betty Field,1,1,0
Actor,Lovely Singh,1,1,0
Actor,Sidney Kean,1,0,1
Actor,Amma,1,1,0
Actor,Michael James Regan,1,1,0
Actor,Aamina Sheikh,1,1,0
Actor,Shin Yi,1,0,1
Actor,Justin Nesbitt,1,1,0
Actor,Zachary Spicer,1,1,0
Actor,Ric Reitz,1,1,0
Actor,Karthika Muraleedharan,1,1,0
Actor,Nagua Fouad,1,1,0
Actor,Meiyang Chang,1,0,1
Actor,Hye-jung Kang,1,1,0
Actor,Mathis Crusson,1,1,0
Actor,Bill Fagerbakke,1,1,0
Actor,Quang Su,1,1,0
Actor,Minerva Garcia,1,0,1
Actor,James Floyd,1,1,0
Actor,Nahyun,1,0,1
Actor,Karl Markovics,1,1,0
Actor,Manasa Radhakrishnan,1,1,0
Actor,Kamil Shaikh,1,1,0
Actor,Silvia Mariscal,1,0,1
Actor,Cynthia Sikes,1,1,0
Actor,Jamaar Simon,1,1,0
Actor,Sharada,1,1,0
Actor,Gard B. Eidsvold,1,1,0
Actor,James Wotherspoon,1,1,0
Actor,Dimas Harya,1,1,0
Actor,Paris Phillips,1,1,0
Actor,Rohit Purohit,1,0,1
Actor,Damien Chapelle,1,1,0
Actor,Momo Asakura,1,0,1
Actor,Myko Olivier,1,1,0
Actor,Dmitriy Nazarov,1,0,1
Actor,Fiona Hardingham,1,1,0
Actor,Sherif Salama,1,1,0
Actor,Leona Lishoy,1,1,0
Actor,Lee Weaver,1,1,0
Actor,Harry Peacock,1,0,1
Actor,Jordana Beatty,1,1,0
Actor,Manop Aswathep,1,1,0
Actor,Susanne Bartsch,1,1,0
Actor,Jennifer Irwin,1,1,0
Actor,Daniel Gimenez Cacho,1,1,0
Actor,James Benatti,1,1,0
Actor,Shreeram,1,1,0
Actor,Marie Kremer,1,1,0
Actor,Shemar Moore,1,0,1
Actor,Angel David,1,1,0
Actor,Pascal Sellem,1,1,0
Actor,Aradhana Srivastav,1,1,0
Actor,Luenell,1,1,0
Actor,Carrie Fisher,1,1,0
Actor,Kseniya Kutepova,1,0,1
Actor,John Waters,1,0,1
Actor,Yeung Tin-King,1,1,0
Actor,Calvin Ka-Sing Cheng,1,1,0
Actor,Adan Martín Rocha,1,1,0
Actor,Beth Kennedy,1,1,0
Actor,Folake Olowofoyeku,1,1,0
Actor,Christopher Matthew Cook,1,1,0
Actor,Peter Mayer,1,1,0
Actor,Mak Wilson,1,0,1
Actor,Nick Devlin,1,1,0
Actor,Nikita Sharma,1,0,1
Actor,Gillian Vigman,1,1,0
Actor,Tiosha Bojórquez,1,0,1
Actor,Jacqueline Mazarella,1,1,0
Actor,Brent Braunschweig,1,1,0
Actor,Nattalyee Randall,1,1,0
Actor,Owain Arthur,1,1,0
Actor,Nicholas Shaw,1,0,1
Actor,Kazu Patrick Tang,1,0,1
Actor,Zlatko Buric,1,1,0
Actor,Peter Turnbull,1,0,1
Actor,Terry Rogers,1,1,0
Actor,Eric DaRe,1,0,1
Actor,Claudine Sosa,1,1,0
Actor,Daiki Nakamura,1,0,1
Actor,Ruth Gordon,1,1,0
Actor,Fred Pomerleau,1,1,0
Actor,Suthpong Kanithanon,1,1,0
Actor,Betty Chung,1,1,0
Actor,Vincent Schiavelli,1,1,0
Actor,Frankie Muniz,1,1,0
Actor,Eve Torres,1,1,0
Actor,Eko Fresh,1,1,0
Actor,Andres Joseph,1,0,1
Actor,Ansiba,1,1,0
Actor,Henryk Machalica,1,1,0
Actor,Kingston Foster,1,1,0
Actor,Vincenzo Fabricino,1,0,1
Actor,Doug Barron,1,1,0
Actor,Vijay Kaushik,1,1,0
Actor,Bruno Bichir,1,0,1
Actor,Hans-Heinrich Hardt,1,1,0
Actor,Lucia Carolina Pecrul,1,1,0
Actor,Roy Kinnear,1,1,0
Actor,Sylvain Marcel,1,1,0
Actor,Isabella Amara,1,1,0
Actor,Ching-Ying Lam,1,1,0
Actor,Lolly Adefope,1,0,1
Actor,Priya Tendulkar,1,1,0
Actor,Sheldon A. Smith,1,1,0
Actor,Aniu,1,1,0
Actor,Jamila Adel Awad,1,1,0
Actor,Carys Doyle,1,1,0
Actor,Matt Corboy,1,1,0
Actor,Yolanda Ramos,1,0,1
Actor,Nia Jervier,1,1,0
Actor,Surleen Kaur,1,0,1
Actor,Bill Vincent,1,1,0
Actor,Konstantin Melikhov,1,0,1
Actor,Tom Budge,1,1,0
Actor,Frances Barber,1,1,0
Actor,Armeena Rana Khan,1,1,0
Actor,Paras Raj Gandhi,1,1,0
Actor,Kiran Vairale,1,1,0
Actor,Burak Deniz,1,0,1
Actor,Ashley Liao,1,1,0
Actor,Saskia Portway,1,0,1
Actor,Jacob Preston,1,0,1
Actor,Mark Schneider,1,1,0
Actor,Paul Lieberstein,1,0,1
Actor,María Mera,1,0,1
Actor,Susan Bain,1,0,1
Actor,Umesh Tamang,1,1,0
Actor,Anthony Higgins,1,1,0
Actor,Luciano Rossi,1,1,0
Actor,Si Chao,1,1,0
Actor,Sandesh Jadhav,1,1,0
Actor,Usher Barilka,1,1,0
Actor,Marci Miller,1,1,0
Actor,Saharsh Kumar Shukla,1,1,0
Actor,Chew Kin-Wah,1,1,0
Actor,Simona Stasová,1,1,0
Actor,Katie Leung,1,1,0
Actor,Anthony Sherwood,1,1,0
Actor,Edward Olson,1,1,0
Actor,Ruth Dudding,1,1,0
Actor,Marta Gastini,1,1,0
Actor,Gokul,1,1,0
Actor,Tammy Gillis,1,1,0
Actor,Philip Chan,1,0,1
Actor,Natasha Wightman,1,1,0
Actor,Paterson Joseph,1,1,0
Actor,Marta Marco,1,0,1
Actor,Oris Erhuero,1,1,0
Actor,James Groom,1,1,0
Actor,Anthony Ruivivar,1,0,1
Actor,Zoe Lister-Jones,1,1,0
Actor,Sandra Ellis Lafferty,1,1,0
Actor,Dorothy Lyman,1,1,0
Actor,Travis Van Winkle,1,1,0
Actor,Lam Thanh My,1,1,0
Actor,Robert Skjærstad,1,0,1
Actor,Stéphane Debac,1,1,0
Actor,Jeff Corwin,1,1,0
Actor,Matt Czuchry,1,0,1
Actor,Seann Gallagher,1,1,0
Actor,Tej Sapru,1,0,1
Actor,Zofia Cegiełkowa,1,1,0
Actor,Hong-Fa Kim,1,0,1
Actor,Agnes Kittelsen,1,1,0
Actor,Philip Kwok,1,1,0
Actor,Hal Smith,1,1,0
Actor,Charlie DePew,1,1,0
Actor,Jake Jacobson,1,1,0
Actor,Fu Dalong,1,0,1
Actor,Deborah Estelle Phillips,1,0,1
Actor,Raleigh Cain,1,1,0
Actor,Rapsody,1,0,1
Actor,Casting a light on the mistreatment of sea mammals,1,1,0
Actor,Camilla Ah Kin,1,1,0
Actor,Francis Duru,1,1,0
Actor,Seth MacFarlane,1,1,0
Actor,Tarun Ratnani,1,1,0
Actor,Zach Appelman,1,1,0
Actor,Yuzuru Fujimoto,1,0,1
Actor,Ethan Phillips,1,0,1
Actor,Judith Hoag,1,1,0
Actor,Melissa Leong,1,0,1
Actor,Katie Lowes,1,0,1
Actor,Sunanta Yoonniyom,1,1,0
Actor,Douglas Henshall,1,1,0
Actor,Fernando Alarcón,1,1,0
Actor,Sachin Mondkar,1,1,0
Actor,Jazmyn Richardson,1,1,0
Actor,Brent Anderson,1,0,1
Actor,Geoffrey Jones,1,1,0
Actor,Robert Ridgely,1,1,0
Actor,Teo Yoo,1,1,0
Actor,Rebecca Wisocky,1,1,0
Actor,Nathan Davis Jr.,1,1,0
Actor,Roy Armstrong,1,1,0
Actor,Frank Adonis,1,1,0
Actor,André Hennicke,1,0,1
Actor,Dilkhush,1,0,1
Actor,Reem Kherici,1,1,0
Actor,Xin Zhilei,1,1,0
Actor,Emiliano Becerríl,1,1,0
Actor,Chingo Bling,1,1,0
Actor,Clovis Fouin,1,1,0
Actor,Kishore Kumar,1,1,0
Actor,Bela Bose,1,1,0
Actor,Amna Ilyas,1,1,0
Actor,U-ie,1,0,1
Actor,Sean Marquette,1,1,0
Actor,Lisa Maxwell,1,1,0
Actor,Lv Xiao Yu,1,0,1
Actor,Daryl Gilley,1,1,0
Actor,Christopher Curry,1,1,0
Actor,Alejandro Urdapilleta,1,1,0
Actor,Eve Myles,1,0,1
Actor,Phoebe Robinson,1,1,0
Actor,Bruno Salomone,1,1,0
Actor,Chris Eigeman,1,1,0
Actor,Dilip Tahil,1,1,0
Actor,Adrienne Bailon,1,1,0
Actor,Johanna Braddy,1,0,1
Actor,Maz Jobrani,1,1,0
Actor,Jaden Piner,1,1,0
Actor,Alvaro Armand Ugon,1,1,0
Actor,Chunya Chao,1,0,1
Actor,Siddharth Randeria,1,1,0
Actor,Sagarika Ghatge,1,1,0
Actor,Shawn Roberts,1,1,0
Actor,Fabio Alberti,1,0,1
Actor,Kim Min-kyo,1,0,1
Actor,Richard DeManincor,1,1,0
Actor,Josephine Davison,1,0,1
Actor,Brian Kerwin,1,1,0
Actor,Doğukan Polat,1,1,0
Actor,Arnold Ridley,1,0,1
Actor,Singri Gowda,1,1,0
Actor,Charlie O'Connell,1,1,0
Actor,Craig Roberts,1,1,0
Actor,Stanley Sui-Fan Fung,1,1,0
Actor,Rhett Fisher,1,0,1
Actor,Patrick Hurd-Wood,1,1,0
Actor,Pierre Berriau,1,1,0
Actor,Patricia Schneider,1,0,1
Actor,Rushiraj Pawar,1,0,1
Actor,Timothy Davis-Reed,1,0,1
Actor,Charlie Luxton,1,1,0
Actor,Andi Matichak,1,1,0
Actor,Charles Fathy,1,1,0
Actor,Jerzy Radziwiłowicz,1,1,0
Actor,Marc Akerstream,1,1,0
Actor,Mehmet Çepiç,1,0,1
Actor,Dror Keren,1,1,0
Actor,Roxana Saucedo,1,0,1
Actor,William Russ,1,1,0
Actor,Yareli Arizmendi,1,1,0
Actor,Hélène Barbry,1,1,0
Actor,J-Boog,1,1,0
Actor,Sawyer Shipman,1,0,1
Actor,Isabella Acres,1,1,0
Actor,Delroy Brown,1,1,0
Actor,Dong-won Gang,1,1,0
Actor,Cayetana Guillén Cuervo,1,0,1
Actor,Dave schultz,1,1,0
Actor,Pau Poch,1,0,1
Actor,Aaron Pedersen,1,1,0
Actor,Reggie Rolle,1,0,1
Actor,Erin Way,1,1,0
Actor,Tess Fowler,1,1,0
Actor,Fabio Restrepo,1,0,1
Actor,Tava Smiley,1,1,0
Actor,Benito Martinez,1,0,1
Actor,Mari Nelson,1,1,0
Actor,Richard Kahan,1,0,1
Actor,Joseph Bennett,1,1,0
Actor,Jalal Masarwa,1,1,0
Actor,Aurelie Claudel,1,1,0
Actor,Ajiona Alexus,1,1,0
Actor,Adam Wilson,1,0,1
Actor,Son Songpaisarn,1,0,1
Actor,Akio Suyama,1,0,1
Actor,Alicia Sandoval,1,1,0
Actor,Gwang Jang,1,1,0
Actor,Jonathan Sagall,1,1,0
Actor,Sam Bell,1,1,0
Actor,Richard Simpson,1,0,1
Actor,Shoko Nakajima,1,0,1
Actor,Sullivan Loyez,1,1,0
Actor,Joey D'Auria,1,1,0
Actor,O. T. Fagbenle,1,1,0
Actor,Ratchawin Wongviriya,1,0,1
Actor,Joivan Wade,1,1,0
Actor,Ian Colletti,1,1,0
Actor,Siribanchawan Jidapa,1,0,1
Actor,Albert Baró,1,0,1
Actor,Peter Boal,1,1,0
Actor,Alona Tal,1,1,0
Actor,Fan Qianhui,1,1,0
Actor,Ji-a Park,1,1,0
Actor,Scott Langley,1,0,1
Actor,Hakan Boyav,1,0,1
Actor,Dan Hong,1,0,1
Actor,Walter Díaz,1,1,0
Actor,Dharampal,1,1,0
Actor,Joo-young Kim,1,0,1
Actor,Anton Peeples,1,1,0
Actor,Sun-gyu Jin,1,1,0
Actor,Dimi Cindyastira,1,1,0
Actor,Bob Isaacs,1,1,0
Actor,Jessy Bulbo,1,1,0
Actor,Deepak Chopra,1,1,0
Actor,Zalfa Zin,1,0,1
Actor,Yoshimi Tachi,1,1,0
Actor,Andoni Agirregomezkorta,1,1,0
Actor,Bob Weir,1,1,0
Actor,Lauren Miller,1,1,0
Actor,Deng Yu-kai,1,0,1
Actor,Ruth Bickelhaupt,1,1,0
Actor,Amit Pachori,1,0,1
Actor,Natasha Mashkevich,1,1,0
Actor,Anubrata Basu,1,1,0
Actor,Frode Winther,1,0,1
Actor,Michael Tipps,1,1,0
Actor,Nirupa Roy,1,1,0
Actor,Lydia Du Veaux,1,1,0
Actor,Aradhana,1,1,0
Actor,Pramod Shetty,1,1,0
Actor,Cristobal Tapia Montt,1,1,0
Actor,Gugu Nxumalo,1,0,1
Actor,Vicki Pepperdine,1,0,1
Actor,Nastashia Fuller,1,1,0
Actor,Samiksha Bhatnagar,1,1,0
Actor,Sean Suozzi,1,1,0
Actor,Harry Hamlin,1,1,0
Actor,Roger L. Jackson,1,1,0
Actor,Brian McKnight,1,1,0
Actor,Amy Sanders,1,1,0
Actor,Derek Muller,1,0,1
Actor,Latham Gaines,1,0,1
Actor,Soranut Yupanun,1,1,0
Actor,Anna Prochniak,1,1,0
Actor,Laila Ali,1,1,0
Actor,Chloe Bayliss,1,1,0
Actor,Sean McCann,1,1,0
Actor,Ravidev Singh,1,1,0
Actor,Howard Hesseman,1,1,0
Actor,Devi Couzigou,1,1,0
Actor,Justin Deeley,1,1,0
Actor,Tadeusz Schmidt,1,1,0
Actor,Violetta Schurawlow,1,1,0
Actor,Bridger Palmer,1,1,0
Actor,Paul Brannigan,1,1,0
Actor,Kanako Mitsuhashi,1,0,1
Actor,Carla Juri,1,1,0
Actor,Vidyut Jamwal,1,1,0
Actor,Traci Braxton,1,0,1
Actor,Yi Long,1,1,0
Actor,Anjali Abrol,1,1,0
Actor,Jacob Pitts,1,1,0
Actor,Pablo Cerda,1,1,0
Actor,J.J. Hawkins,1,1,0
Actor,Paula Taylor,1,0,1
Actor,Peter Gilroy,1,1,0
Actor,Ryan Duncan,1,1,0
Actor,Hunter Peterson,1,1,0
Actor,Erick Chavarria,1,0,1
Actor,Jacob Artist,1,1,0
Actor,Alberto López,1,1,0
Actor,Aymee Garcia,1,0,1
Actor,Jerry G. Angelo,1,1,0
Actor,Jemmy Chen,1,1,0
Actor,Jack Elam,1,1,0
Actor,Jacqueline Youn,1,0,1
Actor,Belinda Lee,1,0,1
Actor,Lynda Baron,1,1,0
Actor,Kelly Pendygraft,1,1,0
Actor,Michael Dale,1,1,0
Actor,Richa Chadha,1,1,0
Actor,Husni Sheta,1,1,0
Actor,Aiden Moodie,1,1,0
Actor,Michał Pawlicki,1,1,0
Actor,Neha Mahajan,1,1,0
Actor,Daman Singh,1,1,0
Actor,Sarah Thompson,1,1,0
Actor,Ed Gaughan,1,0,1
Actor,Charles Terrier,1,1,0
Actor,Sato Kondo,1,0,1
Actor,Oliver Pupart,1,0,1
Actor,Monia Chokri,1,1,0
Actor,David Naughton,1,1,0
Actor,Geoff Hughes,1,0,1
Actor,Betty Buckley,1,1,0
Actor,María Fernanda Yépez,1,0,1
Actor,Danny Bonaduce,1,1,0
Actor,Ahmad Thaher,1,1,0
Actor,Medha Manjrekar,1,1,0
Actor,Ikumi Hasegawa,1,1,0
Actor,John Cenatiempo,1,1,0
Actor,Alex Goode,1,1,0
Actor,Kathy Murphy,1,1,0
Actor,Sydney Rae White,1,1,0
Actor,Vincent Martinez,1,1,0
Actor,Cesare Danova,1,1,0
Actor,Wanda Seux,1,1,0
Actor,Milia Nader,1,0,1
Actor,Rasaq Olayiwola,1,1,0
Actor,Christina Kirk,1,1,0
Actor,Yoshito Yasuhara,1,0,1
Actor,Honami Suzuki,1,0,1
Actor,Blake Foster,1,0,1
Actor,Deuntem Salitul,1,1,0
Actor,Brent Werzner,1,1,0
Actor,Vanessa Haywood,1,1,0
Actor,Kate Rutter,1,1,0
Actor,Deven Bhojani,1,0,1
Actor,Luciano Acuna Jr.,1,1,0
Actor,Rolf Lassgård,1,1,0
Actor,Keith Carlos,1,1,0
Actor,Ditte Hansen,1,1,0
Actor,Dermot Magennis,1,1,0
Actor,Surveen Chawla,1,1,0
Actor,Benny Hill,1,1,0
Actor,Alejandro Villeli,1,0,1
Actor,Yelena Kravets,1,0,1
Actor,Daniel Weber,1,1,0
Actor,Ann Magnuson,1,1,0
Actor,Meliz Karlge,1,0,1
Actor,Kevin Connolly,1,1,0
Actor,Iliana Zabeth,1,1,0
Actor,Katie Walder,1,1,0
Actor,Julia Ragnarsson,1,0,1
Actor,Casey Adams,1,1,0
Actor,Chris Sanders,1,1,0
Actor,John Procaccino,1,1,0
Actor,Tiffany Snow,1,1,0
Actor,Akaash Singh,1,0,1
Actor,Rick Dial,1,1,0
Actor,Marie-Ginette Guay,1,1,0
Actor,Gökhan Atalay,1,0,1
Actor,Josep Maria Pou,1,1,0
Actor,Tae-hyun Nam,1,0,1
Actor,Eivind Sander,1,0,1
Actor,Marisol del Olmo,1,0,1
Actor,Rick Miller,1,0,1
Actor,Aaron D. Spears,1,0,1
Actor,Ayberk Attila,1,1,0
Actor,Aiden Akpan,1,1,0
Actor,Rick D. Wasserman,1,1,0
Actor,Tangie Ambrose,1,1,0
Actor,Terry Stone,1,1,0
Actor,Ghana Ali,1,1,0
Actor,Lauren Esdale,1,1,0
Actor,Simran Sehajpal,1,1,0
Actor,Christopher Fulford,1,1,0
Actor,Sairaj,1,0,1
Actor,Kevin Sheridan,1,1,0
Actor,Emily Taaffe,1,1,0
Actor,Ranjita Thakur,1,1,0
Actor,Ehren Kassam,1,0,1
Actor,Sally Jennings,1,0,1
Actor,Phillip Choi,1,0,1
Actor,Israel Houghton,1,1,0
Actor,Anthony Skordi,1,1,0
Actor,Alejandro Sanz,1,1,0
Actor,Jai-jin Lee,1,0,1
Actor,Muireann D'Arcy,1,1,0
Actor,Olivia McNamara,1,0,1
Actor,Angela Lansbury,1,1,0
Actor,Jorgito Vargas Jr.,1,0,1
Actor,Kyle Richards,1,1,0
Actor,Jacqueline Chan,1,0,1
Actor,Kim Soo-kyung,1,1,0
Actor,Tony Ciccone,1,1,0
Actor,Anthony Brandon Wong,1,1,0
Actor,Du Jiang,1,1,0
Actor,Trey Edward Shults,1,1,0
Actor,Catalina Salas,1,1,0
Actor,Kwan Ming-yuk,1,1,0
Actor,Liam Graham,1,1,0
Actor,Eoin O'Brien,1,1,0
Actor,Michelle Langstone,1,0,1
Actor,Kabby Hui,1,1,0
Actor,John Philbin,1,1,0
Actor,Albert Rudbeck Lindhardt,1,0,1
Actor,Valerie Wildman,1,1,0
Actor,Bhaswar Chatterjee,1,1,0
Actor,Kohei Murakami,1,0,1
Actor,Kika Magalhães,1,1,0
Actor,Milene Vázquez,1,1,0
Actor,Matt Schichter,1,1,0
Actor,Reg Rogers,1,1,0
Actor,Nina Kiri,1,1,0
Actor,Keara Graves,1,0,1
Actor,Denise Rosenthal,1,1,0
Actor,Krishnakant,1,1,0
Actor,Roy Billing,1,0,1
Actor,Luke Mpata,1,1,0
Actor,Travis Nelson,1,1,0
Actor,Juliocesar Chavez,1,1,0
Actor,Jonathan Mangum,1,1,0
Actor,Daniela Luque,1,0,1
Actor,Mai Duong Kieu,1,1,0
Actor,Chord Overstreet,1,1,0
Actor,Cortney Palm,1,1,0
Actor,Fabián Vena,1,0,1
Actor,Peeratchai Roompol,1,1,0
Actor,Ewa Dałkowska,1,1,0
Actor,Mary J. Blige,1,1,0
Actor,Médina Diarra,1,1,0
Actor,Jisca Kalvanda,1,1,0
Actor,Avin Manshadi,1,1,0
Actor,Sam Raimi,1,1,0
Actor,Shu Pei Sun,1,1,0
Actor,Bruce Lee,1,1,0
Actor,Diego Cataño,1,0,1
Actor,Pradeep Singh Rawat,1,1,0
Actor,Pippa Mackie,1,1,0
Actor,Angie Dickinson,1,1,0
Actor,Joelle Carter,1,1,0
Actor,Maximilian Jaenisch,1,0,1
Actor,Everett McGill,1,0,1
Actor,Eddie Perfect,1,0,1
Actor,Additi Gupta,1,0,1
Actor,Beverley Breuer,1,1,0
Actor,Brodie Smith,1,0,1
Actor,Evgeniy Stychkin,1,0,1
Actor,Ximena Duque,1,0,1
Actor,Lance Gray,1,1,0
Actor,Min-jung Kim,1,0,1
Actor,Bruce Payne,1,1,0
Actor,Artur Barciś,1,1,0
Actor,Moby,1,1,0
Actor,Eva Lallier,1,1,0
Actor,Dan Renton Skinner,1,1,0
Actor,Inas El Naggar,1,1,0
Actor,Julian Maroun,1,0,1
Actor,Charlotte Vega,1,1,0
Actor,Cathy Cliften,1,1,0
Actor,Pia Shah,1,1,0
Actor,Stefan Brogren,1,0,1
Actor,Kao Meng-Chieh,1,0,1
Actor,Bailey Pelkman,1,0,1
Actor,William Lee Scott,1,1,0
Actor,Steve Hawk,1,1,0
Actor,Evany Rosen,1,0,1
Actor,Sumalee Montano,1,0,1
Actor,Rod Serling,1,0,1
Actor,Tanya Winsor,1,0,1
Actor,Jenna Marbles,1,1,0
Actor,Dylan Riley Snyder,1,1,0
Actor,Morgan Hinkleman,1,0,1
Actor,Anil Rastogi,1,1,0
Actor,Armen Weitzman,1,1,0
Actor,Jeanette Miller,1,1,0
Actor,Nicolas Wanczycki,1,1,0
Actor,Woranuch Wongsawan,1,0,1
Actor,Udo Kier,1,0,1
Actor,Paolo Bernardini,1,1,0
Actor,Micha Lescot,1,1,0
Actor,Jeremy Sumpter,1,1,0
Actor,Henry Turczynowicz,1,1,0
Actor,John Krisiukenas,1,1,0
Actor,Brady Permenter,1,1,0
Actor,Saykoji,1,1,0
Actor,Leynar Gomez,1,0,1
Actor,Fabrizio Rongione,1,1,0
Actor,Harriet Beattie,1,1,0
Actor,Jodie Comer,1,0,1
Actor,Elena Shulman,1,0,1
Actor,Laura Ann Kesling,1,1,0
Actor,Jocelyne Loewen,1,0,1
Actor,Jorge Garcia,1,1,0
Actor,Nic Sampson,1,0,1
Actor,Lenny Venito,1,1,0
Actor,Emma Clifford,1,1,0
Actor,Hulk Hogan,1,1,0
Actor,Jacqueline Kim,1,1,0
Actor,David Shannon,1,1,0
Actor,Raquel Alessi,1,1,0
Actor,Shivani Joshi,1,1,0
Actor,Yeardley Smith,1,1,0
Actor,Robert Helpmann,1,1,0
Actor,Stella McCusker,1,1,0
Actor,Chris Zois,1,1,0
Actor,Paul Kenny,1,0,1
Actor,Tom Mayhue,1,0,1
Actor,Solbi,1,0,1
Actor,Steve Madden,1,1,0
Actor,Ben Münchow,1,0,1
Actor,Vincent Hoss-Desmarais,1,1,0
Actor,Dulce María,1,0,1
Actor,María Antonieta de las Nieves,1,0,1
Actor,Rebecca Da Costa,1,1,0
Actor,Kumar Mayank,1,1,0
Actor,Madeleine Matar,1,1,0
Actor,Angela Woods,1,1,0
Actor,Christina Aguilera,1,1,0
Actor,Shannon Hartman,1,1,0
Actor,Anna Maria Barbera,1,1,0
Actor,Ohad Naharin,1,1,0
Actor,Larry Lam,1,0,1
Actor,Marc Wootton,1,1,0
Actor,Alexander Wraith,1,1,0
Actor,P. Jairaj,1,1,0
Actor,Dick Strawbridge,1,0,1
Actor,Maulik Jagdish Nayak,1,1,0
Actor,Gaspard Boesch,1,0,1
Actor,Matthieu Lucci,1,1,0
Actor,Jocelin Donahue,1,1,0
Actor,Taro Ishida,1,1,0
Actor,John Simm,1,0,1
Actor,Danny Fields,1,1,0
Actor,Mónika Balsai,1,1,0
Actor,Pitchanart Sakakorn,1,1,0
Actor,Shaun Smyth,1,1,0
Actor,Marjorie De Sousa,1,1,0
Actor,Rainky Wai,1,1,0
Actor,BrendaSykes,1,1,0
Actor,Rayson Tan,1,0,1
Actor,RJ Cyler,1,1,0
Actor,Samantha Kim,1,1,0
Actor,Natthida Trichaiya,1,0,1
Actor,Julie Kent,1,1,0
Actor,Charlie Cunniffe,1,0,1
Actor,Gig Morton,1,0,1
Actor,Louka Minnella,1,1,0
Actor,Mike Ginn,1,0,1
Actor,Ricardo de Barreiro,1,0,1
Actor,Somy Ali,1,1,0
Actor,Ande Cunningham,1,1,0
Actor,Jonas Leite,1,1,0
Actor,Peter Mak,1,1,0
Actor,Bob Papenbrook,1,0,1
Actor,Juliet Rylance,1,1,0
Actor,Kenn Scott,1,1,0
Actor,Virginia Rodriguez,1,1,0
Actor,Crowd Lu,1,0,1
Actor,Karen Holness,1,1,0
Actor,Ajay Shankar,1,1,0
Actor,Lautaro Bettoni,1,1,0
Actor,Tomas von Brömssen,1,0,1
Actor,Wayne Newton,1,1,0
Actor,Asha Sarath,1,1,0
Actor,Kanchana Moitra,1,1,0
Actor,Maxwell Jenkins,1,1,0
Actor,Maggie Siff,1,1,0
Actor,Jack Gwaltney,1,1,0
Actor,Samina Ahmad,1,1,0
Actor,Kristen Gutoskie,1,0,1
Actor,Jenni Baird,1,1,0
Actor,Shreiya Sabharwal,1,1,0
Actor,Ragi Jani,1,1,0
Actor,Berke Üzrek,1,0,1
Actor,Federica Corti,1,0,1
Actor,Alexey Tritenko,1,1,0
Actor,Lainie Kazan,1,1,0
Actor,Irmawati Jabbar,1,1,0
Actor,Shi-hoo Kim,1,0,1
Actor,Virendra Saxenda,1,1,0
Actor,Sarah Carmosino,1,0,1
Actor,Rath Rattasin Nalintanapat,1,0,1
Actor,Vanessa Howard,1,1,0
Actor,Mudessir Ahmed Khan,1,1,0
Actor,Kokoy DeSantos,1,1,0
Actor,Porter Hansen,1,1,0
Actor,Britt Lower,1,1,0
Actor,Josh Daugherty,1,1,0
Actor,Antti Reini,1,1,0
Actor,Nien Hsuan Wu,1,0,1
Actor,Natalya Sumskaya,1,0,1
Actor,İsmail Filiz,1,0,1
Actor,Lucía Álvarez,1,0,1
Actor,Rebecca Soler,1,0,1
Actor,Dion Córdoba,1,0,1
Actor,Padma Khanna,1,1,0
Actor,Frank Addela,1,0,1
Actor,Felipe Avello,1,1,0
Actor,Durgesh Kumar,1,1,0
Actor,Adam Barrett,1,1,0
Actor,Denise Boutte,1,1,0
Actor,Noah Silver,1,1,0
Actor,Morgan Benoit,1,1,0
Actor,Erika Sainte,1,1,0
Actor,Melissa Molinaro,1,1,0
Actor,Prashant Narayanan,1,1,0
Actor,Eisa Diab,1,0,1
Actor,Bianca Hunter,1,1,0
Actor,Silvia Marty,1,1,0
Actor,Robert Jayne,1,1,0
Actor,Aparna Bajpai,1,1,0
Actor,Constance Barron,1,1,0
Actor,Valerie Vernon,1,0,1
Actor,Carlos Villagrán,1,0,1
Actor,Lily Mae Harrington,1,1,0
Actor,Scott Haze,1,1,0
Actor,Clarence John Ryan,1,1,0
Actor,Paula Manzone,1,1,0
Actor,Arun Chidambaram,1,1,0
Actor,Marta Barrio,1,1,0
Actor,Indrani Mukherjee,1,1,0
Actor,Razmik Mansuryan,1,1,0
Actor,Brady Moffatt,1,1,0
Actor,Felicia Mercado,1,0,1
Actor,Gamze Süner Atay,1,0,1
Actor,Rachael Blake,1,1,0
Actor,Shazad Latif,1,0,1
Actor,Oliver Boot,1,1,0
Actor,Jamie Lever,1,1,0
Actor,Anders W. Berthelsen,1,1,0
Actor,Eduardo Santamarina,1,0,1
Actor,Dennis Chan,1,1,0
Actor,Suraj Sharma,1,1,0
Actor,Sara Sanderson,1,1,0
Actor,Peter Farrelly,1,1,0
Actor,Rob Ray,1,1,0
Actor,Ayumu Okamura,1,0,1
Actor,Beth Lacke,1,1,0
Actor,Sanjay Singh,1,1,0
Actor,Muriel Hofmann,1,1,0
Actor,Arlen Escarpeta,1,1,0
Actor,Tonya Rapley,1,1,0
Actor,Rômulo Arantes Neto,1,1,0
Actor,Finn Carter,1,1,0
Actor,Bilal Wahib,1,1,0
Actor,James Landry Hebert,1,0,1
Actor,Patrice Wymore,1,1,0
Actor,Dady Brieva,1,1,0
Actor,Faye Kusairi,1,0,1
Actor,Chris Pang,1,1,0
Actor,Rick Harrison,1,0,1
Actor,Leslie Cheung,1,1,0
Actor,U-kwon,1,0,1
Actor,Shray Rai Tiwari,1,1,0
Actor,Sonia Almarcha,1,1,0
Actor,Niraj Sah,1,1,0
Actor,Ameya Hunaswadkar,1,1,0
Actor,Erik Stocklin,1,0,1
Actor,Peter Hedges,1,1,0
Actor,Fausto Molina,1,1,0
Actor,Marshall Chapman,1,1,0
Actor,Yin Fu,1,0,1
Actor,Savannah Kennick,1,1,0
Actor,Anthony Batarse,1,1,0
Actor,Inthira Yeunyong,1,1,0
Actor,Patrick Teoh,1,0,1
Actor,Luca Argentero,1,1,0
Actor,Mildred Dunnock,1,1,0
Actor,Chidinma Ekile,1,1,0
Actor,Sam Oz Stone,1,1,0
Actor,Sydney Tamiia Poitier,1,1,0
Actor,Baptiste Lorber,1,1,0
Actor,Jim Siedow,1,1,0
Actor,Pau Cólera,1,1,0
Actor,Dylan O'Brien,1,1,0
Actor,Ralph Rodriguez,1,1,0
Actor,Simon Rex,1,1,0
Actor,Heidar Logi,1,1,0
Actor,Tam Sin Yin,1,1,0
Actor,Shresth Kumar,1,0,1
Actor,Natalie Hoover,1,0,1
Actor,Otto Sirgo,1,0,1
Actor,Alexander Gil,1,0,1
Actor,Feng Kuan,1,1,0
Actor,Sheng Fu,1,1,0
Actor,Sethulekshmi Amma,1,1,0
Actor,María Luisa Flores,1,0,1
Actor,Didi Petet,1,1,0
Actor,Steve McQueen,1,1,0
Actor,Salma Ashai,1,1,0
Actor,Saverio Guerra,1,1,0
Actor,Kristanna Loken,1,1,0
Actor,Uwe Preuss,1,1,0
Actor,Nissar Khan,1,1,0
Actor,Tucker Smallwood,1,1,0
Actor,Greg Cipes,1,1,0
Actor,Steven Chiang,1,0,1
Actor,Chen Jian,1,0,1
Actor,Ardell Aryana,1,0,1
Actor,Afdlin Shauki,1,0,1
Actor,Lynita Crofford,1,1,0
Actor,Benoît Pilot,1,1,0
Actor,Gus Birney,1,0,1
Actor,Jani Dueñas,1,1,0
Actor,Matt Lasky,1,1,0
Actor,Marwa,1,1,0
Actor,David Hendrawan,1,1,0
Actor,Sidhartha Maadhyamika,1,1,0
Actor,Gabrielle Rose,1,1,0
Actor,Vincent Ward,1,1,0
Actor,Hemant Choudhary,1,0,1
Actor,Alexandra Kahwaji,1,1,0
Actor,Byeong-eun Park,1,1,0
Actor,Charlotte Rae,1,1,0
Actor,Baptiste Gilliéron,1,0,1
Actor,David Selvas,1,1,0
Actor,Conor Quinlan,1,1,0
Actor,Zoey Rahman,1,0,1
Actor,Anisha Victor,1,1,0
Actor,Gustine Fudickar,1,1,0
Actor,Olivia James-Baird,1,0,1
Actor,Allen Leech,1,1,0
Actor,Nathan Lee Graham,1,1,0
Actor,Hong Huifang,1,0,1
Actor,Kelly Ward,1,1,0
Actor,Victoria Bruno,1,1,0
Actor,Lindsay Seim,1,1,0
Actor,Don Hale Jr.,1,1,0
Actor,Viraf Patel,1,0,1
Actor,Frank Mosley,1,1,0
Actor,Eun-ah Go,1,0,1
Actor,Alexander Fehling,1,1,0
Actor,Maryam Saleh,1,1,0
Actor,Evan Castelloe,1,1,0
Actor,Winky Wiryawan,1,1,0
Actor,Adea Lennox,1,1,0
Actor,Bert Stephan,1,1,0
Actor,Danielle Carter,1,1,0
Actor,Ramzy Bédia,1,1,0
Actor,Neha Joshi,1,1,0
Actor,Noam Jenkins,1,1,0
Actor,Roland Buck III,1,1,0
Actor,Elya Miera Ismail,1,0,1
Actor,Panissara Phimpru,1,1,0
Actor,Shea Buckner,1,1,0
Actor,Juan Ugarte,1,1,0
Actor,Brian Johnson,1,1,0
Actor,John Kapelos,1,1,0
Actor,John Heffron,1,1,0
Actor,Clare Carey,1,0,1
Actor,Maile Flanagan,1,1,0
Actor,Clovis Cornillac,1,1,0
Actor,Ravi Gossain,1,1,0
Actor,Brook Todd,1,1,0
Actor,Tom Bower,1,1,0
Actor,Kristoffer Polaha,1,1,0
Actor,Jack Tomich,1,1,0
Actor,Daniel Tan,1,0,1
Actor,Candace Bushnell,1,1,0
Actor,Tsung-Hua To,1,1,0
Actor,Ruth Kearney,1,0,1
Actor,Ernie Lively,1,1,0
Actor,Riley St. John,1,1,0
Actor,Tyler Bunch,1,0,1
Actor,Jamie Demetriou,1,1,0
Actor,Ronnie Rowe Jr.,1,1,0
Actor,Alex Zaichkowski,1,0,1
Actor,Reema Shaikh,1,0,1
Actor,Jillian Nelson,1,1,0
Actor,Dina Abdullah,1,1,0
Actor,Joanne Tseng,1,0,1
Actor,Phichet Iamchaonaa,1,1,0
Actor,Ji-woong Heo,1,0,1
Actor,Saowaluck Siriaran,1,1,0
Actor,Dhanshree Jain,1,1,0
Actor,Justin Benson,1,1,0
Actor,Chopper Bernet,1,1,0
Actor,Menha Zaytoon,1,1,0
Actor,Joey Russo,1,1,0
Actor,Simi Ogunleye,1,1,0
Actor,Tiffany Brouwer,1,1,0
Actor,Makisig Morales,1,1,0
Actor,Harry Northup,1,1,0
Actor,Alexia Dox,1,1,0
Actor,Arfi Lamba,1,1,0
Actor,Mayilsamy,1,1,0
Actor,Pablo Schwarz,1,0,1
Actor,Paul Farrell,1,1,0
Actor,Ming Xi,1,1,0
Actor,Susan Jane Tanner,1,1,0
Actor,Michael Wiseman,1,1,0
Actor,Vanilla Ice,1,1,0
Actor,Tyrone Benskin,1,1,0
Actor,Hana Laszlo,1,0,1
Actor,Emma Pierson,1,1,0
Actor,Riley Osborne,1,1,0
Actor,Dakota Loesch,1,1,0
Actor,Aaron Munoz,1,1,0
Actor,Joe Starr,1,1,0
Actor,Mario Gallo,1,1,0
Actor,Lou Antonio,1,1,0
Actor,Yeong-mun Kwon,1,1,0
Actor,Olaf Schubert,1,1,0
Actor,Guillermo Fernandez,1,1,0
Actor,Benjamin Nathan-Serio,1,0,1
Actor,Andrew Shue,1,1,0
Actor,Shao Tong,1,0,1
Actor,Sam Upton,1,1,0
Actor,Jessica Ellerby,1,0,1
Actor,Kate Nowlin,1,1,0
Actor,Louise Lasser,1,1,0
Actor,Jimena Cuarón,1,1,0
Actor,Francesco Salvi,1,1,0
Actor,Richard Alan Reid,1,1,0
Actor,Sun Qian,1,0,1
Actor,Wendy Baron,1,1,0
Actor,Willie Robertson,1,1,0
Actor,Kiran Raj,1,1,0
Actor,Sara De Bosschere,1,1,0
Actor,Sean Russel Herman,1,1,0
Actor,Raymond Serra,1,1,0
Actor,Kimberly Russell,1,1,0
Actor,Fionn Walton,1,1,0
Actor,Ji-yoon Park,1,0,1
Actor,Hyo-ri Lee,1,0,1
Actor,Maria Blasucci,1,1,0
Actor,Rina Shin,1,1,0
Actor,Jermaine 'Huggy' Hopkins,1,1,0
Actor,Paula Prentiss,1,1,0
Actor,Chinmay Kambli,1,1,0
Actor,Raghuvaran,1,1,0
Actor,Kema Sikazwe,1,1,0
Actor,Jun Miho,1,1,0
Actor,Shreya Anchan,1,1,0
Actor,Mia Serafino,1,1,0
Actor,Mariko Tsutsui,1,0,1
Actor,Harpreet Singh,1,1,0
Actor,Chloe East,1,1,0
Actor,Somchai Kemglad,1,1,0
Actor,Kayden Magnuson,1,1,0
Actor,Candy Ice,1,0,1
Actor,Laurent Pakihivatau,1,1,0
Actor,Andree Bernard,1,1,0
Actor,Derek Lyons,1,1,0
Actor,Chali Pala,1,1,0
Actor,Wendy Robie,1,0,1
Actor,J.D. Cannon,1,1,0
Actor,Puteri Octovia,1,0,1
Actor,Bharat Kaul,1,1,0
Actor,Michael Berryman,1,1,0
Actor,Chrystee Pharris,1,1,0
Actor,Hsieh Ying-shiuan,1,0,1
Actor,Jahi Di'Allo Winston,1,0,1
Actor,Mike Liscio,1,0,1
Actor,Gerry Becker,1,1,0
Actor,Miyoko Sakatani,1,1,0
Actor,Dana Andrews,1,1,0
Actor,Jowharah Jones,1,1,0
Actor,Tony Darling,1,1,0
Actor,Linda Ihuoma-Suleiman,1,1,0
Actor,Dimitri Oragvelidze,1,1,0
Actor,Kate Adepegba,1,1,0
Actor,Ninel Conde,1,0,1
Actor,Richie Chance,1,1,0
Actor,Marian Glinka,1,1,0
Actor,Gary Sweet,1,1,0
Actor,Steven Love,1,1,0
Actor,Jong-jun Jeong,1,0,1
Actor,Lun-Mei Kwai,1,1,0
Actor,June Gable,1,1,0
Actor,Randy Havens,1,0,1
Actor,Robert Palfrader,1,0,1
Actor,Robert Stack,1,1,0
Actor,Kye-sang Yoon,1,0,1
Actor,Fernando Álvarez Rebeil,1,1,0
Actor,Eileen April Boylan,1,1,0
Actor,Hattie Winston,1,1,0
Actor,Nusret Çetinel,1,1,0
Actor,Michael McLafferty,1,1,0
Actor,Hoon-jin Lee,1,0,1
Actor,Rocío Rodríguez Presedo,1,1,0
Actor,Yang Se-na,1,0,1
Actor,Ball Chernyim,1,0,1
Actor,Mika Doi,1,0,1
Actor,Akim Mogaji,1,1,0
Actor,Ted Lange,1,1,0
Actor,Vivek Ghamande,1,1,0
Actor,Robert Pine,1,1,0
Actor,Malik Bine,1,1,0
Actor,Keisuke Koumoto,1,0,1
Actor,Harold Ramis,1,1,0
Actor,Katie Hartman,1,1,0
Actor,Coen Falke,1,1,0
Actor,Angus Whinfield,1,1,0
Actor,Naomi Radcliffe,1,0,1
Actor,Nellie McKay,1,1,0
Actor,Charles Adler,1,0,1
Actor,Peta Shannon,1,1,0
Actor,Sohai Ali Abro,1,1,0
Actor,Brian J. Smith,1,0,1
Actor,Daniel Hopwood,1,0,1
Actor,Nick Loeb,1,1,0
Actor,Nathaniel Gleed,1,1,0
Actor,Lynsey Addario,1,1,0
Actor,Kamal Ibrahim,1,0,1
Actor,Travis McCoy,1,1,0
Actor,Byung-ho Son,1,1,0
Actor,Benson Jack Anthony,1,1,0
Actor,Mark Wright,1,0,1
Actor,Kyu-jong Kim,1,0,1
Actor,Reinaldo Zavarce,1,1,0
Actor,Paladesh Kemisara,1,0,1
Actor,Carter Jenkins,1,1,0
Actor,Tien-chi Cheng,1,1,0
Actor,Sadaf Kanwal,1,1,0
Actor,Barbara King,1,1,0
Actor,Vic Tablian,1,1,0
Actor,Manya Gupta,1,1,0
Actor,Sean Brock,1,0,1
Actor,Dana Fuchs,1,1,0
Actor,George Shevtsov,1,1,0
Actor,Groupz Chutharut Anusin,1,0,1
Actor,Emy Lévy,1,1,0
Actor,Tim Hodge,1,1,0
Actor,Ronen Rubenstein,1,1,0
Actor,Catherine Hicks,1,1,0
Actor,Samuele Caruana,1,1,0
Actor,Rajiv Verma,1,1,0
Actor,Nikhil Ratnaparkhi,1,1,0
Actor,Kent Osborne,1,1,0
Actor,Hugh Griffith,1,1,0
Actor,Erin Davie,1,1,0
Actor,Charlie Hardwick,1,1,0
Actor,Paul Kwo,1,1,0
Actor,Lalita Panyopas,1,0,1
Actor,Canan Ergüder,1,0,1
Actor,Vadivelu,1,1,0
Actor,Danny Goldring,1,1,0
Actor,Ratnamala,1,1,0
Actor,Corey Harrison,1,0,1
Actor,Sam Golzari,1,1,0
Actor,Aftab Khan,1,1,0
Actor,Charlie Brooks,1,0,1
Actor,Natalie Grace,1,1,0
Actor,Davood Ghadami,1,1,0
Actor,Dedrick Bonner,1,1,0
Actor,Pat Thomson,1,1,0
Actor,Pongsatorn Jongwilas,1,0,1
Actor,Mona Hammond,1,1,0
Actor,Mario Adorf,1,1,0
Actor,Alexandra Richter,1,1,0
Actor,Luis Manuel Ávila,1,0,1
Actor,LisaRaye McCoy,1,1,0
Actor,Nishant Malkani,1,1,0
Actor,Sae-ron Kim,1,0,1
Actor,Sara Weaver,1,1,0
Actor,Jacques Weber,1,0,1
Actor,Lucy Cominetti,1,0,1
Actor,Stony Blyden,1,1,0
Actor,Quddus Newton,1,1,0
Actor,Trey Gondokusumo,1,1,0
Actor,Gabe York,1,1,0
Actor,Guinevere Turner,1,1,0
Actor,Justin Michael,1,0,1
Actor,Andrew Lawrence,1,1,0
Actor,Şenay Bozoklar,1,1,0
Actor,Zonghan Li,1,1,0
Actor,Satnam Singh Bhamara,1,1,0
Actor,Ji Su,1,0,1
Actor,Cayden Boyd,1,1,0
Actor,Kazuki Maehara,1,0,1
Actor,Norbert Leo Butz,1,0,1
Actor,Zul Vellani,1,1,0
Actor,Asha Parekh,1,1,0
Actor,Juan Carlos Olivas,1,0,1
Actor,Tommy Cash,1,1,0
Actor,Dheeraj Kumar,1,1,0
Actor,Sonny Chiba,1,1,0
Actor,Jacek Stramik,1,1,0
Actor,Kiyoshi Kawakubo,1,0,1
Actor,Noelia Rubio,1,1,0
Actor,Chanchal,1,1,0
Actor,Bent Mejding,1,1,0
Actor,Ben O'Toole,1,1,0
Actor,Seema Rahmani,1,1,0
Actor,Robert Bockstael,1,0,1
Actor,Vikram Inamdar,1,1,0
Actor,Francisco Avendaño,1,0,1
Actor,Viktor Saraykin,1,0,1
Actor,Nicole Provost,1,1,0
Actor,Marco de la O,1,0,1
Actor,Amy Yip,1,1,0
Actor,Devyani Cm,1,1,0
Actor,María Onetto,1,1,0
Actor,Mehul Buch,1,1,0
Actor,Lindsay Pulsipher,1,1,0
Actor,Markie Post,1,1,0
Actor,Vrijesh Hirjee,1,1,0
Actor,Jordan Lane Price,1,1,0
Actor,Eddie Baroo,1,1,0
Actor,Arzetti Bilbina,1,1,0
Actor,Shashi Kala,1,1,0
Actor,Sam Skoryna,1,1,0
Actor,Kwan Hoi-san,1,1,0
Actor,Aman Verma,1,1,0
Actor,Padmanabh Bind,1,1,0
Actor,Elin Petersdottir,1,1,0
Actor,Stephanie Stremler,1,1,0
Actor,Kuo Hua Chang,1,1,0
Actor,Payidar Tüfekçioglu,1,0,1
Actor,Sophie Linfield,1,1,0
Actor,Robert Duncan McNeill,1,0,1
Actor,Kandi Burruss,1,1,0
Actor,Brent Spiner,1,0,1
Actor,Brigid Brannagh,1,1,0
Actor,Stephanie Jacobsen,1,1,0
Actor,Lionel Jeffries,1,1,0
Actor,Krystle Snow,1,1,0
Actor,Chinmai Chandranshuh,1,1,0
Actor,Karan Patel,1,1,0
Actor,Ry Barrett,1,1,0
Actor,Alina Foley,1,1,0
Actor,Wilza Lubis,1,1,0
Actor,Todrick Hall,1,1,0
Actor,David Forman,1,1,0
Actor,Ik-tae Kim,1,0,1
Actor,Ki-sung Bae,1,0,1
Actor,Laura Silverman,1,1,0
Actor,Howard Huntsberry,1,1,0
Actor,Zeb Troostwijk,1,1,0
Actor,Jonathan Barnwell,1,0,1
Actor,Kristie Marsden,1,0,1
Actor,Alycia Purrott,1,0,1
Actor,Velibor Topic,1,1,0
Actor,Pedro Ruminot,1,1,0
Actor,Jim Morrison,1,1,0
Actor,Min-ho Lee,1,1,0
Actor,Mike McFarland,1,0,1
Actor,Jon Lange,1,1,0
Actor,Ines Somellera,1,1,0
Actor,Brittany Daniel,1,1,0
Actor,Birgitte Hjort Sorensen,1,1,0
Actor,Kristin Slaysman,1,1,0
Actor,Sulekha Talvalkar,1,1,0
Actor,Lisa Gay Hamilton,1,1,0
Actor,Mario Cimarro,1,0,1
Actor,Rajesh Khanna,1,1,0
Actor,Gulzar Chahal,1,1,0
Actor,Andre Hyland,1,1,0
Actor,Jerry MacKinnon,1,1,0
Actor,Levent Yilmaz,1,0,1
Actor,Kyoo-hyung Lee,1,0,1
Actor,Jiang Yongbo,1,1,0
Actor,Ajay Ghosh,1,1,0
Actor,Jia Zhengyu,1,0,1
Actor,Julie Ann Taylor,1,0,1
Actor,Ajay Nagrath,1,1,0
Actor,Paul McCartney,1,1,0
Actor,Francis Manapul,1,0,1
Actor,Michael Bolton,1,1,0
Actor,Tamar Braxton,1,0,1
Actor,Dontrell Bright,1,1,0
Actor,Karim Prince,1,0,1
Actor,Marta Belenguer,1,1,0
Actor,Presley Richardson,1,1,0
Actor,Mostafa Abd Elsalam,1,1,0
Actor,Sema Şimşek,1,1,0
Actor,Madison Wright,1,1,0
Actor,Paw Hee Ching,1,1,0
Actor,Sang Ping,1,1,0
Actor,Grace Jones,1,1,0
Actor,Trae Ireland,1,1,0
Actor,Jimmy Heath,1,1,0
Actor,Jason Saldaña,1,0,1
Actor,Shao Bing,1,0,1
Actor,Severn Thompson,1,0,1
Actor,Roy Chiao,1,1,0
Actor,Brian T. Delaney,1,1,0
Actor,Sunny Wayne,1,1,0
Actor,Matthew Jones,1,1,0
Actor,Gabriel Totoro,1,1,0
Actor,Amitabha Bhattacharjee,1,1,0
Actor,Josh Flitter,1,1,0
Actor,Yoon-Sik Baek,1,0,1
Actor,Yarichada Wattanawongsri,1,1,0
Actor,Kyla Wise,1,0,1
Actor,Melvin Odoom,1,0,1
Actor,Jeanie Hackett,1,1,0
Actor,Patrick Theo,1,0,1
Actor,Hunter Ives,1,1,0
Actor,Sterling Sulieman,1,1,0
Actor,Ye-jin Park,1,0,1
Actor,René Lavan,1,1,0
Actor,Bob Martin,1,0,1
Actor,Daniel Zovatto,1,1,0
Actor,Geng Wayo Assawarungruang,1,0,1
Actor,Kengo Kora,1,1,0
Actor,Susan Pourfar,1,1,0
Actor,Matt Austin,1,0,1
Actor,Kevin Seal,1,1,0
Actor,Olivia Roush,1,1,0
Actor,Shahnawaz Bhat,1,1,0
Actor,Roel Vanderstukken,1,0,1
Actor,Vassili Zappa,1,1,0
Actor,Christopher Smith,1,0,1
Actor,Wu Chun,1,1,0
Actor,George Buza,1,1,0
Actor,Darren Chen,1,0,1
Actor,Jessy Schram,1,0,1
Actor,Ketan Pawar,1,1,0
Actor,Jaehyo,1,0,1
Actor,Sultan,1,1,0
Actor,Abdi Sidow Farah,1,1,0
Actor,Reinout Bussemaker,1,1,0
Actor,Jackie Christie,1,1,0
Actor,Danny Bruzzi,1,1,0
Actor,Hildegun Riise,1,1,0
Actor,Elizabeth Thompson,1,1,0
Actor,Michael S. New,1,1,0
Actor,Makarand Deshpande,1,1,0
Actor,Elvira Monsell,1,0,1
Actor,Sinead Matthews,1,1,0
Actor,Ferdinando Valencia,1,0,1
Actor,Bharat Dabholkar,1,1,0
Actor,Majid Shokor,1,1,0
Actor,Peter Lawford,1,1,0
Actor,Rena Matsui,1,0,1
Actor,Chris Brochu,1,1,0
Actor,Sayaka Yamamoto,1,0,1
Actor,Alex Alembe,1,1,0
Actor,Zakariya Gouram,1,1,0
Actor,Karan Aanand,1,1,0
Actor,Komal Gupta,1,1,0
Actor,Jay Larson,1,1,0
Actor,Renae Bluitt,1,1,0
Actor,Stephen Thorne,1,1,0
Actor,Jason Tham,1,0,1
Actor,Armani Jackson,1,1,0
Actor,Lisa Aldenhoven,1,1,0
Actor,Jamie VanDyke,1,0,1
Actor,Paige O'Hara,1,1,0
Actor,Teo Halm,1,1,0
Actor,Jenni Melear,1,1,0
Actor,Ron Moody,1,1,0
Actor,Sam Hammer,1,1,0
Actor,Slick Woods,1,1,0
Actor,Steve Rosenbaum,1,1,0
Actor,Sticky Fingaz,1,1,0
Actor,Daphne Zuniga,1,1,0
Actor,Korapat Kirdpan,1,0,1
Actor,Patrick Egan,1,1,0
Actor,Sun Chien,1,1,0
Actor,Sergio Di Zio,1,1,0
Actor,Betsy Turnez,1,1,0
Actor,Mioko Fujiwara,1,0,1
Actor,Sarah Adler,1,1,0
Actor,La Chanze,1,1,0
Actor,Saadiya Ali,1,0,1
Actor,Azad Jazmin,1,1,0
Actor,Kevin Crowley,1,1,0
Actor,Brit Morgan,1,1,0
Actor,Alper Saldıran,1,0,1
Actor,Simbi Khali,1,1,0
Actor,Mehmet Ali Tuncer,1,0,1
Actor,Joaquim Lopes,1,1,0
Actor,Mahmoud Babai,1,1,0
Actor,Paul Amato,1,1,0
Actor,Odai Hijazi,1,1,0
Actor,Mauricio Tarcinalli Barros,1,0,1
Actor,Mateo Arias,1,1,0
Actor,Oasis,1,1,0
Actor,Rosa Catalano,1,1,0
Actor,Emmanuel Castis,1,1,0
Actor,Yoriko Haraguchi,1,1,0
Actor,Jade Chou,1,0,1
Actor,Melissa Sagemiller,1,1,0
Actor,Matthew Sakimoto,1,0,1
Actor,Kate Dickie,1,1,0
Actor,Robert Stephens,1,1,0
Actor,Michael Hanemann,1,1,0
Actor,Greg Grunberg,1,1,0
Actor,Akit Tay,1,0,1
Actor,Yilmaz Calayir,1,0,1
Actor,Roy Dotrice,1,0,1
Actor,Tetsu Watanabe,1,1,0
Actor,Stephan Lee Benson,1,1,0
Actor,Richard Foster-King,1,1,0
Actor,Mai El-Kady,1,1,0
Actor,Man-seok Oh,1,1,0
Actor,Dong Zijian,1,1,0
Actor,James Moses Black,1,1,0
Actor,Shreya Chawla,1,1,0
Actor,Rachel Maryam Sayidina,1,1,0
Actor,Paul Mann,1,1,0
Actor,Michael J. Pagan,1,1,0
Actor,Christophe Paou,1,0,1
Actor,Jason Chan,1,0,1
Actor,Zedrick Restauro,1,1,0
Actor,Adrián Stoppelman,1,1,0
Actor,Yo-Won Lee,1,0,1
Actor,Jung-hoon Yeon,1,0,1
Actor,Stefaan De Winter,1,1,0
Actor,Richard Harrison,1,0,1
Actor,Bruce Davison,1,1,0
Actor,Maria Palm,1,1,0
Actor,John Duff,1,1,0
Actor,Sean McBride,1,1,0
Actor,Ramona Marquez,1,1,0
Actor,Kayra Şenocak,1,0,1
Actor,Rumer Willis,1,1,0
Actor,Józef Pawlowski,1,1,0
Actor,Moon So-ri,1,0,1
Actor,Dean Gladstone,1,0,1
Actor,Hayley Lovitt,1,1,0
Actor,Emma Graves,1,1,0
Actor,Vikram Kochhar,1,1,0
Actor,Eva Loebau,1,1,0
Actor,Laura Fraser,1,0,1
Actor,Teresa Wright,1,1,0
Actor,Kei Shindou,1,0,1
Actor,Javier Escobar,1,1,0
Actor,Ketan Singh,1,0,1
Actor,Mike Secher,1,0,1
Actor,Shivaji Guruvayoor,1,1,0
Actor,Brandon Rosas,1,0,1
Actor,Grand Master John U. Kim,1,1,0
Actor,Robert Eddison,1,1,0
Actor,Yanee Tramoth,1,1,0
Actor,Maya Krishna Rao,1,1,0
Actor,David Warner,1,1,0
Actor,Michael Esper,1,1,0
Actor,Adhvik Mahajan,1,1,0
Actor,Patrick Gorman,1,1,0
Actor,Ufuk Şen,1,0,1
Actor,Jamie Choi,1,1,0
Actor,Talat Hussain,1,1,0
Actor,Michael Hitchcock,1,1,0
Actor,Aneurin Barnard,1,1,0
Actor,Seok-jeong Hwang,1,1,0
Actor,Santiago Cuquejo,1,0,1
Actor,Ashutosh Gaikwad,1,1,0
Actor,Akira Madden,1,0,1
Actor,Lars Green,1,0,1
Actor,Andy Calderwood,1,1,0
Actor,Marshall Johnson,1,1,0
Actor,Scott Innes,1,1,0
Actor,Marco Palvetti,1,0,1
Actor,Aditi Keskar,1,1,0
Actor,Indrani Haldar,1,1,0
Actor,Eugenie Scott,1,1,0
Actor,Susan Lynch,1,1,0
Actor,Paolo Bryant,1,0,1
Actor,Avani Modi,1,1,0
Actor,Byeong-Ki Kim,1,0,1
Actor,Ana Gil de Melo Nascimento,1,0,1
Actor,Grégoire Colin,1,1,0
Actor,Albert Ribalta,1,1,0
Actor,In-Gum Jung,1,1,0
Actor,Wes Chatham,1,1,0
Actor,Georgie Fuller,1,0,1
Actor,Hemant Pandey,1,1,0
Actor,Claire Rushbrook,1,0,1
Actor,Martina Haag,1,1,0
Actor,Usher Raymond,1,1,0
Actor,David Tse,1,1,0
Actor,Ginuwine,1,1,0
Actor,David Selby,1,1,0
Actor,Ursula Stolf,1,0,1
Actor,Michael J. Pollard,1,1,0
Actor,Lao Ai,1,1,0
Actor,Sloane Warren,1,1,0
Actor,Collette Wolfe,1,1,0
Actor,David Wald,1,0,1
Actor,Joe Quesada,1,1,0
Actor,Christien Anholt,1,1,0
Actor,Aybike Turan,1,1,0
Actor,Stefanee Martin,1,0,1
Actor,Vincent Tirel,1,1,0
Actor,Jonathan Morgan Heit,1,1,0
Actor,David Dorfman,1,1,0
Actor,Mark Edwards,1,0,1
Actor,Joke Emmers,1,0,1
Actor,Sandeep Gaikwad,1,1,0
Actor,Daniel Sloss,1,0,1
Actor,Megumi Seki,1,0,1
Actor,Ben Oxenbould,1,0,1
Actor,Nicole Saba,1,1,0
Actor,Jeff Conaway,1,1,0
Actor,Frederick Weller,1,1,0
Actor,Ugur Ekeroglu,1,1,0
Actor,Adrienne Rose White,1,1,0
Actor,Prim Bulakul,1,1,0
Actor,Sun Yizhou,1,1,0
Actor,Vinícius Garcia,1,1,0
Actor,April Bloomfield,1,0,1
Actor,Sean Murray,1,0,1
Actor,Chris Johnson,1,1,0
Actor,Ifeanyi Dike Jr.,1,1,0
Actor,Lucia Vecchio,1,0,1
Actor,Deepak Qazir,1,1,0
Actor,Pawan Kanodia,1,1,0
Actor,Kelsey Tucker,1,1,0
Actor,Jai Bharti,1,1,0
Actor,Ludovik Day,1,1,0
Actor,Jonathan Ke Quan,1,1,0
Actor,Pooja Chopra,1,1,0
Actor,Edward Hogg,1,0,1
Actor,Vipin Bhali,1,1,0
Actor,Donal MacIntyre,1,0,1
Actor,Doug Plaut,1,1,0
Actor,Lily Li,1,1,0
Actor,Joanna Vanderham,1,0,1
Actor,Selma Kutluğ,1,0,1
Actor,Phellipe Haagensen,1,1,0
Actor,Larry Drake,1,1,0
Actor,Safinaz,1,1,0
Actor,Adam Long,1,0,1
Actor,Gardner Baldwin,1,0,1
Actor,Ivana Chýlková,1,1,0
Actor,Thiago Martins,1,1,0
Actor,Phil Wang,1,0,1
Actor,Adam Scott Miller,1,1,0
Actor,Elena del Rubio,1,1,0
Actor,María Fernanda Yépes,1,0,1
Actor,Kate B. O'Brien,1,1,0
Actor,Emma Bell,1,1,0
Actor,Geraldine Somerville,1,1,0
Actor,David Bower,1,1,0
Actor,Giwar Xatar Hajabi,1,1,0
Actor,Aaron Washington,1,1,0
Actor,Michel Fau,1,1,0
Actor,Apple Hong,1,0,1
Actor,Nya de la Rubia,1,0,1
Actor,Yolanda Corrales,1,0,1
Actor,Wei Hao Teng,1,1,0
Actor,Richard Jordan,1,1,0
Actor,Helena Kaittani,1,1,0
Actor,Candis Nergaard,1,1,0
Actor,Garry Sandhu,1,1,0
Actor,Golf Pichaya Nitipaisankul,1,0,1
Actor,Corinne Musallari,1,1,0
Actor,John Thorsen,1,1,0
Actor,Jack Nicklaus,1,1,0
Actor,Nikki Gould,1,0,1
Actor,Cal Ripken Jr.,1,1,0
Actor,Fabian Busch,1,1,0
Actor,Polat Bilgin,1,0,1
Actor,Shen Chang Hung,1,0,1
Actor,Dean Martin,1,1,0
Actor,Nien-Jen Wu,1,0,1
Actor,Bhavani Lee,1,1,0
Actor,Samara Naeymi,1,0,1
Actor,Lena Dunham,1,1,0
Actor,Morgan Flynn,1,1,0
Actor,Matt Hickey,1,1,0
Actor,Cai Guo-Qiang,1,1,0
Actor,Andrea Falzone,1,1,0
Actor,Rebecca Dalton,1,1,0
Actor,Choi Da-in,1,0,1
Actor,David Horton,1,1,0
Actor,Austin Ramsey,1,1,0
Actor,Lauren Miller Rogen,1,1,0
Actor,Suzanna Mukherjee,1,1,0
Actor,Leopoldo Trieste,1,1,0
Actor,Bastille,1,0,1
Actor,Artemis Pebdani,1,1,0
Actor,Antoine Fuqua,1,1,0
Actor,Megumi Matsumoto,1,0,1
Actor,Stephen Mendel,1,0,1
Actor,Carole Bouquet,1,0,1
Actor,Flavio Mendoza,1,0,1
Actor,Shaban Arifi,1,0,1
Actor,Ida Ursin-Holm,1,1,0
Actor,Mary Bond Davis,1,1,0
Actor,Nate Theis,1,1,0
Actor,Cathryn Dylan,1,1,0
Actor,M.R. Gopakumar,1,1,0
Actor,Fábio Assunção,1,1,0
Actor,Mystikal,1,1,0
Actor,Desalene Jones,1,1,0
Actor,Noah Britton,1,1,0
Actor,Parvathy Ratheesh,1,1,0
Actor,Paris Themmen,1,1,0
Actor,John Goodluck,1,1,0
Actor,Catherine Lemieux,1,0,1
Actor,Vivian Chan,1,1,0
Actor,Marisa Berenson,1,1,0
Actor,Antwon Tanner,1,1,0
Actor,June Christopher,1,1,0
Actor,Olivia Horton,1,1,0
Actor,Latarsha Rose,1,0,1
Actor,Corey Parker Robinson,1,1,0
Actor,Andrew Brooke,1,1,0
Actor,Kurt Ostlund,1,0,1
Actor,Kid Ink,1,1,0
Actor,Winnie Chang,1,0,1
Actor,Rita Bhaduri,1,1,0
Actor,Patrick J. Adams,1,1,0
Actor,Buck Taylor,1,1,0
Actor,Merab Ninidze,1,1,0
Actor,Byun Heebong,1,1,0
Actor,David Stenstrom,1,0,1
Actor,Sandeep Bharadwaj,1,1,0
Actor,Maj-Britt Mathiesen,1,0,1
Actor,Wai Yee Chan,1,1,0
Actor,Tom Scarlett,1,1,0
Actor,Willie Jones,1,0,1
Actor,Estevam Nabote,1,1,0
Actor,So Ji-sub,1,0,1
Actor,Jeff Wincott,1,0,1
Actor,Poonam Basu,1,1,0
Actor,Garland Scott,1,1,0
Actor,John McGrath,1,0,1
Actor,Modesto Lacen,1,0,1
Actor,Robert Haley,1,1,0
Actor,Alan Van Sprang,1,0,1
Actor,Syra Shehroz,1,1,0
Actor,Vaidotas Martinaitis,1,1,0
Actor,Dave Lamb,1,0,1
Actor,Stacii Jae Johnson,1,1,0
Actor,Rob Baker,1,1,0
Actor,Emma Kennedy,1,1,0
Actor,Donnie Kehr,1,1,0
Actor,Gretchen Smith,1,1,0
Actor,Eileen Moreno,1,0,1
Actor,Sebastián Cordova,1,1,0
Actor,Suman Mukhopadhyay,1,1,0
Actor,Sun Li Man,1,1,0
Actor,Adnan Siddiqui,1,1,0
Actor,Tim Grothe,1,1,0
Actor,James D. Hopkin,1,1,0
Actor,Sung-yeol Lee,1,0,1
Actor,Joe Flizzow,1,1,0
Actor,Sierra Li,1,0,1
Actor,Emrah Girgin,1,0,1
Actor,Rinko Kikuchi,1,1,0
Actor,Larry Biela,1,1,0
Actor,Itay Tiran,1,0,1
Actor,Terrence Mann,1,0,1
Actor,Michael Marcus,1,1,0
Actor,Eugen Knecht,1,1,0
Actor,Cansu Gültekin,1,0,1
Actor,Kathleen Wilhoite,1,1,0
Actor,Vijay Crishna,1,1,0
Actor,Flonja Kodheli,1,1,0
Actor,Will Ryan,1,1,0
Actor,Tom Woodruff Jr.,1,1,0
Actor,Dong-hae Lee,1,0,1
Actor,Michael Johnston,1,0,1
Actor,Amanda Holt,1,1,0
Actor,Lora Martinez-Cunningham,1,1,0
Actor,Ed Gonzalez Moreno,1,1,0
Actor,Victor Gojcaj,1,1,0
Actor,Chris Massoglia,1,1,0
Actor,Hanna Mikuć,1,1,0
Actor,Brianne Siddall,1,0,1
Actor,Godfrey Quigley,1,1,0
Actor,Kaija Pakarinen,1,1,0
Actor,Sudip Mukherjee,1,1,0
Actor,Daniella Alonso,1,0,1
Actor,Bill Baldwin,1,1,0
Actor,Pilar Ronderos,1,1,0
Actor,Travis Winfrey,1,1,0
Actor,Ian Pirie,1,1,0
Actor,Audrina Patridge,1,1,0
Actor,Christoph Maria Herbst,1,1,0
Actor,Murat Ünalmış,1,0,1
Actor,Dong-hwi Lee,1,1,0
Actor,Reshmi Ghosh,1,0,1
Actor,Diomid Vinogradov,1,0,1
Actor,Omero Antonutti,1,1,0
Actor,Kayoze Irani,1,1,0
Actor,Jhanvi Dwivedi,1,1,0
Actor,Lee Dixon,1,1,0
Actor,Verna Bloom,1,1,0
Actor,Sang Chon,1,1,0
Actor,Denise Nickerson,1,1,0
Actor,Robby Tumewu,1,1,0
Actor,Karina Smirnoff,1,1,0
Actor,Seema Adhikari,1,1,0
Actor,Ross Fleming,1,1,0
Actor,Kathleen McDermott,1,0,1
Actor,Shaun Dingwall,1,1,0
Actor,Virithipa Phakdeeprasong,1,0,1
Actor,Ferit Aktuğ,1,0,1
Actor,Freddy Daruwala,1,1,0
Actor,David Lee McInnis,1,1,0
Actor,Amol Mhatre,1,1,0
Actor,Conchita Campbell,1,0,1
Actor,Razaaq Adoti,1,1,0
Actor,Mayuko Fukuda,1,0,1
Actor,Seema Kapoor,1,0,1
Actor,Paul McGuigan,1,1,0
Actor,Pat Kilbane,1,1,0
Actor,Sean Kingston,1,1,0
Actor,Mauricio Cujar,1,0,1
Actor,Matthew Settle,1,0,1
Actor,Pierre Holloway,1,0,1
Actor,Noah Matthews,1,1,0
Actor,Paul Shaffer,1,1,0
Actor,Simon Ehrlacher,1,0,1
Actor,Mary Fogarty,1,1,0
Actor,Kris Srepoomseth,1,1,0
Actor,Dominic Keating,1,0,1
Actor,Michael Bolwaire,1,1,0
Actor,Vicky McClure,1,0,1
Actor,Daniel O'Meara,1,1,0
Actor,Bernard Yerlès,1,0,1
Actor,Christine Meltzer,1,1,0
Actor,Ashwini Apte,1,1,0
Actor,Liane Balaban,1,1,0
Actor,Kimmy Robertson,1,0,1
Actor,Shannon Purser,1,1,0
Actor,Yu Entai,1,0,1
Actor,Wendy McColm,1,1,0
Actor,Michel Brown,1,0,1
Actor,Ian Wright,1,1,0
Actor,Young-ae Kim,1,1,0
Actor,Claudio Tolcachir,1,1,0
Actor,Vivek Rana,1,1,0
Actor,Phillip Vasquez,1,1,0
Actor,Alan Ng,1,1,0
Actor,Heidi Heaslet,1,1,0
Actor,Steve Evets,1,0,1
Actor,Bikramjeet Kanwarpal,1,1,0
Actor,Ben Esler,1,0,1
Actor,Johanne Dal-Lewkovitch,1,0,1
Actor,Zaidi Omar,1,1,0
Actor,Surangana Banerjee,1,1,0
Actor,Jihae,1,0,1
Actor,Eric Mendenhall,1,1,0
Actor,Rez Kempton,1,1,0
Actor,Ilse Warringa,1,1,0
Actor,Jayne Eastwood,1,1,0
Actor,Jayshree T.,1,1,0
Actor,Steven Ogg,1,1,0
Actor,Thomas Scimeca,1,1,0
Actor,Ivana Acosta,1,0,1
Actor,Sohail Shaikh,1,1,0
Actor,Yuka Kuramochi,1,0,1
Actor,Samart Saengsa-Ngiam,1,1,0
Actor,Jack Scanlon,1,1,0
Actor,Lenny McLean,1,1,0
Actor,So-yeon Kim,1,0,1
Actor,Robert Lazar,1,1,0
Actor,Siu-Ho Chin,1,1,0
Actor,Peter Van den Begin,1,0,1
Actor,Ja-in Lee,1,0,1
Actor,Marc Menchaca,1,1,0
Actor,Chris Kendrick,1,1,0
Actor,Ted Ferguson,1,1,0
Actor,Stana Katic,1,1,0
Actor,Bjorn Stewart,1,1,0
Actor,Sari Koeswoyo,1,1,0
Actor,Burcu Çoban,1,0,1
Actor,Keith Osborn,1,0,1
Actor,Samir Guesmi,1,0,1
Actor,Sharon Horgan,1,1,0
Actor,Nicole LaPlaca,1,1,0
Actor,Harold Michelson,1,1,0
Actor,Sandra Reyes,1,0,1
Actor,Joel Joan,1,1,0
Actor,Derek Davenport,1,1,0
Actor,Branden Coles,1,1,0
Actor,Kip Andersen,1,1,0
Actor,Robert Beltran,1,0,1
Actor,Rhod Gilbert,1,0,1
Actor,Kevork Malikyan,1,1,0
Actor,Pasha D. Lychnikoff,1,1,0
Actor,Josh Schwartzentruber,1,0,1
Actor,Elisa Carricajo,1,1,0
Actor,Mikaal Zulfiqar,1,1,0
Actor,Daniella Van Graas,1,1,0
Actor,Camille Guaty,1,1,0
Actor,Barry Aird,1,1,0
Actor,Kenneth Nkosi,1,1,0
Actor,Arjun Chakrabarty,1,1,0
Actor,Michael deGruy,1,1,0
Actor,Cec Linder,1,1,0
Actor,Tricia Paoluccio,1,1,0
Actor,Fernando Sarfati,1,1,0
Actor,Craig Frank,1,0,1
Actor,April Parker-Jones,1,0,1
Actor,Gülsüm Alkan,1,1,0
Actor,Nicholas Kitsopoulos,1,1,0
Actor,Mehmet Esen,1,0,1
Actor,Tae-hwan Choi,1,0,1
Actor,Vijayant Kohli,1,1,0
Actor,Nick Boraine,1,1,0
Actor,John Chapman,1,1,0
Actor,Goven Cheishvili,1,1,0
Actor,Maren Heary,1,0,1
Actor,G-Eazy,1,0,1
Actor,Zindzi Okenyo,1,0,1
Actor,Harish Roy,1,1,0
Actor,Craig Conway,1,1,0
Actor,Chay Suede,1,1,0
Actor,Ola Rapace,1,1,0
Actor,Angeles Woo,1,1,0
Actor,Youssef Mohamed,1,1,0
Actor,Vedant Desai,1,1,0
Actor,Colby French,1,1,0
Actor,John Maclaren,1,1,0
Actor,Clarence Clemons,1,1,0
Actor,Timothy Eulich,1,1,0
Actor,Taito Ban,1,1,0
Actor,Danny Nucci,1,0,1
Actor,Ilham Shaheen,1,1,0
Actor,Sheila Campbell,1,1,0
Actor,Jérôme Kircher,1,0,1
Actor,Tsubasa Honda,1,1,0
Actor,Sabrina Hassan Abdulle,1,1,0
Actor,Camille Keaton,1,1,0
Actor,Nobuyuki Katsube,1,1,0
Actor,Robson Nunes,1,1,0
Actor,John Terry,1,1,0
Actor,Vito Viscuso,1,1,0
Actor,Marco Hernandez,1,1,0
Actor,Jeanine Yang,1,0,1
Actor,Radhika Menon,1,1,0
Actor,Olivier Thouret,1,1,0
Actor,Jessica Sanjuan,1,1,0
Actor,Andrzej Mrowiec,1,1,0
Actor,Ahmet Uz,1,1,0
Actor,Murugadoss,1,1,0
Actor,Máximo Hollander,1,1,0
Actor,Manjinder Virk,1,1,0
Actor,Atilla Kiliç,1,0,1
Actor,Gillian Jones,1,1,0
Actor,Farida Al-Gready,1,1,0
Actor,Anand Abhyankar,1,1,0
Actor,Keith Sequeira,1,1,0
Actor,Dwi Sasono,1,1,0
Actor,Emilram Cossío,1,1,0
Actor,Jóhann Sigurðarson,1,1,0
Actor,Cymbal Byrd,1,1,0
Actor,Wesley Barker,1,0,1
Actor,Miles Chandler,1,1,0
Actor,Sinan Çalışkanoğlu,1,1,0
Actor,Peter Mochrie,1,1,0
Actor,Marc Macaulay,1,1,0
Actor,Aleksandr Baluev,1,1,0
Actor,Iain Armitage,1,1,0
Actor,Pooja,1,1,0
Actor,Mariana Klaveno,1,1,0
Actor,Barbara Torres,1,0,1
Actor,Janet Montgomery,1,1,0
Actor,Marion Ross,1,1,0
Actor,Troi Zee,1,1,0
Actor,Jamie Davis,1,0,1
Actor,Denis Theriault,1,1,0
Actor,Sajjad Delafrooz,1,1,0
Actor,Pradeep Nagar,1,1,0
Actor,Bil Azali,1,0,1
Actor,Sarawut Phumthong,1,1,0
Actor,Rosalina Leigh,1,1,0
Actor,Corey Feldman,1,1,0
Actor,Ray Haratian,1,1,0
Actor,Lauren Spartano,1,1,0
Actor,Brian McGuinness,1,1,0
Actor,Jad Saxton,1,0,1
Actor,Annabelle Attanasio,1,1,0
Actor,Richard Rabago,1,0,1
Actor,Jenny Wade,1,1,0
Actor,Matias Varela,1,0,1
Actor,Michael Patrick Bell,1,0,1
Actor,Ali Asghar,1,1,0
Actor,Ken Olin,1,1,0
Actor,Shakil Imtiaz,1,1,0
Actor,Ayten Soykök,1,1,0
Actor,Justin Nimmo,1,0,1
Actor,Kanwaljit Singh,1,1,0
Actor,Karel Roden,1,1,0
Actor,Alex McArthur,1,1,0
Actor,Claire Coffee,1,1,0
Actor,Neha Sargam,1,0,1
Actor,Nandita Swetha,1,0,1
Actor,Tracey Walter,1,1,0
Actor,Livia Brito,1,0,1
Actor,Jade Asha,1,1,0
Actor,Ladislav Beran,1,1,0
Actor,Nattanun Jantarawetch,1,1,0
Actor,Georges St-Pierre,1,1,0
Actor,Abhishek Krishnan,1,1,0
Actor,Wolf Kahler,1,1,0
Actor,Qiu Yuen,1,1,0
Actor,Roopa Divatia,1,1,0
Actor,Warawut Poyim,1,0,1
Actor,Sergi Subirà,1,1,0
Actor,Jon Prasida,1,1,0
Actor,Cady Huffman,1,1,0
Actor,Aaron Marshall,1,1,0
Actor,Ken Lally,1,1,0
Actor,Jonathan Langdon,1,0,1
Actor,Joyce Walker,1,1,0
Actor,Jagpal Singh Chahal,1,1,0
Actor,Harry Sadeghi,1,1,0
Actor,Shmulik Levy,1,1,0
Actor,Reynaldo Gallegos,1,1,0
Actor,Victoria Smurfit,1,1,0
Actor,Carol Portes,1,1,0
Actor,Rajeshwari,1,1,0
Actor,Jianwen Zhang,1,1,0
Actor,Andy McAvin,1,1,0
Actor,René Kortekaas,1,1,0
Actor,Jimmy Núñez,1,0,1
Actor,James Sweeney,1,1,0
Actor,Roy Azman,1,0,1
Actor,Camille Lellouche,1,1,0
Actor,Ed Sanders,1,1,0
Actor,Grant Imahara,1,0,1
Actor,Luis Alberto García,1,0,1
Actor,Karina K.,1,1,0
Actor,Estelle Parsons,1,1,0
Actor,Nathan Grinberg,1,1,0
Actor,Tarik Ergin,1,0,1
Actor,Daniel Pacheco,1,0,1
Actor,Ernesto Sevilla,1,1,0
Actor,Michael Bublé,1,1,0
Actor,Hasan Küçükçetin,1,0,1
Actor,Phi Nguyen,1,1,0
Actor,Katerina D'Onofrio,1,1,0
Actor,Craig Behenna,1,0,1
Actor,Bikram Saluja,1,1,0
Actor,Naveen Kasturia,1,1,0
Actor,Alexandra Borbély,1,1,0
Actor,Dolly Shahin,1,1,0
Actor,Joo-eun Oh,1,0,1
Actor,Saidah Arrika Ekulona,1,1,0
Actor,Ashley Bell,1,1,0
Actor,Palash Sen,1,1,0
Actor,David Field,1,1,0
Actor,Lisa McGrillis,1,1,0
Actor,Michael Strickland,1,0,1
Actor,Lau Hak-Suen,1,1,0
Actor,Ken Hudson Campbell,1,1,0
Actor,Yaniv Moyal,1,1,0
Actor,Yasuaki Kurata,1,1,0
Actor,Nirmal Pandey,1,1,0
Actor,Keenan Wynn,1,1,0
Actor,Mara Bestelli,1,1,0
Actor,Charity James,1,1,0
Actor,Alison Doody,1,1,0
Actor,Forbes KB,1,1,0
Actor,Fatma Nasser,1,1,0
Actor,Steven Blades,1,1,0
Actor,Kimi Hsia,1,0,1
Actor,Garry Shandling,1,1,0
Actor,Grettell Valdez,1,0,1
Actor,Carlos Aragón,1,1,0
Actor,Kennedy Lea Slocum,1,1,0
Actor,Kate Bracken,1,1,0
Actor,Elli Thor Magnusson,1,1,0
Actor,Jamie Hallahan,1,1,0
Actor,Mohammad Amir Naji,1,1,0
Actor,Louis Pongphan Petchbuntoon,1,0,1
Actor,Mayko Nguyen,1,1,0
Actor,Tim Hopper,1,1,0
Actor,Orián Suárez,1,0,1
Actor,Ja Rule,1,1,0
Actor,Leila Jolene,1,0,1
Actor,Sean Hankinson,1,0,1
Actor,Neil Bhatt,1,0,1
Actor,Guillermo Furiase,1,1,0
Actor,Rajendra Kumar,1,1,0
Actor,Vic Mignogna,1,0,1
Actor,Michael Torontow,1,0,1
Actor,Claudio Santamaria,1,1,0
Actor,Debdut Ghosh,1,1,0
Actor,Faith Wladyka,1,1,0
Actor,Hira Hussain,1,1,0
Actor,Sebastián Marcelo Wainraich,1,1,0
Actor,Avy Randhawa,1,1,0
Actor,Ryan Newman,1,1,0
Actor,Federico Rivera,1,0,1
Actor,Ayub Khoso,1,1,0
Actor,Bahni Turpin,1,1,0
Actor,Jamie Bloch,1,0,1
Actor,Liz Kingsman,1,0,1
Actor,Melanie Paxson,1,1,0
Actor,Paulina Montemayor,1,1,0
Actor,Kanji Furutachi,1,0,1
Actor,Rayes Mohiuddin,1,1,0
Actor,Matila Malliarakis,1,0,1
Actor,Ben Bennett,1,1,0
Actor,Joanne Samuel,1,1,0
Actor,Jonell Green,1,1,0
Actor,Levi Miller,1,1,0
Actor,Carlos Santana,1,1,0
Actor,Jay Patterson,1,1,0
Actor,Tanya Reynolds,1,1,0
Actor,Karla Sue Krull,1,1,0
Actor,Sornram Tappituk,1,0,1
Actor,Ken Shorter,1,1,0
Actor,Carol McGuigan,1,1,0
Actor,Sulakshana Baruah,1,1,0
Actor,Chris Lee,1,0,1
Actor,Nigel Hawthorne,1,1,0
Actor,Paul Darnell,1,1,0
Actor,Cosima Shaw,1,0,1
Actor,Elvis Chin,1,0,1
Actor,Usman Mukhtar,1,1,0
Actor,Joe Billingiere,1,1,0
Actor,Lachlan Buchanan,1,1,0
Actor,Miles Koseleci-Vieira,1,0,1
Actor,Tommy Párraga,1,1,0
Actor,B.J. Britt,1,0,1
Actor,Kajal Kumari,1,1,0
Actor,Wayne Rogers,1,1,0
Actor,Justin Fashanu,1,1,0
Actor,Ebony Byrd Wesley,1,1,0
Actor,Xavier Beauvois,1,1,0
Actor,Jordan Calloway,1,1,0
Actor,Tom Barnett,1,1,0
Actor,Ted Hartley,1,1,0
Actor,Tulip Joshi,1,1,0
Actor,Umesh Shukla,1,1,0
Actor,Shotty Horroh,1,1,0
Actor,Millie Perkins,1,1,0
Actor,Marcus du Sautoy,1,0,1
Actor,Olivier Loustau,1,1,0
Actor,Joseph Mazzello,1,1,0
Actor,Saginaw Grant,1,1,0
Actor,Isabel Jeans,1,1,0
Actor,Jean-Baptiste Marcenac,1,1,0
Actor,Abdulmajeed Al-Ruhaidi,1,1,0
Actor,Suzette Ranillo,1,1,0
Actor,Zygmunt Hübner,1,1,0
Actor,Joel Heyman,1,0,1
Actor,Nathaniel Martello-White,1,0,1
Actor,William Powell,1,1,0
Actor,Mei Kurokawa,1,1,0
Actor,Alicia Gardiner,1,0,1
Actor,Tom Hern,1,0,1
Actor,Leónidas Chiri,1,1,0
Actor,Zhang Meng,1,0,1
Actor,Beo Rana Zafar,1,1,0
Actor,Willie Taylor,1,1,0
Actor,John Mellencamp,1,1,0
Actor,Nagesh Bhonsle,1,1,0
Actor,Dirk Bogarde,1,1,0
Actor,Gregory Snegoff,1,0,1
Actor,Lindsey Garrett,1,1,0
Actor,Taylor Frost,1,1,0
Actor,Roslyn Ruff,1,1,0
Actor,Davy Kaye,1,1,0
Actor,Smith Seth,1,1,0
Actor,Tay Zonday,1,1,0
Actor,Ian Ogilvy,1,1,0
Actor,Juri Ihata,1,0,1
Actor,Rodney Carrington,1,1,0
Actor,Ravi Kumar,1,1,0
Actor,Samuell Benta,1,0,1
Actor,Owen Davis,1,1,0
Actor,Paul Mercurio,1,1,0
Actor,Joe Egan,1,1,0
Actor,Tomás Manterola,1,1,0
Actor,Ayman Kandil,1,1,0
Actor,João Vicente de Castro,1,1,0
Actor,Brian O'Halloran,1,1,0
Actor,Bo Gritz,1,1,0
Actor,Aanand Kale,1,1,0
Actor,Ana López,1,1,0
Actor,Pierre Edwards,1,1,0
Actor,Mohammad Ahmad,1,1,0
Actor,Victoria Fairchild,1,1,0
Actor,Kap-soo Kim,1,1,0
Actor,Andrew Laing,1,0,1
Actor,Parris Mosteller,1,1,0
Actor,Tyler Fleming,1,1,0
Actor,Jock Soto,1,1,0
Actor,Ana Sofía Durán,1,1,0
Actor,Federico Finocchiaro,1,1,0
Actor,Maiko,1,0,1
Actor,Vicky R,1,1,0
Actor,Marta Brucart,1,1,0
Actor,Paul Bandey,1,0,1
Actor,Pantelis Kodogiannis,1,1,0
Actor,Edy Ganem,1,1,0
Actor,John Colicos,1,1,0
Actor,Gine Cornelia Pedersen,1,0,1
Actor,James Reilly,1,1,0
Actor,Samantha Esteban,1,0,1
Actor,Rick Keeling,1,0,1
Actor,Cayleb Long,1,1,0
Actor,Olka Szczęśniak,1,1,0
Actor,Marcus Chong,1,1,0
Actor,Sarah Steele,1,1,0
Actor,John Francis Daley,1,1,0
Actor,Rod Hallett,1,0,1
Actor,Richard Hope,1,0,1
Actor,Tang Yinuo,1,0,1
Actor,Jessica Lindsey,1,1,0
Actor,Teun Kuilboer,1,1,0
Actor,Monica May,1,0,1
Actor,Anthony Lister,1,1,0
Actor,Agniya Kuznetsova,1,0,1
Actor,Ae Sasikarn Aphichartworasilp,1,0,1
Actor,Zhan Yuhao,1,1,0
Actor,Joren Seldeslachts,1,0,1
Actor,Catherine St-Laurent,1,1,0
Actor,Marsha Wattanapanich,1,1,0
Actor,Christian Meier,1,1,0
Actor,Kazuhiro Kiyohara,1,0,1
Actor,Esha Amlani,1,1,0
Actor,Valin Shinyei,1,0,1
Actor,Fleur Delahunty,1,0,1
Actor,George Bush Sr.,1,1,0
Actor,Shivam Pradhan,1,1,0
Actor,Yamée Couture,1,1,0
Actor,Wale Akorede,1,1,0
Actor,Seeta Indrani,1,1,0
Actor,Sreela Mazumdar,1,1,0
Actor,Indra Chandran,1,1,0
Actor,Cricket St. John,1,1,0
Actor,Kim Ramirez,1,1,0
Actor,Sudipta Chakraborty,1,1,0
Actor,Jorge Sesán,1,1,0
Actor,Henry Prince Mak,1,1,0
Actor,Michael Bacon,1,0,1
Actor,Ben Freeman,1,1,0
Actor,Jennifer Hong,1,0,1
Actor,Seung-ho Yoo,1,0,1
Actor,Veeni Paranjape Joglekar,1,1,0
Actor,Gingle Wang,1,0,1
Actor,Jitendra Dasadiva,1,1,0
Actor,Alexander Gould,1,0,1
Actor,Mélissa Guilbert,1,1,0
Actor,Hung Wei,1,1,0
Actor,Hal Landon Jr.,1,1,0
Actor,Garvin Cross,1,1,0
Actor,Shido Nakamura,1,0,1
Actor,John Cassavetes,1,1,0
Actor,Tsisia Qumsishvili,1,1,0
Actor,Tarzan,1,1,0
Actor,Aziz Akazim,1,1,0
Actor,Christopher Khayman Lee,1,0,1
Actor,Anastasia Phillips,1,0,1
Actor,Adam Gussow,1,1,0
Actor,Greeva Kansara,1,1,0
Actor,Britt Flatmo,1,1,0
Actor,Thomas Blanchard,1,1,0
Actor,Mehmet Kurtulus,1,1,0
Actor,Mikey Post,1,1,0
Actor,Figs Jackman,1,1,0
Actor,Mark Williams,1,0,1
Actor,David Lambert,1,0,1
Actor,Fathy Abdel Wahab,1,1,0
Actor,Mimi Gamal,1,1,0
Actor,Kevin Phillips,1,1,0
Actor,Kaya Kiyohara,1,0,1
Actor,Eve Perry,1,0,1
Actor,Brian Setzer,1,1,0
Actor,Mark Povinelli,1,1,0
Actor,Jason Earles,1,1,0
Actor,Tom McKay,1,1,0
Actor,Gabrielle Stone,1,1,0
Actor,Musetta Vander,1,1,0
Actor,Leo Martini,1,1,0
Actor,Abhinav Shukla,1,0,1
Actor,Ron McClary,1,1,0
Actor,Gary Hershberger,1,0,1
Actor,Michael Kessler,1,1,0
Actor,Laura Breckenridge,1,1,0
Actor,Brian Stokes Mitchell,1,1,0
Actor,Allan Lima,1,1,0
Actor,Julie Kavner,1,1,0
Actor,Kate Nhung,1,1,0
Actor,Stephen Garlick,1,1,0
Actor,Osi Okerafor,1,1,0
Actor,Horton Foote,1,0,1
Actor,Doug Haley,1,1,0
Actor,Tommy Karlsen,1,0,1
Actor,Jacob Davich,1,1,0
Actor,Bailey Noble,1,1,0
Actor,Zina Bethune,1,1,0
Actor,Laurel Holloman,1,0,1
Actor,Fabianne Therese,1,1,0
Actor,Alejandra Procuna,1,0,1
Actor,Kamil Güler,1,0,1
Actor,Franklin Graham,1,1,0
Actor,Kama Kowalewska,1,1,0
Actor,Yorgo Voyagis,1,1,0
Actor,Kid Capri,1,1,0
Actor,Kathryn Mullen,1,1,0
Actor,Nicholas James Reilly,1,1,0
Actor,Jin-woo Kim,1,0,1
Actor,Geeta Bisht,1,1,0
Actor,Isy Suttie,1,0,1
Actor,Jay Shih,1,0,1
Actor,Melisa Caceres,1,0,1
Actor,Robert Plagnol,1,0,1
Actor,Kevin Christy,1,1,0
Actor,Bertrand Constant,1,0,1
Actor,Aviva Baumann,1,1,0
Actor,Ingrid Bolsø Berdal,1,1,0
Actor,Stella Gonet,1,0,1
Actor,Ali Azmat,1,1,0
Actor,Caitlin E.J. Meyer,1,1,0
Actor,Pavel Priluchnyy,1,0,1
Actor,Maja Komorowska,1,1,0
Actor,Amy Amika Klinprathum,1,0,1
Actor,Kiran Rathod,1,1,0
Actor,Tom Hines,1,1,0
Actor,Nichole Bloom,1,1,0
Actor,Takako Fuji,1,1,0
Actor,Vicky Peña,1,1,0
Actor,Jayne Atkinson,1,1,0
Actor,Lu Ying,1,0,1
Actor,Alison Akin Clark,1,1,0
Actor,Elijah Stevenson,1,0,1
Actor,Caren Pistorius,1,1,0
Actor,Nattasha Nauljam,1,1,0
Actor,Martin Hron,1,1,0
Actor,Barbara Sarafian,1,0,1
Actor,Jackson Antunes,1,1,0
Actor,Arkadiusz Bazak,1,1,0
Actor,Liesl Ahlers,1,1,0
Actor,Mike Yantzi,1,0,1
Actor,Joel Hodgson,1,0,1
Actor,Joseph Cure,1,1,0
Actor,Bill Moseley,1,1,0
Actor,Vrishasen Dabholkar,1,1,0
Actor,Natasha Domínguez,1,0,1
Actor,Seline Hizli,1,0,1
Actor,Sonia Hussain,1,1,0
Actor,Charlie Watts,1,1,0
Actor,Reiya Downs,1,0,1
Actor,Kathryn Morris,1,1,0
Actor,Neil Young,1,1,0
Actor,Paras Arora,1,1,0
Actor,Azealia Banks,1,1,0
Actor,Ana Begic,1,1,0
Actor,Andrew Günsberg,1,0,1
Actor,Silvanus Saow,1,1,0
Actor,Jenna Laurenzo,1,1,0
Actor,Charlotte d'Amboise,1,1,0
Actor,Jordan Gavaris,1,1,0
Actor,Randall Batinkoff,1,1,0
Actor,Monica Dolan,1,0,1
Actor,Jimmy Graham,1,1,0
Actor,Nathan Lovejoy,1,1,0
Actor,Harsha Bhavsar,1,1,0
Actor,Gianni Cavina,1,1,0
Actor,David Dastmalchian,1,1,0
Actor,Patrick Heusinger,1,1,0
Actor,Chu Sheng-ping,1,0,1
Actor,Carlos Castillo,1,1,0
Actor,Ali Sheikh,1,1,0
Actor,Napoleon Ryan,1,1,0
Actor,Alyson Kiperman,1,0,1
Actor,Oscar Copp,1,1,0
Actor,Scott Martin,1,1,0
Actor,Pam Dawber,1,1,0
Actor,Didi Conn,1,1,0
Actor,Kenan İmirzalıoğlu,1,0,1
Actor,Wei Lin,1,0,1
Actor,Travis Mills,1,0,1
Actor,Clover Nee,1,1,0
Actor,Wissam Fares,1,1,0
Actor,Yuya Endo,1,0,1
Actor,Kantapat Permpoonpatcharasuk,1,1,0
Actor,Joey Leong,1,0,1
Actor,Cheryl Ladd,1,1,0
Actor,Bo-ra Hwang,1,0,1
Actor,Chan-hee Kang,1,0,1
Actor,Cemil Özbayer,1,1,0
Actor,John Cygan,1,1,0
Actor,Varuth Waratham,1,1,0
Actor,Simone McAullay,1,0,1
Actor,Anuranjan Premji,1,1,0
Actor,Rik Mayall,1,0,1
Actor,Ruangroj Prachaya,1,0,1
Actor,Wale Adebayo,1,1,0
Actor,Billy Tyler,1,1,0
Actor,Julieth Restrepo,1,1,0
Actor,Sunil Tawde,1,1,0
Actor,Samrat Mukherjee,1,1,0
Actor,Julio Jung,1,1,0
Actor,Marilyn Norry,1,1,0
Actor,Susan Beaubian,1,1,0
Actor,Adam Crew,1,1,0
Actor,Alexandre Rodrigues,1,1,0
Actor,Amy Seimetz,1,1,0
Actor,Simon Bird,1,0,1
Actor,Parvez Khan,1,1,0
Actor,Raphael Alejandro,1,1,0
Actor,Okezie Morro,1,0,1
Actor,Alok Rajwade,1,1,0
Actor,Neil Hopkins,1,1,0
Actor,James Cavlo,1,1,0
Actor,Lindsay Karamoh,1,1,0
Actor,Bryan Casserly,1,1,0
Actor,Freddie Spencer,1,1,0
Actor,Aminaa Alfakharani,1,1,0
Actor,Aarif Rahman,1,1,0
Actor,Tony Oliver,1,0,1
Actor,Eddie Deezen,1,1,0
Actor,Azeez Khayoun,1,0,1
Actor,Umika Kawashima,1,0,1
Actor,Bruno Zanin,1,1,0
Actor,Liam Garrigan,1,0,1
Actor,Caroline Hjelt,1,1,0
Actor,Sammy Davis Jr.,1,1,0
Actor,Asuka Tanii,1,0,1
Actor,Marissa Mathes,1,1,0
Actor,Zara Phythian,1,1,0
Actor,Christine Tucci,1,1,0
Actor,Shreya Reddy,1,1,0
Actor,Aissa Maiga,1,1,0
Actor,Judith Hill,1,1,0
Actor,Sasha Craig,1,0,1
Actor,Necmi Yapıcı,1,1,0
Actor,Yim Chau-wah,1,1,0
Actor,Yasuhiro Takato,1,0,1
Actor,Rynn Lim,1,0,1
Actor,Hamada Helal,1,1,0
Actor,Pau Gasol,1,1,0
Actor,Rosanne Mulholland,1,1,0
Actor,Anndi McAfee,1,1,0
Actor,Louis Theroux,1,1,0
Actor,Thor Bishopric,1,0,1
Actor,Nicole Bilderback,1,1,0
Actor,Jay Simpson,1,1,0
Actor,Kate Bornstein,1,1,0
Actor,David Avery,1,0,1
Actor,Miina Tominaga,1,0,1
Actor,Du-shim Ko,1,0,1
Actor,Vincent Lindon,1,1,0
Actor,Antonio Reyes,1,0,1
Actor,Jin-soo Kim,1,0,1
Actor,Jung-an Chae,1,0,1
Actor,Leung Siu-lung,1,1,0
Actor,Jan Himilsbach,1,1,0
Actor,Rocío García,1,0,1
Actor,Makoto Nagai,1,0,1
Actor,Ruoyun Zhang,1,1,0
Actor,Harlem Globetrotters,1,1,0
Actor,Mikhail Filippov,1,1,0
Actor,Paty Cofré,1,1,0
Actor,Meyer DeLeeuw,1,0,1
Actor,Kurt Carley,1,1,0
Actor,Dinesh Anand,1,1,0
Actor,Peter Thomas,1,0,1
Actor,Chatchawit Techarukpong,1,0,1
Actor,Noel O'Donovan,1,1,0
Actor,Koustubh Jayakumar,1,1,0
Actor,Se-ha Ahn,1,0,1
Actor,Rosalind Harris,1,1,0
Actor,Seung-soo Ryu,1,1,0
Actor,Fabiola Alarcón,1,1,0
Actor,Mahesh Babu,1,1,0
Actor,Gloria Toba,1,1,0
Actor,Eugen Sandow,1,0,1
Actor,Alexandra Harris,1,1,0
Actor,Catherine Vinatier,1,0,1
Actor,Karen Martínez,1,0,1
Actor,Tanja Schleiff,1,0,1
Actor,Will Stephen,1,1,0
Actor,Roger Aaron Brown,1,1,0
Actor,Lam Chi-chung,1,1,0
Actor,Michael Herman,1,1,0
Actor,O.C. Brown,1,1,0
Actor,Nicole Boivin,1,0,1
Actor,Ramón Langa,1,0,1
Actor,Bruce Blain,1,1,0
Actor,Michelle Brookhurst,1,1,0
Actor,Ron O'Neal,1,1,0
Actor,J. Don Ferguson,1,1,0
Actor,Even Pedersen,1,0,1
Actor,Pramod Pathak,1,1,0
Actor,Anita Kanwar,1,1,0
Actor,Stanislaw Tym,1,1,0
Actor,Victoria Haralabidou,1,0,1
Actor,Phil Collins,1,1,0
Actor,Alicia Quiñonez,1,1,0
Actor,Miu Tomita,1,0,1
Actor,Tantimedh Chisanusha,1,0,1
Actor,Margaret Colin,1,1,0
Actor,Diana Szeinblum,1,1,0
Actor,Dandy Barrett,1,1,0
Actor,Eva Fernández,1,0,1
Actor,Emelie Hanif,1,0,1
Actor,Mali Harries,1,0,1
Actor,Victoria Zeutzius,1,1,0
Actor,Sally Martin,1,0,1
Actor,Roberta Maxwell,1,1,0
Actor,Sidney Blackmer,1,1,0
Actor,Jake Smith,1,1,0
Actor,Franciszek Pieczka,1,1,0
Actor,Liza Tarbuck,1,0,1
Actor,Jo Stone,1,1,0
Actor,Stephanie Schildknecht,1,1,0
Actor,Nick Golterman,1,1,0
Actor,Yorke Sun,1,0,1
Actor,Mirei Kiritani,1,0,1
Actor,Michael Cyril Creighton,1,1,0
Actor,Jeffrey DeMunn,1,1,0
Actor,Ely Henry,1,1,0
Actor,Loren Cordain,1,1,0
Actor,Emily Bauer,1,0,1
Actor,Swandand Raikar,1,1,0
Actor,Stephanie Bennett,1,0,1
Actor,Kevin Andrean,1,1,0
Actor,Jeanne Werner,1,1,0
Actor,Yang Shuming,1,0,1
Actor,Nick Pawlow,1,1,0
Actor,Yang Chiang,1,1,0
Actor,Ryusei Fujii,1,0,1
Actor,Alok Gagdekar,1,1,0
Actor,Juraj Kukura,1,1,0
Actor,Wang Xu Dong,1,0,1
Actor,Gabriel Bateman,1,1,0
Actor,Gottfried John,1,1,0
Actor,Harleen Kaur,1,1,0
Actor,Dawn Yeoh,1,0,1
Actor,Jason Wishnowski,1,1,0
Actor,Tadahiro Nakamura,1,0,1
Actor,Fionna Hewitt-Twamley,1,1,0
Actor,Müge Uyar,1,0,1
Actor,Monika Oschek,1,0,1
Actor,Alex Dobrenko,1,1,0
Actor,Cole Jensen,1,1,0
Actor,Maru Dueñas,1,0,1
Actor,Mihalis Lambrinos,1,1,0
Actor,Peter Whitford,1,1,0
Actor,May Kassab,1,1,0
Actor,Sivakumar Palakrishnan,1,1,0
Actor,Ai Weiwei,1,1,0
Actor,Felipe Tututi,1,1,0
Actor,Vincent Launay-Franceschini,1,1,0
Actor,Erman Okay,1,0,1
Actor,Christian Robinson,1,1,0
Actor,Pawarith Monkolpisit,1,1,0
Actor,Goizalde Núñez,1,1,0
Actor,Chi Ming Lau,1,1,0
Actor,Harry Caesar,1,1,0
Actor,Cory Peterson,1,1,0
Actor,Aman Hundal,1,1,0
Actor,Jerry Stovin,1,1,0
Actor,Nacho Coronado,1,1,0
Actor,Veerle Baetens,1,0,1
Actor,Fanesa Kayla,1,1,0
Actor,Hans Zimmer,1,1,0
Actor,Nora Fatehi,1,1,0
Actor,Matthias Habich,1,1,0
Actor,Nadia Brian,1,0,1
Actor,Joseph Castanon,1,1,0
Actor,James Handy,1,1,0
Actor,Ed Nelson,1,1,0
Actor,Hidenobu Kiuchi,1,0,1
Actor,Subbu Talabi,1,1,0
Actor,Wrenn Schmidt,1,1,0
Actor,Black Deniro,1,1,0
Actor,Alexz Johnson,1,1,0
Actor,Jeannine Wacker,1,1,0
Actor,Sarwar Ahuja,1,0,1
Actor,Kushal Chakraborty,1,1,0
Actor,Aarti Patel,1,1,0
Actor,Hee-jeong Kim,1,0,1
Actor,Gabriela Freire,1,1,0
Actor,Eugene Lipinski,1,0,1
Actor,Adoor Ajayan,1,1,0
Actor,Eric Etebari,1,1,0
Actor,4Minute,1,1,0
Actor,Ivan Raimi,1,1,0
Actor,Esma Abouzahra,1,1,0
Actor,Ian Karmel,1,0,1
Actor,Zhou Bo,1,0,1
Actor,Andrew Hawley,1,1,0
Actor,Tiffany Pisani,1,1,0
Actor,Khadija Alakel,1,1,0
Actor,Ellie James,1,1,0
Actor,KaramVeer Chaudhary,1,1,0
Actor,Eye Warapairin Laphatsanitirot,1,0,1
Actor,Francisco Denis,1,0,1
Actor,Hikaru Ueda,1,0,1
Actor,Adam Collins,1,1,0
Actor,Gail O'Grady,1,1,0
Actor,Muhadkly Acho,1,1,0
Actor,Connor Trinneer,1,0,1
Actor,Susan Yeagley,1,1,0
Actor,Pablo Cruz,1,1,0
Actor,Bessarion Udesiani,1,1,0
Actor,Julie Graham,1,0,1
Actor,Devyn Dalton,1,1,0
Actor,Romain Duris,1,1,0
Actor,Kalilah Harris,1,1,0
Actor,Todd Field,1,1,0
Actor,Dominique Van Malder,1,1,0
Actor,Angel Coulby,1,0,1
Actor,Renato López,1,1,0
Actor,Li Ming Hu,1,0,1
Actor,Alejandro Buitrago,1,0,1
Actor,Nadezhda Markina,1,1,0
Actor,Bruno Campos,1,1,0
Actor,Riann Steele,1,0,1
Actor,Otig Pakis,1,1,0
Actor,Mir Afsar Ali,1,1,0
Actor,Noo-Ri Bae,1,0,1
Actor,Leilani Sarelle,1,1,0
Actor,Ozan Osmanpaşaoğlu,1,0,1
Actor,Henry Paulson,1,1,0
Actor,Danuta Kowalska,1,1,0
Actor,Akito Kiriyama,1,0,1
Actor,John Carroll,1,1,0
Actor,Kathy Ireland,1,1,0
Actor,Riley Hawk,1,0,1
Actor,Piotr Głowacki,1,1,0
Actor,Raúl Hochman,1,1,0
Actor,Lane Nishikawa,1,1,0
Actor,Davika Hoorne,1,1,0
Actor,Bob Stoop,1,1,0
Actor,Da-Ye Kim,1,0,1
Actor,Frankie Cordero,1,0,1
Actor,Clem Tibber,1,1,0
Actor,Salma Lahmer,1,1,0
Actor,Aashif Sheikh,1,1,0
Actor,Mia Matthews,1,1,0
Actor,Aurora Yahya,1,1,0
Actor,Jewel Thais-Williams,1,1,0
Actor,Jonathan Patrick Moore,1,1,0
Actor,Wynton Odd,1,1,0
Actor,Diya Chalwad,1,1,0
Actor,Dakota Basseri,1,0,1
Actor,Arthur Shawcross,1,1,0
Actor,Bella Dally,1,0,1
Actor,Kevin Kolack,1,1,0
Actor,Seol-hyun Kim,1,1,0
Actor,Durdana Butt,1,1,0
Actor,Piotr Garlicki,1,1,0
Actor,Glen Campbell,1,1,0
Actor,Josh Elwell,1,0,1
Actor,Norlia Ghani,1,0,1
Actor,Pedro Correa,1,1,0
Actor,Genevieve Gorder,1,0,1
Actor,Édouard Tremblay-Grenier,1,1,0
Actor,Ivan Dobronravov,1,0,1
Actor,Claude Duhamel,1,1,0
Actor,James Piper,1,1,0
Actor,Chi Tai,1,1,0
Actor,Leonora Pitts,1,1,0
Actor,Louis Ozawa Changchien,1,1,0
Actor,Seong-kun Mun,1,1,0
Actor,Matt Doran,1,1,0
Actor,Shota Sometani,1,0,1
Actor,Johnny Wactor,1,1,0
Actor,Kimia Hosseini,1,1,0
Actor,Bam Pakakanya Charoenyos,1,0,1
Actor,Angie Diaz,1,0,1
Actor,Asha Sachdev,1,1,0
Actor,Jacques Bergerac,1,1,0
Actor,Saki Ogasawara,1,0,1
Actor,Lloyd Bridges,1,1,0
Actor,Shikha Shalu Varma,1,1,0
Actor,Erin Mullally,1,1,0
Actor,Bridget Christie,1,1,0
Actor,Nicole Brydon Bloom,1,1,0
Actor,Mariya Khomutova,1,1,0
Actor,Jérémie Laheurte,1,1,0
Actor,Abdullah Jan,1,1,0
Actor,Beata Nowicka,1,1,0
Actor,Justin Miles,1,1,0
Actor,Minori Omi,1,1,0
Actor,Tony Schiena,1,1,0
Actor,Neus Sanz,1,0,1
Actor,Hisako Manda,1,0,1
Actor,Chuck Low,1,1,0
Actor,Ashok Shinde,1,1,0
Actor,Will Millard,1,0,1
Actor,Matias Novoa,1,0,1
Actor,Ki-woo Lee,1,0,1
Actor,Zeb,1,0,1
Actor,Ted Duran,1,0,1
Actor,Lex Lang,1,0,1
Actor,Harvey Korman,1,1,0
Actor,Amanda Céline Miller,1,1,0
Actor,Eiza Gonzalez,1,0,1
Actor,Brigitte Poupart,1,1,0
Actor,Sylvia Hoeks,1,1,0
Actor,Géraldine Pailhas,1,0,1
Actor,Mikha Tambayong,1,1,0
Actor,Arun Joglekar,1,1,0
Actor,Jonah Weinberg,1,0,1
Actor,Philippe Duquesne,1,1,0
Actor,Joseph Zeng,1,0,1
Actor,Ilias Addab,1,1,0
Actor,Pascal Greggory,1,0,1
Actor,John Gray,1,1,0
Actor,Ravish Desai,1,1,0
Actor,Habib Ghuloom,1,1,0
Actor,Sebastian Perry,1,0,1
Actor,Carolina Dieckmann,1,1,0
Actor,Wang Baoqiang,1,1,0
Actor,Miho Tamaki,1,1,0
Actor,Bharat Chawda,1,1,0
Actor,Robert Gant,1,1,0
Actor,Sofia Vassilieva,1,1,0
Actor,Sheri Foster,1,1,0
Actor,Hallvard Holmen,1,0,1
Actor,Ramón O. Torres,1,1,0
Actor,Si Won Ryu,1,0,1
Actor,Jamie Simone,1,0,1
Actor,Chris Walley,1,1,0
Actor,Candy Devine,1,1,0
Actor,James Thomas,1,1,0
Actor,Jonathan Dumontier,1,1,0
Actor,Ruobing,1,0,1
Actor,Methinee Kingpayome,1,0,1
Actor,Ross Duffer,1,0,1
Actor,Charlotte Bradley,1,1,0
Actor,Izzy Stephens,1,1,0
Actor,Michael Bower,1,1,0
Actor,Mark Walton,1,1,0
Actor,Kelsey Scott,1,1,0
Actor,Archana Kotwal,1,1,0
Actor,Kenny Roberts,1,1,0
Actor,Hyper BB,1,1,0
Actor,Marty Adams,1,0,1
Actor,Leah Rose Randall,1,0,1
Actor,Sergio Bustamante,1,1,0
Actor,Yvonne Lim,1,0,1
Actor,Lorenzo Avvenenti,1,1,0
Actor,Larissa Galagher,1,1,0
Actor,Jemima West,1,1,0
Actor,Raja Ema,1,0,1
Actor,Mathis Touré,1,1,0
Actor,Henryka Janikowska,1,1,0
Actor,Ratko Turčinović,1,1,0
Actor,Kim Joo-hyuk,1,1,0
Actor,Tara Robinson,1,1,0
Actor,Bratya Basu,1,1,0
Actor,Lusia Strus,1,1,0
Actor,Alva Rogers,1,1,0
Actor,Kevin Thoms,1,0,1
Actor,Lea Padovani,1,1,0
Actor,Jennie Dundas,1,1,0
Actor,Aakash Pandey,1,1,0
Actor,Santiwithi Phrombut,1,0,1
Actor,Brendan Fehr,1,0,1
Actor,Mario Batali,1,1,0
Actor,Richie Campbell,1,0,1
Actor,TVV Ramanujam,1,1,0
Actor,Massimo Bottura,1,1,0
Actor,Jeff Lewis,1,0,1
Actor,Alese Johnson,1,0,1
Actor,Jemma Redgrave,1,1,0
Actor,Vrinda Gajendra,1,1,0
Actor,Tanya Newbould,1,1,0
Actor,Titus Welliver,1,1,0
Actor,Shaun Benson,1,1,0
Actor,Yashvit Sancheti,1,1,0
Actor,Han Qing,1,1,0
Actor,Patrick Magee,1,1,0
Actor,Sydney Schafer,1,1,0
Actor,Elvira Onetto,1,1,0
Actor,Suha Gezen,1,1,0
Actor,Zabou Breitman,1,1,0
Actor,M. Night Shyamalan,1,1,0
Actor,Christopher Moynihan,1,1,0
Actor,Neeta Mohindra,1,1,0
Actor,Stevie Wonder,1,1,0
Actor,Itziar Castro,1,1,0
Actor,Jung Hoon Lee,1,0,1
Actor,Costanza Andrade,1,1,0
Actor,Tomoyuki Dan,1,1,0
Actor,Gautam Gulati,1,1,0
Actor,Brian 'Sene' Marc,1,1,0
Actor,El Dasa,1,0,1
Actor,Heather Ripley,1,1,0
Actor,Catherine Jacob,1,1,0
Actor,Teri McMinn,1,1,0
Actor,Choe Hana,1,1,0
Actor,Kymsleen Kholie,1,1,0
Actor,Andrew Shaver,1,1,0
Actor,Aparajita Adhya,1,1,0
Actor,Ilene Graff,1,1,0
Actor,Malika,1,1,0
Actor,Jennifer Freeman,1,1,0
Actor,Shahab Hosseini,1,1,0
Actor,Willeke van Ammelrooy,1,1,0
Actor,Alê Abreu,1,1,0
Actor,Giorgi Tabidze,1,1,0
Actor,Josh Ryan Evans,1,1,0
Actor,Paulo Gorgulho,1,1,0
Actor,Hayley Vrana,1,1,0
Actor,Dan Futterman,1,1,0
Actor,Michael Sands,1,1,0
Actor,Maoni Talalua,1,1,0
Actor,Sumret Muengput,1,0,1
Actor,Umut Kırcalı,1,0,1
Actor,Said Tarchani,1,1,0
Actor,Miu Suzuki,1,0,1
Actor,James Cameron,1,1,0
Actor,Toney Montana,1,1,0
Actor,Sean McNamara,1,1,0
Actor,James Drury,1,1,0
Actor,Jake Borelli,1,1,0
Actor,Monica Louwerens,1,0,1
Actor,Chin Han,1,0,1
Actor,Berna Konur,1,1,0
Actor,Julie Harris,1,0,1
Actor,Vikram Kapadia,1,1,0
Actor,Jenny Gabrielle,1,1,0
Actor,Jordan Padreira,1,1,0
Actor,Mohd Samad,1,1,0
Actor,Mariana Mazza,1,1,0
Actor,Utpal Sawant,1,1,0
Actor,Albert Kong,1,1,0
Actor,Mark Renneker,1,1,0
Actor,Morgan Saylor,1,1,0
Actor,Lynette Narkle,1,1,0
Actor,A Boogie Wit tha Hoodie,1,0,1
Actor,Thomas McDonell,1,1,0
Actor,Pedro Rodman Rodriguez,1,1,0
Actor,Austin Stowell,1,1,0
Actor,Shanyn Leigh,1,1,0
Actor,Ragia Omran,1,1,0
Actor,Sayali Bhagat,1,1,0
Actor,Lydia Jordan,1,1,0
Actor,Patrick Tam,1,1,0
Actor,Nidhi Mahavan,1,1,0
Actor,Eugene Cernan,1,1,0
Actor,Valerie Landsburg,1,1,0
Actor,Rosie Shaw,1,1,0
Actor,Troian Bellisario,1,1,0
Actor,Vanessa Paradis,1,1,0
Actor,Casey Stoner,1,1,0
Actor,Leah Greenhaus,1,1,0
Actor,Elisha Cook Jr.,1,1,0
Actor,Raveena Singh,1,1,0
Actor,Remus Kam,1,0,1
Actor,2 Chainz,1,0,1
Actor,Payel Sarkar,1,1,0
Actor,Kristina Nicoll,1,0,1
Actor,Luka Jones,1,1,0
Actor,Runa Akiyama,1,0,1
Actor,Esteban Ávila,1,1,0
Actor,Kritteera Inpornwijit,1,0,1
Actor,Chris Doubek,1,1,0
Actor,Byeol Kang,1,1,0
Actor,Simon Farnaby,1,1,0
Actor,Yuchang Peng,1,1,0
Actor,Ashton Moio,1,1,0
Actor,David Boat,1,1,0
Actor,Joe Szula,1,1,0
Actor,Chuang Kai-Hsun,1,0,1
Actor,Jessica Lu,1,1,0
Actor,Chiaki Kuriyama,1,1,0
Actor,Wong Yu,1,1,0
Actor,Lavrenti Lopes,1,1,0
Actor,Seiki Chiba,1,1,0
Actor,Alex Hibbert,1,1,0
Actor,Michael Weston,1,1,0
Actor,Kang Byul,1,1,0
Actor,Jae-eung Lee,1,1,0
Actor,Lin Chi-ling,1,1,0
Actor,Michael A. Nickles,1,1,0
Actor,Celine Tran,1,1,0
Actor,Mauricio Mendoza,1,1,0
Actor,Misty Alli,1,1,0
Actor,David Blue,1,1,0
Actor,Mahesh Bhatt,1,1,0
Actor,Lynn Redgrave,1,1,0
Actor,Trevor Dawkins,1,1,0
Actor,Sakshi Bhat,1,1,0
Actor,Victor Mendes,1,1,0
Actor,Ho-cheol Lee,1,0,1
Actor,Seong-guk Choi,1,1,0
Actor,Andrew Robertt,1,1,0
Actor,Nozomu Kotaki,1,0,1
Actor,Mahesh Kothare,1,1,0
Actor,Calvin Lee,1,0,1
Actor,Reni Santoni,1,1,0
Actor,Josh O'Connor,1,1,0
Actor,Petchtai Wongkamlao,1,1,0
Actor,Leticia Brédice,1,1,0
Actor,Katharin 'Ladie K' Mraz,1,1,0
Actor,Rubén Rodríguez,1,1,0
Actor,Vasana Chalakorn,1,1,0
Actor,Yasmine Bleeth,1,1,0
Actor,Omar Silva,1,1,0
Actor,Lily Chakravarty,1,1,0
Actor,Gopal K. Singh,1,1,0
Actor,Louis Di Bianco,1,1,0
Actor,Yusra Warsama,1,1,0
Actor,Peter Stebbings,1,1,0
Actor,Sooraj Balaji,1,1,0
Actor,Jayne Wisener,1,1,0
Actor,Lubomir Misak,1,1,0
Actor,Mehmet Çevik,1,0,1
Actor,Jamie Harris,1,1,0
Actor,Reba McEntire,1,1,0
Actor,Andrea Germani,1,1,0
Actor,Riley Voelkel,1,1,0
Actor,Laura Flannery,1,1,0
Actor,Mahmoud al Massad,1,1,0
Actor,Thomas Barbusca,1,1,0
Actor,Harvey Scrimshaw,1,1,0
Actor,Paula Carruega,1,1,0
Actor,John Steadman,1,1,0
Actor,Robert Naylor,1,1,0
Actor,Kat Gellin,1,1,0
Actor,Quvenzhané Wallis,1,1,0
Actor,Seok-woo Kang,1,0,1
Actor,Dave Matthews,1,1,0
Actor,Min-ji Park,1,0,1
Actor,Jeremy McWilliams,1,1,0
Actor,Lucy Pinder,1,1,0
Actor,Maximilian Schell,1,1,0
Actor,Nick Krause,1,1,0
Actor,Davina McCall,1,0,1
Actor,Patrizio Rispo,1,1,0
Actor,Jamie Harrold,1,1,0
Actor,Fergus Craig,1,0,1
Actor,Adrián Uribe,1,1,0
Actor,Munenori Nagano,1,0,1
Actor,Carl Ng,1,1,0
Actor,Barry Atsma,1,1,0
Actor,Kay Huang,1,0,1
Actor,Eileen Heckart,1,1,0
Actor,Aria Pandya,1,1,0
Actor,Enhe Feng,1,1,0
Actor,Britta Phillips,1,1,0
Actor,Jennifer L. Yen,1,0,1
Actor,Kulappulli Leela,1,1,0
Actor,Nicholas Wittman,1,0,1
Actor,Neil Thackaberry,1,1,0
Actor,Jordan T. Wilson,1,1,0
Actor,Boris Kodjoe,1,1,0
Actor,Julian Wadham,1,1,0
Actor,Augie Duke,1,1,0
Actor,Federico Pedroni,1,0,1
Actor,Suman Banerjee,1,1,0
Actor,Sarah-Jeanne Labrosse,1,1,0
Actor,Nita Sarun,1,1,0
Actor,Susan Vidler,1,1,0
Actor,Sonja Richter,1,0,1
Actor,Sanya Shamshad,1,0,1
Actor,Jed Brophy,1,0,1
Actor,Sema Poyraz,1,1,0
Actor,Dub Taylor,1,1,0
Actor,Jesse James,1,1,0
Actor,Kate Greenhouse,1,1,0
Actor,Alyssa Sutherland,1,0,1
Actor,Pierre Salvadori,1,1,0
Actor,Massimiliano Tortora,1,1,0
Actor,Nina Meurisse,1,0,1
Actor,Duban Prado,1,1,0
Actor,Namya Saxena,1,1,0
Actor,Rebecca Miller,1,1,0
Actor,Natalia Warner,1,1,0
Actor,Eva Dedova,1,0,1
Actor,Claudia Dammert,1,1,0
Actor,Huang Lei,1,1,0
Actor,Patricia Hittler,1,1,0
Actor,Tony Tsz-Tung Wu,1,1,0
Actor,Elsa Biedermann,1,1,0
Actor,Richard Collins-Moore,1,1,0
Actor,Amy Matysio,1,1,0
Actor,Dave,1,1,0
Actor,Max Matveev,1,0,1
Actor,David Maldonado,1,1,0
Actor,Rhiannon Fish,1,1,0
Actor,Santiago Moure,1,0,1
Actor,Hachem Hicham,1,1,0
Actor,Anjori Alagh,1,1,0
Actor,Gene Simmons,1,1,0
Actor,Marcel Borràs,1,1,0
Actor,Elizabeth Irving,1,1,0
Actor,Kei Shindo,1,0,1
Actor,Shefali,1,1,0
Actor,Thomas Stipsits,1,0,1
Actor,Hakan Gerçek,1,0,1
Actor,John Roberts,1,1,0
Actor,Kate Cobb,1,1,0
Actor,Lara Robinson,1,1,0
Actor,Gabriela Araujo,1,1,0
Actor,Ayo Ogunshina,1,1,0
Actor,Seong-mo Jeong,1,0,1
Actor,Shim Eun-kyung,1,1,0
Actor,Popetorn Soonthornyanakij,1,1,0
Actor,Adeel Hashmi,1,1,0
Actor,Abhishek H.N.,1,1,0
Actor,Brendee Green,1,1,0
Actor,Charles Hallahan,1,1,0
Actor,Ingrid Guimarães,1,1,0
Actor,Warren Rusher,1,1,0
Actor,Hilary Rose,1,1,0
Actor,Alex Veadov,1,1,0
Actor,Emilia Drago,1,1,0
Actor,Tomás Hanák,1,1,0
Actor,Fanny Bernth,1,0,1
Actor,Taliana Vargas,1,0,1
Actor,Shree Cooks,1,1,0
Actor,Jamie Kenna,1,1,0
Actor,Sharon Percy,1,1,0
Actor,Supatra Roongsawang,1,1,0
Actor,Tygo Gernandt,1,1,0
Actor,Richard Portnow,1,1,0
Actor,Chris Hardwick,1,1,0
Actor,Steven Yaffee,1,1,0
Actor,Jordan Fry,1,1,0
Actor,Trent Haaga,1,1,0
Actor,Peter Ostrum,1,1,0
Actor,Ace Harney,1,1,0
Actor,Andrew Dice Clay,1,1,0
Actor,Scott Parker,1,1,0
Actor,Aleksandr Pikalov,1,0,1
Actor,Ernest Chong,1,0,1
Actor,Tom Poon,1,1,0
Actor,Alla Tumanian,1,1,0
Actor,Rae Gray,1,1,0
Actor,Evans Evans,1,1,0
Actor,Homare Sawa,1,0,1
Actor,Reeve Carney,1,0,1
Actor,Gulshan Bawra,1,1,0
Actor,Pooja Ruparel,1,1,0
Actor,Laura Neiva,1,1,0
Actor,Dante Han,1,1,0
Actor,Roman Skamene,1,1,0
Actor,Mark Williams-Thomas,1,0,1
Actor,Lorena McGregor,1,1,0
Actor,Leiya Gao,1,0,1
Actor,BTS,1,1,0
Actor,Benjamin Siksou,1,1,0
Actor,Erin Cahill,1,0,1
Actor,Andrew Divoff,1,1,0
Actor,Doug Cox,1,1,0
Actor,Enric Benavent,1,1,0
Actor,Akiya Henry,1,0,1
Actor,Andrew Gillies,1,1,0
Actor,Arnar Páll Harðarson,1,1,0
Actor,Julia Winter,1,1,0
Actor,Linda Kennedy,1,1,0
Actor,Jared Kemp,1,1,0
Actor,Pierre Angelo,1,0,1
Actor,Amari Avery,1,1,0
Actor,Justin Lieberman,1,1,0
Actor,Amruta Patki,1,1,0
Actor,Philip Mould,1,0,1
Actor,Marek Kondrat,1,1,0
Actor,Cliff De Young,1,1,0
Actor,Omar Aljabri,1,1,0
Actor,Soma Chhaya,1,1,0
Actor,Jack Lemmon,1,1,0
Actor,Peyton Kennedy,1,0,1
Actor,Sophie Letourneur,1,1,0
Actor,Nick Clark,1,1,0
Actor,Ernie Joseph,1,1,0
Actor,Volkan Ünal,1,1,0
Actor,Devin Blackmon,1,1,0
Actor,Wendell Ramos,1,1,0
Actor,Younes Bachir,1,1,0
Actor,Merila Zare'i,1,1,0
Actor,Hsiu-Fu Liu,1,0,1
Actor,Cindy Katz,1,1,0
Actor,Merry Clayton,1,1,0
Actor,Bayron Lebli,1,1,0
Actor,Philippe Rebbot,1,1,0
Actor,Rolando T. Inocencio,1,1,0
Actor,Kamolned Ruengsri,1,1,0
Actor,James G. Nunn,1,1,0
Actor,Gerry Dee,1,1,0
Actor,Andrea Lynn Green,1,1,0
Actor,You Yong,1,0,1
Actor,Dorothy Carroll,1,1,0
Actor,Manasi Salvi,1,1,0
Actor,Ali Cook,1,1,0
Actor,Jenny Pellicer,1,1,0
Actor,Der Doksadao,1,1,0
Actor,Kumar Varun,1,0,1
Actor,John Roohinian,1,1,0
Actor,Lachion Buckingham,1,1,0
Actor,Araceli Dvoskin,1,1,0
Actor,Jim Codrington,1,1,0
Actor,Molly Burnett,1,1,0
Actor,Hwa-young Ryu,1,0,1
Actor,Firat Çelik,1,0,1
Actor,Jaime Blanch,1,0,1
Actor,Molly Jackson,1,1,0
Actor,Soon-won Lee,1,1,0
Actor,Linda Molloy,1,1,0
Actor,Harold Shipman,1,0,1
Actor,Yong Hwan Kwak,1,0,1
Actor,Sheila Sim,1,0,1
Actor,Dido Dela Paz,1,1,0
Actor,Margherita Donato,1,1,0
Actor,Se-jin Park,1,0,1
Actor,Marshall Napier,1,1,0
Actor,Diego Ramos,1,1,0
Actor,Shan Cheng-ju,1,0,1
Actor,Berg Lee,1,0,1
Actor,Pamela Afesi,1,1,0
Actor,Hae-soo Park,1,0,1
Actor,Saskia Maarleveld,1,0,1
Actor,Flavor Flav,1,1,0
Actor,Paul Capsis,1,1,0
Actor,Josephine Raahauge,1,1,0
Actor,Ryan Howard,1,1,0
Actor,Olga Valentina,1,1,0
Actor,Sam Horrigan,1,1,0
Actor,Ewen Leslie,1,1,0
Actor,Jimmy Hibbert,1,0,1
Actor,Terry McGurrin,1,0,1
Actor,Chelcie May,1,1,0
Actor,Stanley Unwin,1,1,0
Actor,Larry Owens,1,1,0
Actor,Deobia Oparei,1,1,0
Actor,Marianna Palka,1,1,0
Actor,Sam Gold,1,0,1
Actor,Mert Fırat,1,1,0
Actor,Michael Maloney,1,0,1
Actor,Shannon Kane,1,1,0
Actor,Daniel Zacapa,1,1,0
Actor,Kelly Rowan,1,1,0
Actor,Wayne Chua,1,0,1
Actor,Alejandro Sieveking,1,0,1
Actor,Yehuda Levi,1,0,1
Actor,Nuria Prims,1,1,0
Actor,Monica Sayangbati,1,1,0
Actor,Sonya Balmores,1,1,0
Actor,Mustafa Haridi,1,1,0
Actor,Ross Noble,1,1,0
Actor,Fumio Demura,1,1,0
Actor,Waraphat Phatsathit,1,1,0
Actor,Li Yiqing,1,1,0
Actor,Hayden Byerly,1,0,1
Actor,Paul Kalkbrenner,1,1,0
Actor,Angelic Zambrana,1,1,0
Actor,Evgeniy Koshevoy,1,0,1
Actor,Carl Lee,1,1,0
Actor,Eisaya Hosuwan,1,1,0
Actor,Liam Ainsworth,1,1,0
Actor,Anthony Ma,1,1,0
Actor,Misako Renbutsu,1,1,0
Actor,Jae-yee Goo,1,0,1
Actor,Falz The Bahd Guy,1,1,0
Actor,Tao Somchai Khemklad,1,0,1
Actor,Trilby Glover,1,1,0
Actor,Anna Paik,1,0,1
Actor,Jane Daly,1,1,0
Actor,Andrew J. West,1,1,0
Actor,Adriana Altaras,1,1,0
Actor,Sandra Mae Frank,1,1,0
Actor,Brune Martin,1,0,1
Actor,Julián Díaz,1,0,1
Actor,Denisse Dibós,1,1,0
Actor,Szabolcs Thuróczy,1,1,0
Actor,Jen Taylor,1,1,0
Actor,Georgina Castro,1,0,1
Actor,Jacqueline Bracamontes,1,0,1
Actor,Rob North,1,0,1
Actor,Siddharth Chandekar,1,1,0
Actor,Neimus K. Williams,1,1,0
Actor,Salma Hasan,1,0,1
Actor,Ankush Dubey,1,1,0
Actor,Charudatta Bhagwat,1,1,0
Actor,Simone Craddock,1,0,1
Actor,Rishi Gambhir,1,1,0
Actor,Maha Sabry,1,1,0
Actor,Byung-hun Lee,1,1,0
Actor,Tyler Elliot Burke,1,1,0
Actor,Sarinrat Thomas,1,1,0
Actor,Fernando Argosino,1,1,0
Actor,So-yeon,1,1,0
Actor,Hayden Connett,1,0,1
Actor,Betty Ting Pei,1,1,0
Actor,Lorcan Cranitch,1,1,0
Actor,Sam Robert Muik,1,1,0
Actor,Vanessa Angel,1,1,0
Actor,Calvin Roberson,1,0,1
Actor,Pablo Granados,1,1,0
Actor,Brendan Fairclough,1,1,0
Actor,Arthur Bostrom,1,0,1
Actor,Hisashi Miyazawa,1,1,0
Actor,Krishang Trivedi,1,1,0
Actor,Ben Turner,1,1,0
Actor,Jairam Kulkarni,1,1,0
Actor,Dominic MacHale,1,1,0
Actor,Rachel Harrison,1,1,0
Actor,Joo-hyung Park,1,0,1
Actor,Reynold Hamzah,1,1,0
Actor,Guilherme Winter,1,1,0
Actor,Kayla Wallace,1,1,0
Actor,Alejandro Patiño,1,1,0
Actor,Dody Goodman,1,1,0
Actor,Robert Joy,1,1,0
Actor,Dawn French,1,1,0
Actor,Gopal Dutt,1,0,1
Actor,Sencer Serta,1,0,1
Actor,Catalina Saavedra,1,0,1
Actor,Orkhan Abulov,1,0,1
Actor,Ha-yeon Kim,1,0,1
Actor,Nadia Simms,1,1,0
Actor,Isabel Benet,1,1,0
Actor,Shataf Figar,1,1,0
Actor,Sanjay Chaudhri,1,1,0
Actor,Edward Lee,1,0,1
Actor,Natali Broods,1,0,1
Actor,Dor Yodrak,1,1,0
Actor,Céline Sallette,1,0,1
Actor,Kate Sheldon,1,0,1
Actor,R.R. Melati Pinaring,1,1,0
Actor,Lilou Fogli,1,1,0
Actor,Baby Gazala,1,1,0
Actor,Louise Chong,1,0,1
Actor,Brent Langdon,1,1,0
Actor,Erica Piccininni,1,1,0
Actor,David Bailie,1,1,0
Actor,Sigrid Bouaziz,1,1,0
Actor,Ken Wong,1,0,1
Actor,José Elías Moreno,1,0,1
Actor,Shishir Inocalla,1,0,1
Actor,Peter Sellers,1,1,0
Actor,Go Eun Han,1,0,1
Actor,Giselle Calderón,1,0,1
Actor,Christa Campbell,1,1,0
Actor,Rodrigo Salinas,1,1,0
Actor,Gerald Urquhart,1,0,1
Actor,Gil Darnell,1,1,0
Actor,Virginia Louise Smith,1,1,0
Actor,Dean Choe,1,0,1
Actor,Ravi Coltrane,1,1,0
Actor,Aylín Mujica,1,0,1
Actor,Gonzalo Ruiz,1,1,0
Actor,Hernán Romero,1,1,0
Actor,Michael O’Neill,1,1,0
Actor,Mitchell Ryan,1,1,0
Actor,Florencia Torrente,1,1,0
Actor,Jeremy Foley,1,1,0
Actor,Will King,1,1,0
Actor,Sebastian Cavazza,1,1,0
Actor,Clayton Hoff,1,1,0
Actor,Ryoko Ono,1,0,1
Actor,Hüseyin Soysalan,1,1,0
Actor,Bevin Bru,1,1,0
Actor,Pablo Bossi,1,1,0
Actor,Mete Horozoğlu,1,1,0
Actor,Min-kyu Lee,1,0,1
Actor,Birna Rún Eiríksdóttir,1,0,1
Actor,Mithraboomi Saravanan,1,1,0
Actor,Pelin Körmükçü,1,1,0
Actor,Ji-min Han,1,1,0
Actor,David Gulpilil,1,1,0
Actor,Richard Libertini,1,1,0
Actor,Elaine Bilstad,1,1,0
Actor,Aki Kanada,1,0,1
Actor,Hye-young Ryu,1,1,0
Actor,Tanya Fear,1,0,1
Actor,Victoria Bewick,1,1,0
Actor,Thanuja Karthik,1,1,0
Actor,Christina Jacquelyn Calph,1,1,0
Actor,Angel Bismark Curiel,1,1,0
Actor,Ben Ng,1,0,1
Actor,Chuan-Chen Yeh,1,0,1
Actor,Aarón Díaz,1,0,1
Actor,Atul Parchure,1,0,1
Actor,Captain Lou Albano,1,0,1
Actor,Ikuji Nakamura,1,0,1
Actor,Edward Platt,1,1,0
Actor,Jinu Joseph,1,1,0
Actor,Molly McMichael,1,1,0
Actor,Davey Grant,1,1,0
Actor,Richard Karron,1,1,0
Actor,Colin Moy,1,1,0
Actor,Kentarô Itô,1,1,0
Actor,Zofia Kucówna,1,1,0
Actor,Sydney Elise Johnson,1,1,0
Actor,Kayli Mills,1,1,0
Actor,Sujith Shankar,1,1,0
Actor,Jin-hong Bae,1,0,1
Actor,Christie Peruso,1,1,0
Actor,Giorgia Boni,1,0,1
Actor,Kajal Jain,1,0,1
Actor,Michelle Lang,1,0,1
Actor,Catherine Tate,1,1,0
Actor,Brad Bird,1,1,0
Actor,Miguel Noguera,1,1,0
Actor,Gaurish Gawade,1,1,0
Actor,Consuelo Vega,1,1,0
Actor,Claudia Celedón,1,0,1
Actor,Maurice Chevalier,1,1,0
Actor,Ryan Baumann,1,1,0
Actor,Daniel Lissing,1,0,1
Actor,Dennis Lebby,1,1,0
Actor,Ronjini Chakroborty,1,1,0
Actor,Benny Emmanuel,1,0,1
Actor,Olwen Catherine Kelly,1,1,0
Actor,Robert O'Mahoney,1,1,0
Actor,Muhammed Kirtan,1,1,0
Actor,Jung-hwan Ahn,1,0,1
Actor,Ombo Gogo Ombo,1,1,0
Actor,Verónica Llinás,1,0,1
Actor,Dulari,1,1,0
Actor,Augustin Valery,1,1,0
Actor,Taylor Abrahamse,1,0,1
Actor,Clu Gulager,1,1,0
Actor,Jacques Perrin,1,1,0
Actor,Joan Juliet Buck,1,1,0
Actor,Joe Cheng,1,0,1
Actor,Hishiko Woo,1,0,1
Actor,Sophia Ellis,1,1,0
Actor,Maud Adams,1,1,0
Actor,Brooklyn McLinn,1,1,0
Actor,Iris Bahr,1,1,0
Actor,Gilly Gilchrist,1,1,0
Actor,Matías Marmorato,1,1,0
Actor,Lombardo Boyar,1,1,0
Actor,Rajeev Ravindranathan,1,1,0
Actor,Piper Mackenzie Harris,1,1,0
Actor,Ana Chalentano,1,0,1
Actor,Sujith Sankar,1,1,0
Actor,Bridie Carter,1,1,0
Actor,Ya Hui,1,0,1
Actor,Warren Beatty,1,1,0
Actor,Dilip Salgaonkar,1,1,0
Actor,Phil Hartman,1,1,0
Actor,Cesar Romero,1,1,0
Actor,Charlie Cho,1,1,0
Actor,Lateef Adedimeji,1,1,0
Actor,Sharon Jones,1,1,0
Actor,Diana Fernández Pérez,1,1,0
Actor,Natalie Desselle,1,1,0
Actor,Ryken A. Whitfield,1,1,0
Actor,Francis Collins,1,1,0
Actor,Robert Bathurst,1,0,1
Actor,Gabriela Hernandez,1,1,0
Actor,Anikie Maguire,1,1,0
Actor,Dan Soder,1,0,1
Actor,Achyuth Kumar,1,1,0
Actor,Omar J. Dorsey,1,1,0
Actor,Katie Rushworth,1,0,1
Actor,Manuel Vicente,1,1,0
Actor,Ursula Strauss,1,0,1
Actor,Mahmoud Bu Shehri,1,0,1
Actor,Mishael Morgan,1,1,0
Actor,Cal Seville,1,1,0
Actor,Yuko Mita,1,0,1
Actor,Emanuele Vicorito,1,0,1
Actor,Derek Long,1,1,0
Actor,J. Elvis Weinstein,1,0,1
Actor,Pavleen Gujral,1,1,0
Actor,Mako Ishino,1,0,1
Actor,Megumi,1,0,1
Actor,Jeff Hoyt,1,1,0
Actor,Giles Matthey,1,1,0
Actor,Kevin McCarthy,1,1,0
Actor,Brian Presley,1,1,0
Actor,Catherine Winter,1,0,1
Actor,Levin Henning,1,1,0
Actor,Christelle Cornil,1,1,0
Actor,Vaishwath Shankar,1,1,0
Actor,David Gyasi,1,0,1
Actor,Alisha Khan,1,1,0
Actor,Alison Wandzura,1,1,0
Actor,Mac Brandt,1,1,0
Actor,Ladya Cheryll,1,1,0
Actor,Lyle Lovett,1,1,0
Actor,Silvia Pérez,1,0,1
Actor,Nina Richmond,1,1,0
Actor,Michelle Lehane,1,1,0
Actor,John Henry Faulk,1,1,0
Actor,Gulshan Saggi,1,1,0
Actor,Wood Harris,1,1,0
Actor,Wan-kyung Sung,1,0,1
Actor,Wang Man-chiao,1,0,1
Actor,Olive Petrucci,1,0,1
Actor,Marcus D'Angelo,1,1,0
Actor,Joel de la Fuente,1,0,1
Actor,Katie Maguire,1,1,0
Actor,Lei Huang,1,1,0
Actor,Michael Hogan,1,1,0
Actor,Dayo Akinpelu,1,1,0
Actor,Francis Weddey,1,1,0
Actor,Stuart Wilson,1,1,0
Actor,Hari Kondabolu,1,1,0
Actor,Joseph Lyle Taylor,1,1,0
Actor,William Ackman,1,1,0
Actor,Alycia Debnam-Carey,1,1,0
Actor,Mark Stoddard,1,0,1
Actor,Kris Lemche,1,1,0
Actor,Mari Hamada,1,0,1
Actor,K.G. Chandani Renuka Ratnayake,1,1,0
Actor,Christine Donlon,1,1,0
Actor,Laura Boujenah,1,1,0
Actor,Dan Joffre,1,1,0
Actor,Hak Jin,1,0,1
Actor,Benu Kalsi,1,1,0
Actor,Andreas Kundler,1,0,1
Actor,Camarón de la Isla,1,0,1
Actor,Ashwin Shukla,1,1,0
Actor,Anuradha Patel,1,1,0
Actor,Peerawat Herabat,1,1,0
Actor,Debra Wilson,1,0,1
Actor,Erin Darke,1,1,0
Actor,Lee Majors,1,1,0
Actor,Varun Kapoor,1,0,1
Actor,Metin Belgin,1,0,1
Actor,Erika Alexander,1,1,0
Actor,Cody Hackman,1,1,0
Actor,Michael Rose,1,1,0
Actor,Anita Wall,1,1,0
Actor,Wannisa Peungpa,1,1,0
Actor,Vivek Mushran,1,1,0
Actor,Callum Blue,1,1,0
Actor,Clark Middleton,1,1,0
Actor,John Singleton,1,1,0
Actor,Nupur Alankar,1,0,1
Actor,Hema Singh,1,1,0
Actor,Rachel Bilson,1,0,1
Actor,Stanislav Boklan,1,0,1
Actor,Monday Kang,1,0,1
Actor,Dean O'Gorman,1,1,0
Actor,Philip Proctor,1,1,0
Actor,Rumi Okubo,1,0,1
Actor,Chen Wan-ting,1,0,1
Actor,Aldan Shaikh,1,1,0
Actor,Skye Sutherland,1,1,0
Actor,Paulina Porizkova,1,1,0
Actor,French Tickner,1,1,0
Actor,Dinesh Panicker,1,1,0
Actor,Saurabh Saraswat,1,1,0
Actor,Logan Manus,1,1,0
Actor,Georgia Bradley,1,1,0
Actor,Valsala Menon,1,1,0
Actor,Ahn Sung-kee,1,1,0
Actor,Rita Rudaini,1,0,1
Actor,Ben VanderMey,1,1,0
Actor,Zachary Oyama,1,1,0
Actor,Mohan Kapoor,1,1,0
Actor,Bastián Inostroza,1,1,0
Actor,Sonya Leslie,1,1,0
Actor,Chacha Huang,1,1,0
Actor,Marcus Hester,1,1,0
Actor,Kimberly Reyes,1,0,1
Actor,Selenis Leyva,1,0,1
Actor,Davi Santos,1,1,0
Actor,Madison Cheeatow,1,0,1
Actor,Mahinder Nath,1,1,0
Actor,Joey Guila,1,1,0
Actor,Amir O'Neil,1,0,1
Actor,Harald Rosenstrøm,1,0,1
Actor,Larry Bates,1,0,1
Actor,Micah Stock,1,0,1
Actor,Anand Deverakonda,1,1,0
Actor,Andien,1,1,0
Actor,Anthony Norman,1,0,1
Actor,Kathy Domenici,1,1,0
Actor,Angelo Moore,1,1,0
Actor,Jessi Klein,1,0,1
Actor,Roxanne Barcelo,1,1,0
Actor,Ashlie Atkinson,1,1,0
Actor,Patricia Bull,1,1,0
Actor,Herman Tømmeraas,1,0,1
Actor,Mateusz Łasowski,1,1,0
Actor,Riva Quenery,1,0,1
Actor,Haifaa Adel,1,1,0
Actor,Ruby Jay,1,0,1
Actor,Kenny Basumatary,1,1,0
Actor,Ahmet Tansu Taşanlar,1,0,1
Actor,Cordae,1,0,1
Actor,Caitlin Doughty,1,0,1
Actor,Mike Hagerty,1,0,1
Actor,Emma Howard,1,1,0
Actor,Bhakti Shalini,1,1,0
Actor,Shylo Molina,1,1,0
Actor,Tiffany Elefano,1,0,1
Actor,Baby Bátiz,1,1,0
Actor,Miya Cech,1,1,0
Actor,Mert Öner,1,1,0
Actor,David Marciano,1,0,1
Actor,Michael Mittermeier,1,1,0
Actor,Annabel Wolfe,1,0,1
Actor,Antje Traue,1,1,0
Actor,Ching-He Huang,1,0,1
Actor,Victoria Cartagena,1,0,1
Actor,Jaz Sinclair,1,0,1
Actor,Kentaro Tone,1,0,1
Actor,Martha Higareda,1,0,1
Actor,Martin Hestbæk,1,1,0
Actor,Edmond Haddad,1,1,0
Actor,Tim Bee,1,0,1
Actor,Renata Notni,1,0,1
Actor,Ellen Bendu,1,0,1
Actor,Nasr Seif,1,1,0
Actor,Ben Browder,1,0,1
Actor,Mayella Lloclla,1,0,1
Actor,Pedro Mari Sánchez,1,0,1
Actor,Nathalie Seseña,1,1,0
Actor,Arkie Kandola,1,1,0
Actor,Margaret Lin,1,0,1
Actor,Katherine Escobar Farfan,1,0,1
Actor,Mindy Rickles,1,0,1
Actor,Derron Scott,1,1,0
Actor,Alain Françon,1,1,0
Actor,Gerald R. Molen,1,1,0
Actor,Sarah-Sofie Boussnina,1,0,1
Actor,Kadeem Hardison,1,0,1
Actor,Graham Agassiz,1,1,0
Actor,Sonia Couling,1,1,0
Actor,Alan Aisenberg,1,0,1
Actor,Sandeep Avchat,1,1,0
Actor,Gong Seung-yeon,1,0,1
Actor,Bruna Louise,1,0,1
Actor,Kim DeJesus,1,1,0
Actor,Kacey Rohl,1,0,1
Actor,Han Pengyi,1,0,1
Actor,Niklas Ekstedt,1,0,1
Actor,Melanie Straub,1,1,0
Actor,Javier Ponce,1,0,1
Actor,Nikki Hsieh,1,1,0
Actor,Christophe Lambert,1,1,0
Actor,Sello Maake Ka-Ncube,1,0,1
Actor,Areen Omari,1,1,0
Actor,Jordan Ver Hoeve,1,0,1
Actor,Humayun Shams Khan,1,1,0
Actor,James Denton,1,0,1
Actor,Rip Esselstyn,1,1,0
Actor,Ashwyn Mberi,1,1,0
Actor,Lena Kitsopoulou,1,1,0
Actor,Amir Salah,1,1,0
Actor,Jamie Bartlett,1,1,0
Actor,Vince Staples,1,1,0
Actor,Maciej Musiałowski,1,1,0
Actor,Ranjith,1,1,0
Actor,Danny Kaye,1,1,0
Actor,Tharaa Jubail,1,0,1
Actor,Thali García,1,0,1
Actor,Phenphet Phenkul,1,0,1
Actor,Emilio Gavira,1,1,0
Actor,Kristy Banerjee,1,1,0
Actor,Amanda Ebeye,1,1,0
Actor,Ayumi Roux,1,0,1
Actor,Alexandre Cioletti,1,0,1
Actor,Cynthia Evans,1,1,0
Actor,Alvin Sanders,1,1,0
Actor,Natsumi Takamori,1,0,1
Actor,Suun Lin,1,0,1
Actor,Ece Çeşmioğlu,1,1,0
Actor,Jesus Luz,1,0,1
Actor,Guillermo Blanco,1,0,1
Actor,Katrina Milosevic,1,0,1
Actor,Myles Evans,1,0,1
Actor,Susan Sameh,1,1,0
Actor,Robin Padilla,1,1,0
Actor,Panapong Khaisang,1,0,1
Actor,Maleeka Ghai,1,0,1
Actor,Joseph Anderson,1,1,0
Actor,Jannik Schümann,1,0,1
Actor,Ashvatt,1,1,0
Actor,Rincon Sapiência,1,0,1
Actor,Kanto Shimokura,1,1,0
Actor,Paul Choza,1,1,0
Actor,Paola Sotgiu,1,0,1
Actor,Eyrio Okura,1,1,0
Actor,Philip Froissant,1,1,0
Actor,Yu Xia,1,1,0
Actor,Samantha Dagnino,1,0,1
Actor,Jesuthasan Antonythasan,1,1,0
Actor,Ban Halaweh,1,0,1
Actor,Cainan Wiebe,1,1,0
Actor,Lee Bo-hee,1,0,1
Actor,Tyler Mane,1,0,1
Actor,Nour Al Ghandour,1,0,1
Actor,Jahangir Khan,1,1,0
Actor,Cuauhtémoc Duque,1,1,0
Actor,Osamu Shitara,1,1,0
Actor,Seth Gueko,1,1,0
Actor,Shen Teng,1,1,0
Actor,Pihu Myra Vishwakarma,1,1,0
Actor,Vorarit Fuangarom,1,0,1
Actor,Yassin Albokhari,1,1,0
Actor,Abdel Ghani Nagdi,1,1,0
Actor,Mary Kate Schellhardt,1,1,0
Actor,Abhishek Saha,1,1,0
Actor,Kim Sung-oh,1,0,1
Actor,Sam Reid,1,1,0
Actor,Issei Miyazaki,1,0,1
Actor,Ryan Ketzner,1,1,0
Actor,MC Eiht,1,1,0
Actor,King & Prince,1,0,1
Actor,Wei Yibo,1,0,1
Actor,Salim Kumar,1,1,0
Actor,Zhu Rongrong,1,0,1
Actor,Carlos Carrasco,1,1,0
Actor,Yoriko Angeline,1,1,0
Actor,Elisabetta Coraini,1,1,0
Actor,Kim Hyun-wook,1,0,1
Actor,Gabriel Luna,1,0,1
Actor,Gabby Concepcion,1,1,0
Actor,Oweiss Mkhallalati,1,0,1
Actor,Arushi Sharma,1,1,0
Actor,Cordelia Comando,1,1,0
Actor,Simone Kessell,1,0,1
Actor,Giordano Formenti,1,1,0
Actor,Dale Ishimoto,1,1,0
Actor,Sergio Nicolai,1,1,0
Actor,Shay Rudolph,1,0,1
Actor,Ina Raymundo,1,1,0
Actor,Lucas Margutti,1,1,0
Actor,Sandra Borgmann,1,1,0
Actor,Kristín Thóra Haraldsdóttir,1,1,0
Actor,Barbara Chichiarelli,1,0,1
Actor,Alycia  Pascual-Peña,1,1,0
Actor,Pip Pellens,1,1,0
Actor,Enrique Medina,1,1,0
Actor,Hampton Yount,1,0,1
Actor,Joe Nunez,1,1,0
Actor,Jung Han-bi,1,0,1
Actor,Game,1,1,0
Actor,Isaac Hernández,1,0,1
Actor,Sophia Di Martino,1,0,1
Actor,Roy Chang,1,0,1
Actor,Alejandra Sandoval,1,0,1
Actor,Emilyn Johnson-Ekpo,1,1,0
Actor,Felix Ceesay,1,1,0
Actor,Phuwin Tangsakyuen,1,0,1
Actor,Cheng Yi,1,1,0
Actor,Marisela Uscanga,1,1,0
Actor,Guillermo Guiz,1,1,0
Actor,Corin Nemec,1,0,1
Actor,Juan Diego Botto,1,0,1
Actor,Scott Jurek,1,1,0
Actor,Robin Das,1,1,0
Actor,Ida Elise Broch,1,0,1
Actor,Daniel Newman,1,1,0
Actor,Sapna Bassi,1,1,0
Actor,Marian Dziędziel,1,1,0
Actor,Kartikeya Gummakonda,1,1,0
Actor,Vince Swann,1,1,0
Actor,Myriam Hamma,1,1,0
Actor,Georgina Yankelevich,1,1,0
Actor,Jiang Long,1,0,1
Actor,Yin Zheng,1,1,0
Actor,George Sidhum,1,1,0
Actor,Fernando Larrañaga,1,0,1
Actor,Kane Robinson,1,0,1
Actor,Jannis Niewöhner,1,1,0
Actor,Dilşah Demir,1,1,0
Actor,Ethan Cohn,1,1,0
Actor,Avi Shnaidman,1,0,1
Actor,Toks Olagundoye,1,1,0
Actor,Szymon Roszak,1,1,0
Actor,Richard Caruso,1,1,0
Actor,Sohn Chang-min,1,0,1
Actor,Amal Anbari,1,1,0
Actor,Bernadette L. Clarke,1,1,0
Actor,Brooke Wexler,1,0,1
Actor,Danny Corbo,1,1,0
Actor,Meirav Shirom,1,0,1
Actor,Amanda Orestes,1,1,0
Actor,Klaudia Dudová,1,1,0
Actor,Hirokazu Sekido,1,0,1
Actor,Peter Sumner,1,0,1
Actor,Angelina Chen,1,1,0
Actor,Badmus Olakunle,1,1,0
Actor,Britne Oldford,1,0,1
Actor,Elizabeth Tulloch,1,1,0
Actor,David Oliver Nelson,1,1,0
Actor,Scarlet Rivera,1,1,0
Actor,Tom Trouffier,1,1,0
Actor,Kate Liquorish,1,0,1
Actor,Yusuf Khan,1,1,0
Actor,Rachaya Tupkunanon,1,0,1
Actor,Dean Wendt,1,0,1
Actor,Adam Gibbs,1,0,1
Actor,David A. Arnold,1,1,0
Actor,Eren Ören,1,1,0
Actor,Harsh Sethi,1,1,0
Actor,Cha Moo-jin,1,0,1
Actor,Karoline Eichhorn,1,0,1
Actor,Pyo Ji-hoon,1,0,1
Actor,Rachel Feinstein,1,0,1
Actor,Rosnah Johari,1,0,1
Actor,Katja Herbers,1,0,1
Actor,Oh Hyun-kyung,1,0,1
Actor,Tyler Bourke,1,1,0
Actor,Lola Ogunyemi,1,0,1
Actor,Fauzi Nawawi,1,1,0
Actor,Arisara Wongchalee,1,0,1
Actor,Flore Bonaventura,1,1,0
Actor,Lewis Tan,1,0,1
Actor,Daniel Rocha,1,0,1
Actor,Eugene Zimbudzi,1,1,0
Actor,Bérengère Krief,1,0,1
Actor,Antoni Pawlicki,1,1,0
Actor,Tamina Pollack-Paris,1,0,1
Actor,Ole Thestrup,1,0,1
Actor,Carol van Herwijnen,1,1,0
Actor,Matt Bennett,1,0,1
Actor,Sneha Kapoor,1,1,0
Actor,Mia McKenna-Bruce,1,0,1
Actor,Niharika Lyra Dutt,1,1,0
Actor,S.V. Krishna Shankar,1,1,0
Actor,Reilly Dolman,1,0,1
Actor,Ved Rao,1,0,1
Actor,John Heffernan,1,0,1
Actor,Cha Seung-won,1,0,1
Actor,Ajanae Stephenson,1,0,1
Actor,Selami Şahin,1,1,0
Actor,Federico Russo,1,0,1
Actor,Louis Oliver,1,0,1
Actor,Jonatan Rodriguez,1,1,0
Actor,Xie Binbin,1,0,1
Actor,Noah Reid,1,1,0
Actor,Aleksandr Robak,1,0,1
Actor,Elit İşcan,1,0,1
Actor,Miou-Miou,1,1,0
Actor,Eric Moon,1,0,1
Actor,Jass Bajwa,1,1,0
Actor,S'Thandiwe Kgoroge,1,1,0
Actor,Andrew Crawford,1,1,0
Actor,Maurício Meirelles,1,1,0
Actor,Roni Fischer,1,1,0
Actor,Khushi Maheen,1,1,0
Actor,John Barrowman,1,0,1
Actor,Kathleen Munroe,1,1,0
Actor,Humberto Zurita,1,0,1
Actor,Scott Chambers,1,1,0
Actor,Pirjo Lonka,1,0,1
Actor,Ryohei Abe,1,1,0
Actor,Adrian Pang,1,1,0
Actor,Maïmouna Gueye,1,1,0
Actor,Questlove,1,1,0
Actor,Abe Clifford-Barr,1,1,0
Actor,Andrew Phung,1,0,1
Actor,Sean Cullen,1,1,0
Actor,Deepjyoti Kalita,1,1,0
Actor,Muhammad Qishta,1,1,0
Actor,Donatella Finocchiaro,1,1,0
Actor,Mina Fujii,1,0,1
Actor,Ernesto Campos,1,0,1
Actor,Kamal Kamaraju,1,1,0
Actor,Elly Condron,1,0,1
Actor,Abeer Ahmad,1,0,1
Actor,Samaira Rao,1,1,0
Actor,Matt Battaglia,1,0,1
Actor,Varoon Kessop,1,1,0
Actor,Michelle Vito,1,1,0
Actor,Tony Glover,1,1,0
Actor,Romina Mondello,1,0,1
Actor,Shrijato Banerjee,1,1,0
Actor,Tony Leung Ka Fai,1,1,0
Actor,Pedroca Monteiro,1,1,0
Actor,Álvaro Guerrero,1,0,1
Actor,Sani Danja,1,1,0
Actor,Dominic Burgess,1,1,0
Actor,Ann Dusenberry,1,1,0
Actor,Derya Alabora,1,1,0
Actor,Aswin Kakamanu,1,0,1
Actor,Dilip Sinha,1,1,0
Actor,Satsumi Matsuda,1,1,0
Actor,Roberto Palazuelos,1,0,1
Actor,Cooper van Grootel,1,1,0
Actor,Rahul Roy,1,1,0
Actor,Fiona Palomo,1,0,1
Actor,Ronee Blakley,1,1,0
Actor,Austin O'Brien,1,1,0
Actor,Rohan Mobarsa,1,1,0
Actor,Jodi Weatherton,1,0,1
Actor,Anne Waldman,1,1,0
Actor,Sara Abi Kanaan,1,0,1
Actor,Paul James,1,0,1
Actor,Deepti Pujari,1,1,0
Actor,Alejandra Yañez,1,1,0
Actor,Tala Ashe,1,0,1
Actor,Mediha Musliovic,1,1,0
Actor,George Russo,1,1,0
Actor,Dareen Albayedh,1,0,1
Actor,Ranjit Singh Shubh,1,1,0
Actor,Tosan Edremoda Ugbeye,1,0,1
Actor,Pola Król,1,0,1
Actor,Min Zio,1,0,1
Actor,Aleksandar Cvetković,1,0,1
Actor,Jessica Brooks Grant,1,1,0
Actor,Katrine Rosenthal,1,1,0
Actor,Ali Alsharif,1,0,1
Actor,EL,1,1,0
Actor,Xavier de Guzman,1,1,0
Actor,Rachel Oniga,1,1,0
Actor,Vicky Jeudy,1,0,1
Actor,Nazia Davison,1,1,0
Actor,June Carryl,1,1,0
Actor,Chris Sembroski,1,1,0
Actor,Criola,1,0,1
Actor,Eric McCormack,1,0,1
Actor,Maia Filar,1,0,1
Actor,Aida Rodriguez,1,0,1
Actor,Duncan Trussell,1,0,1
Actor,Dante Mastropierro,1,0,1
Actor,MC Lively,1,1,0
Actor,David Earl,1,0,1
Actor,Sarena Parmar,1,1,0
Actor,Farhan Rasyid,1,1,0
Actor,John Devasahayam,1,1,0
Actor,Nat Zang,1,0,1
Actor,Bárbara Santa-Cruz,1,1,0
Actor,Faisal Al Dokhei,1,1,0
Actor,Igi Boy Flores,1,1,0
Actor,André Novais,1,0,1
Actor,Del Close,1,1,0
Actor,Arda Taşarcan,1,1,0
Actor,Mario Guerci,1,0,1
Actor,Elisabetta De Palo,1,0,1
Actor,Carla Adell,1,0,1
Actor,Arden Myrin,1,0,1
Actor,Darren Muselet,1,1,0
Actor,Uma Bracaglia,1,1,0
Actor,Alina Chivulescu,1,1,0
Actor,Romaine Waite,1,1,0
Actor,Warina Hussain,1,1,0
Actor,Fabiana Medina,1,0,1
Actor,Valentina Abu-'Aksa,1,1,0
Actor,Alicia Keys,1,1,0
Actor,Joseph,1,1,0
Actor,Kerry Williams,1,0,1
Actor,Tyreese Burnett,1,1,0
Actor,Ane Dahl Torp,1,0,1
Actor,David Ramsey,1,0,1
Actor,Vibhavari Deshpande,1,1,0
Actor,Kunal Kemmu,1,1,0
Actor,Metin Akpınar,1,1,0
Actor,Jung Hye-young,1,0,1
Actor,Adan Otero,1,1,0
Actor,Simu Liu,1,0,1
Actor,Brendan Scannell,1,0,1
Actor,Ilanah Cami-Goursolas,1,1,0
Actor,Sasha Rojen,1,0,1
Actor,Ahmed Amin,1,0,1
Actor,Atul Kumar,1,1,0
Actor,Ryo Kato,1,0,1
Actor,Daniel Torres,1,1,0
Actor,Rusty Joiner,1,1,0
Actor,Thelmo Fernandes,1,1,0
Actor,Bill Maher,1,1,0
Actor,Juliette Maxyme Proulx,1,1,0
Actor,Adam Tsekhman,1,0,1
Actor,Nguyen Lam Thao Tam,1,1,0
Actor,Song Wenzuo,1,0,1
Actor,Nick Medley,1,1,0
Actor,Lorena Andrea,1,0,1
Actor,Esteban Soberanes,1,0,1
Actor,Prashasti Singh,1,0,1
Actor,Lauren Swickard,1,1,0
Actor,Mighty Mark,1,1,0
Actor,Aycan Koptur,1,1,0
Actor,Padam Kumar,1,0,1
Actor,Joyce Van Patten,1,1,0
Actor,Waco O'Guin,1,0,1
Actor,Lunathi Mampofu,1,0,1
Actor,Su Mengdi,1,0,1
Actor,Kate Hardie,1,1,0
Actor,Ahmad Mounir,1,1,0
Actor,Brian Haner,1,1,0
Actor,Helena Mazur,1,1,0
Actor,Brigitte Kali Canales,1,1,0
Actor,Ryusei Yokohama,1,0,1
Actor,Sam Bottoms,1,1,0
Actor,Tonto Dikeh,1,1,0
Actor,Stéphan Castang,1,1,0
Actor,Lehlohonolo Makoko,1,0,1
Actor,Elvira Camarrone,1,1,0
Actor,Tommy Esguerra,1,1,0
Actor,Pat Sajak,1,0,1
Actor,Wes Bergmann,1,0,1
Actor,Carishma Basday,1,1,0
Actor,Corey Page,1,0,1
Actor,Sonny Bustamante,1,0,1
Actor,Josh Ostrovsky,1,1,0
Actor,Gisela Ponce de León,1,1,0
Actor,Yen-j,1,0,1
Actor,Sam McCarthy,1,0,1
Actor,Karly Rothenberg,1,0,1
Actor,Glenn Ennis,1,1,0
Actor,Ernesto Gómez Cruz,1,1,0
Actor,Sabrina Leurquin,1,1,0
Actor,Annabella Sciorra,1,1,0
Actor,Badrul Islam,1,1,0
Actor,Lily Brazier,1,0,1
Actor,Rakesh Varre,1,1,0
Actor,Caleb Bendit,1,0,1
Actor,Tina Holmes,1,1,0
Actor,Tara Reid,1,1,0
Actor,Marianna Burelli,1,0,1
Actor,Len Hunt,1,1,0
Actor,Choe Jae-ho,1,0,1
Actor,Shreyas Gurav,1,1,0
Actor,Valéria Vitoriano,1,1,0
Actor,Gabriel Martins,1,0,1
Actor,G. Marimuthu,1,1,0
Actor,Varun Bandola,1,1,0
Actor,Ramon Tikaram,1,0,1
Actor,Bahri Beyat,1,1,0
Actor,Kat Conner Sterling,1,1,0
Actor,Jinmai Zhao,1,1,0
Actor,Adriana Torrebejano,1,1,0
Actor,Kay Noone,1,0,1
Actor,Otar Saralidze,1,1,0
Actor,Drag-On,1,1,0
Actor,Gabrella Sellus,1,1,0
Actor,Joanna Bessey,1,0,1
Actor,Khaled Sami,1,1,0
Actor,Andrew Diaz,1,1,0
Actor,Zhang Bojia,1,1,0
Actor,Per-Olav Sorensen,1,1,0
Actor,Maciej Musiał,1,0,1
Actor,Kunjue Li,1,1,0
Actor,Danielle Galligan,1,0,1
Actor,Radu Botar,1,1,0
Actor,Sébastien Brottet-Michel,1,1,0
Actor,Sami Hawat,1,1,0
Actor,Gianni Parisi,1,1,0
Actor,Bryony Hannah,1,0,1
Actor,Giovanni Arce,1,0,1
Actor,Price Carson,1,1,0
Actor,Anshu Sawhney,1,1,0
Actor,Julius Agu,1,1,0
Actor,Hays Wellford,1,1,0
Actor,Seohyun,1,0,1
Actor,Sam Benjamin,1,1,0
Actor,Jackie Radinsky,1,0,1
Actor,Thomas Mitchell Barnet,1,0,1
Actor,Tyler Hendrix,1,1,0
Actor,Kery James,1,1,0
Actor,Sade Alder-Hayes,1,1,0
Actor,Emmanuel Rosset,1,1,0
Actor,Ciara Nadine Brosnan,1,1,0
Actor,Aki Hano,1,1,0
Actor,Will Strongheart,1,1,0
Actor,María Chacón,1,1,0
Actor,Navdeep,1,1,0
Actor,Theo Campbell,1,0,1
Actor,Odalys Garcia,1,1,0
Actor,Juan Castano,1,0,1
Actor,Rawsan Hallak,1,0,1
Actor,Simon Emanuel,1,1,0
Actor,Sonny Surowiec,1,1,0
Actor,Ruth Platt,1,1,0
Actor,Kim Sa-rang,1,0,1
Actor,Karina Salim,1,1,0
Actor,Cha Seoung-won,1,1,0
Actor,Steevens Benjamin,1,1,0
Actor,Michael Ronda,1,0,1
Actor,Kim Hee-jung,1,0,1
Actor,Ron Thomas,1,1,0
Actor,Tomas Bie,1,1,0
Actor,Huang Sirui,1,0,1
Actor,Shannon McKain,1,0,1
Actor,Anthony Vaathiyaar,1,1,0
Actor,Dujdao Vadhanapakorn,1,1,0
Actor,Joyce Cheng,1,0,1
Actor,Paddy Considine,1,1,0
Actor,Ilse Crawford,1,0,1
Actor,Tarisa Preechatangkit,1,0,1
Actor,Dayton Sinkia,1,1,0
Actor,Colin Lane,1,0,1
Actor,Ahn Kil-kang,1,0,1
Actor,Zhang Jiongmin,1,0,1
Actor,Patricia Guirado,1,0,1
Actor,Christian Kuchenbuch,1,0,1
Actor,Lionel Erdogan,1,0,1
Actor,Nadhiya,1,1,0
Actor,Jayden Langarcia,1,0,1
Actor,Natascha Girgis,1,0,1
Actor,Tony Pitts,1,0,1
Actor,Chen Yu-wen,1,0,1
Actor,Despina Caldis,1,0,1
Actor,Howard Rosemeyer,1,1,0
Actor,Sukhdev Barnala,1,1,0
Actor,Sunaina,1,1,0
Actor,Leon Dai,1,1,0
Actor,Nikhil Vijay,1,1,0
Actor,Nayanthara,1,1,0
Actor,Christophe Lemoine,1,0,1
Actor,Chai Hansen,1,0,1
Actor,Josh Zuckerman,1,1,0
Actor,Moshira Ismail,1,1,0
Actor,Marcondes Falcão,1,1,0
Actor,Hugo Gómez,1,0,1
Actor,Roxy Antak,1,1,0
Actor,Gabbriette Bechtel,1,0,1
Actor,Ikuto Kanemasa,1,0,1
Actor,Akemi Okamura,1,0,1
Actor,Sherman Chung,1,1,0
Actor,Jorge Amade,1,1,0
Actor,Erode Mahesh,1,1,0
Actor,Jason Woods,1,1,0
Actor,Seo Sang-won,1,0,1
Actor,Andy Romano,1,1,0
Actor,David Asavanond,1,1,0
Actor,Shao Xiang,1,0,1
Actor,Tomás Ruiz,1,0,1
Actor,Joseph Girgis,1,0,1
Actor,Aviis Zhong,1,0,1
Actor,Shiva Dawar,1,1,0
Actor,Indra Brasco,1,1,0
Actor,Himanshu Kohli,1,1,0
Actor,Shabhir,1,1,0
Actor,Douglas Reith,1,1,0
Actor,Rashmika Mandanna,1,1,0
Actor,Tigmanshu Dhulia,1,1,0
Actor,Doh Kyung-soo,1,0,1
Actor,Aarti Chhabria,1,1,0
Actor,Aadil Khan,1,1,0
Actor,Yannick van de Velde,1,1,0
Actor,Cris Acosta,1,1,0
Actor,Barbara Niven,1,1,0
Actor,Felix Kramer,1,0,1
Actor,Fatima Ansari,1,0,1
Actor,Yeo Yann Yann,1,1,0
Actor,Vedashree Rao,1,1,0
Actor,Saagar Kale,1,1,0
Actor,Audrey Grace Marshall,1,1,0
Actor,Chandra Wilson,1,0,1
Actor,Richard Hempton,1,1,0
Actor,Yoel Falkowitz,1,1,0
Actor,Keeya Khanna,1,1,0
Actor,Adam Pascal,1,1,0
Actor,Oliver Bodart,1,1,0
Actor,Nilacha Fuangfukiet,1,0,1
Actor,Rushil Juglall,1,1,0
Actor,Tanea Heke,1,1,0
Actor,Gallen Lo,1,0,1
Actor,Andrew Astor,1,1,0
Actor,Christoph Bastrup,1,0,1
Actor,Mickey Leon,1,1,0
Actor,Santiago Felipe Gomez,1,0,1
Actor,Szymon Bobrowski,1,1,0
Actor,Robert Gulaczyk,1,0,1
Actor,Kim Nam-gil,1,0,1
Actor,Priyamvada Krishnan,1,1,0
Actor,Talal Jarday,1,0,1
Actor,Adriana Botina,1,1,0
Actor,Heather Goldenhersh,1,1,0
Actor,Ranjit Barot,1,1,0
Actor,Anastasios Soulis,1,1,0
Actor,Chris Harrison,1,1,0
Actor,Kichu Tellus,1,1,0
Actor,Mahmoud Azim,1,1,0
Actor,Disha Thakur,1,1,0
Actor,Nestor Rodulfo,1,0,1
Actor,Lü Yanting,1,1,0
Actor,Bernhard Schütz,1,0,1
Actor,Kashyap Bharbhaya,1,1,0
Actor,Harman Virk,1,1,0
Actor,Qutaiba Abdelhaq,1,1,0
Actor,Nekfeu,1,1,0
Actor,Adrià Salazar,1,1,0
Actor,Jide Kene Achufusi,1,1,0
Actor,Modupe Adeyeye,1,1,0
Actor,Huang Guanzhi,1,0,1
Actor,Kenneth Fok,1,1,0
Actor,Nadine Sauter,1,1,0
Actor,Jeff Burrell,1,1,0
Actor,Eskil Tonnesen,1,0,1
Actor,Ben Caplan,1,0,1
Actor,Joy Bryant,1,1,0
Actor,Emma Tremblay,1,0,1
Actor,Osman İskender Bayer,1,1,0
Actor,Betty Pedrazzi,1,1,0
Actor,Carmina Barrios,1,1,0
Actor,Tom Goodman-Hill,1,1,0
Actor,Abimana Aryasatya,1,1,0
Actor,Suquan Bulakul,1,1,0
Actor,Richard Coleman,1,1,0
Actor,Franco Nero,1,1,0
Actor,Paul Higgins,1,1,0
Actor,Nominath Ginsberg,1,1,0
Actor,Joep Vermolen,1,0,1
Actor,Jeff Ward,1,0,1
Actor,Alex Norton,1,1,0
Actor,Lisa Yamanaka,1,0,1
Actor,Xia Yu,1,1,0
Actor,David Gant,1,1,0
Actor,Anand Goradia,1,1,0
Actor,Montserrat Marañon,1,1,0
Actor,Anna Björk,1,0,1
Actor,Shiga Lin,1,0,1
Actor,I Sen-ho,1,1,0
Actor,Kaori Momoi,1,1,0
Actor,Panja Vaisshnav Tej,1,1,0
Actor,Mario Magalhaes,1,1,0
Actor,Alex Biglane,1,1,0
Actor,Yutaka Aoyama,1,0,1
Actor,Donald Reignoux,1,0,1
Actor,Diana Kent,1,1,0
Actor,Holli Dempsey,1,0,1
Actor,Sara Rue,1,1,0
Actor,Alix Wilton Regan,1,0,1
Actor,Giacomo Colavito,1,1,0
Actor,Lee Kang-sheng,1,1,0
Actor,Robert Agengo,1,1,0
Actor,Tommy Miller,1,0,1
Actor,Fatih Unru,1,1,0
Actor,Jeff Probst,1,0,1
Actor,Alice Greczyn,1,1,0
Actor,Riddlore,1,1,0
Actor,Ma Ju-lung,1,0,1
Actor,Stink Fisher,1,0,1
Actor,Steven Cheung,1,1,0
Actor,Esther Tinman,1,0,1
Actor,Sanjith Hegde,1,0,1
Actor,Alicia Witt,1,1,0
Actor,Aston Droomer,1,0,1
Actor,Carlos Macías,1,1,0
Actor,Mariana Botas,1,0,1
Actor,Anna Maguire,1,1,0
Actor,Raja Goutham,1,1,0
Actor,Archie Alemania,1,1,0
Actor,Danny Kamekona,1,1,0
Actor,Sara Celler Jezierska,1,0,1
Actor,Satinder Sartaaj,1,1,0
Actor,Ray Faiola,1,1,0
Actor,Varatta Vajrathon,1,0,1
Actor,Marina Massironi,1,1,0
Actor,Anthony R. Jones,1,1,0
Actor,Adriano Qalbi,1,1,0
Actor,Dia Frampton,1,0,1
Actor,Victor Assié,1,0,1
Actor,Mela Casal,1,0,1
Actor,Gong Jung-hwan,1,0,1
Actor,Desiree Ross,1,0,1
Actor,Vasu Vikram,1,1,0
Actor,Jogi,1,1,0
Actor,"Floyd ""Red Crow"" Westerman",1,1,0
Actor,Zhu Zanjin,1,0,1
Actor,Charlie Bewley,1,1,0
Actor,Ravi Kale,1,1,0
Actor,Vikas Shukla,1,1,0
Actor,Mark Elderkin,1,1,0
Actor,Sam Hayden-Smith,1,0,1
Actor,Chris Gibson,1,1,0
Actor,Son Sang-yeon,1,0,1
Actor,Casey Deidrick,1,0,1
Actor,Jessica Dinnage,1,0,1
Actor,Asmaa Abulyazeid,1,1,0
Actor,Taisuke Nakano,1,0,1
Actor,Amanda Kimmel,1,0,1
Actor,Mayur Khandge,1,1,0
Actor,Vance Larena,1,1,0
Actor,Vijayaraghavan,1,1,0
Actor,Randy Kerber,1,0,1
Actor,Yasmina Drissi Sales,1,0,1
Actor,Alexander Eling,1,0,1
Actor,Michael Schumacher,1,1,0
Actor,Abel Franco,1,1,0
Actor,Mauro Chuchón,1,1,0
Actor,Medusa,1,1,0
Actor,Álex de Lucas,1,0,1
Actor,Kaori Maeda,1,0,1
Actor,Ceaser Emanuel,1,0,1
Actor,Angga Yunanda,1,1,0
Actor,Stanley Holloway,1,1,0
Actor,Ken Duken,1,0,1
Actor,Anna Baryshnikov,1,1,0
Actor,Salvita Decorte,1,1,0
Actor,Awra Briguela,1,1,0
Actor,Naima Wasfy,1,1,0
Actor,Mark Oliver,1,0,1
Actor,Diana Wells,1,0,1
Actor,Ajinkya Deo,1,1,0
Actor,Raylene Jacobs,1,1,0
Actor,Greteli Fincham,1,0,1
Actor,Raza Jaffrey,1,1,0
Actor,Lyubov Aksyonova,1,1,0
Actor,Tim Rice,1,1,0
Actor,Raekwon,1,1,0
Actor,Atul Mahale,1,1,0
Actor,Sidney Alexandre,1,0,1
Actor,Adrián Carvajal,1,0,1
Actor,Makorn Supinacharoen,1,1,0
Actor,Leather Storrs,1,0,1
Actor,Angourie Rice,1,1,0
Actor,Sam Adegoke,1,0,1
Actor,Cha Eun-woo,1,0,1
Actor,Priyadarshan Jadhav,1,1,0
Actor,Juan Gil Navarro,1,0,1
Actor,Uday Nene,1,1,0
Actor,Shen Hai Jung,1,0,1
Actor,Jung Chae-yeon,1,0,1
Actor,Miguel Dionisio Ramos,1,0,1
Actor,Tabitha Nauser,1,0,1
Actor,Chicco Kurniawan,1,1,0
Actor,Natalie Press,1,1,0
Actor,Richard Dillane,1,0,1
Actor,Yosuke Akimoto,1,0,1
Actor,Alaa Zinhom,1,1,0
Actor,Patrick Pinney,1,0,1
Actor,Taraana Raja,1,1,0
Actor,Eric Suen Yiu-wai,1,0,1
Actor,Ingkarat Jaraswongkosol,1,1,0
Actor,Stacey Asaro,1,1,0
Actor,Christopher Judge,1,0,1
Actor,Ivannah Mercedes,1,1,0
Actor,Samantha Munro,1,0,1
Actor,Ammar Alfian,1,1,0
Actor,Fish Liew,1,0,1
Actor,Kanon Tani,1,1,0
Actor,Chung Won-joong,1,0,1
Actor,Reginald C. Hayes,1,0,1
Actor,Susan Radder,1,0,1
Actor,Ella-Rae Smith,1,0,1
Actor,Iliana Donatlán,1,0,1
Actor,Soichi Hirama,1,1,0
Actor,Abby Miller,1,0,1
Actor,Thanmayi,1,0,1
Actor,Ting Tan,1,1,0
Actor,Park Gene-woo,1,0,1
Actor,Aja Evans,1,0,1
Actor,Wade Everett,1,1,0
Actor,Brianna Price,1,0,1
Actor,Myndy Crist,1,1,0
Actor,Pico Alexander,1,1,0
Actor,Maeng Sang-hun,1,0,1
Actor,Daniela Vega,1,0,1
Actor,Dimitri Storoge,1,0,1
Actor,Noa Graham,1,1,0
Actor,Kevin Kincaid,1,1,0
Actor,MHD,1,1,0
Actor,Adrián Pino,1,0,1
Actor,Aneeta,1,1,0
Actor,Yi Ning Sun,1,0,1
Actor,Sonny Lindberg,1,0,1
Actor,Chloe So,1,0,1
Actor,Cathy Rigby,1,1,0
Actor,Kunihiko Yasui,1,0,1
Actor,Lee Kan-hee,1,0,1
Actor,Dohee,1,0,1
Actor,Peyton Alex Smith,1,0,1
Actor,Kim Beom,1,0,1
Actor,Tyler Shamy,1,0,1
Actor,Justin Kelly,1,0,1
Actor,Toby Wallace,1,0,1
Actor,Judy Flynn,1,0,1
Actor,Ayo Ayoola Ayolola,1,1,0
Actor,Gabrielle Susanne Solheim Leithaug,1,0,1
Actor,Annet Mahendru,1,1,0
Actor,Shane Dundas,1,0,1
Actor,Sheridan Smith,1,1,0
Actor,Sonya Priss,1,1,0
Actor,Nicolò Galasso,1,1,0
Actor,Thomas Sagols,1,0,1
Actor,Luc Schiltz,1,0,1
Actor,Hülya Darcan,1,0,1
Actor,Adam Morjany,1,1,0
Actor,Ryan Zhu,1,0,1
Actor,Nurgül Yeşilçay,1,1,0
Actor,Wofai Samuel,1,1,0
Actor,Noureddine Farihi,1,0,1
Actor,Barbara Jefford,1,1,0
Actor,Shabib Alkhaleefa,1,1,0
Actor,Aidan Gallagher,1,0,1
Actor,Dan Ahdoot,1,0,1
Actor,David Aston,1,1,0
Actor,Qays Sheikh Najib,1,0,1
Actor,Taranjit Kaur,1,1,0
Actor,Hsin Ai Lee,1,0,1
Actor,Jessie T. Usher,1,1,0
Actor,Daminee Basu,1,1,0
Actor,Evan Byarushengo,1,0,1
Actor,Léa Moret,1,1,0
Actor,Adebayo Thomas,1,1,0
Actor,David Ebert,1,0,1
Actor,Ducu Darie,1,1,0
Actor,Gianna Aragon,1,0,1
Actor,Katharine Houghton,1,1,0
Actor,Alina Kukushkina,1,0,1
Actor,Cezary Kosiński,1,1,0
Actor,Angely Gaviria,1,0,1
Actor,Madhu Shalini,1,1,0
Actor,Eiji Hanawa,1,0,1
Actor,Tarik Belmekki,1,1,0
Actor,Aaron Glenane,1,1,0
Actor,Vangie Labalan,1,1,0
Actor,Robert Shaw,1,1,0
Actor,Sassy Bermudez,1,0,1
Actor,Martijn Koning,1,0,1
Actor,Tolga Canbeyli,1,1,0
Actor,Maxime Baudoin,1,1,0
Actor,Ahn Jae-hong,1,1,0
Actor,Bruno Bebianno,1,1,0
Actor,Eduardo López Rojas,1,1,0
Actor,Sarah May Sommers,1,1,0
Actor,Isabella Pinto,1,0,1
Actor,Mary Makariou,1,1,0
Actor,Anthony Quinn,1,1,0
Actor,Youyi,1,1,0
Actor,Leslie David Baker,1,1,0
Actor,Nirmala Tikam,1,1,0
Actor,Ergin Bal,1,1,0
Actor,Bora Cengiz,1,1,0
Actor,Paul Utomi,1,1,0
Actor,Tygh Runyan,1,0,1
Actor,Kunchacko Boban,1,1,0
Actor,Oh Gwang-rok,1,0,1
Actor,Yolanthe Cabau,1,1,0
Actor,Anne Sofie Espersen,1,0,1
Actor,Lil Peep,1,1,0
Actor,Park Sang-min,1,0,1
Actor,Manuela Pal,1,1,0
Actor,Pantipa Arunwattanachai,1,0,1
Actor,Madonna Adib,1,1,0
Actor,Jennifer Waescher,1,0,1
Actor,Nour Alghandour,1,0,1
Actor,Onur Atilla,1,1,0
Actor,Bai Jinting,1,0,1
Actor,Merouane Ali,1,1,0
Actor,Ersin Arıcı,1,1,0
Actor,Antoinette Robertson,1,0,1
Actor,Jordan-Claire Green,1,1,0
Actor,Olivia Berkeley,1,1,0
Actor,Dubán Prado,1,0,1
Actor,Anita Yuen,1,1,0
Actor,Cassio Pandolfi,1,0,1
Actor,Orlando Cinque,1,0,1
Actor,Clotilde Courau,1,1,0
Actor,Asabe Madaki,1,1,0
Actor,Keith Murray,1,1,0
Actor,Fayez Al-Malki,1,1,0
Actor,Passaranan Ussadamongkol,1,0,1
Actor,Olivia Delcán,1,0,1
Actor,Karam Elayyan,1,1,0
Actor,Pibunsonggram Kritsanapoom,1,0,1
Actor,Byeon Woo-seok,1,0,1
Actor,Ethan Cutkosky,1,0,1
Actor,Pierre Lottin,1,0,1
Actor,Mark Anthony Fernandez,1,1,0
Actor,Gilles Geary,1,0,1
Actor,Harlys Becerra,1,0,1
Actor,Alice Li,1,1,0
Actor,Aviv Buchler,1,0,1
Actor,Brian Geraghty,1,1,0
Actor,Song Seung-hwan,1,0,1
Actor,Hubert Koundé,1,1,0
Actor,Matt McCooey,1,1,0
Actor,Tracey Hoyt,1,0,1
Actor,Hiba Majdi,1,0,1
Actor,Asier Etxeandía,1,0,1
Actor,Amina Kane,1,1,0
Actor,Rebeka Thomas,1,0,1
Actor,Mahira Abdelaziz,1,0,1
Actor,Brad Venable,1,0,1
Actor,Leopold Hornung,1,1,0
Actor,Kim Hae-sook,1,0,1
Actor,Nicole Shostak,1,0,1
Actor,Yves Jacques,1,0,1
Actor,Ronni Hawk,1,0,1
Actor,Lauren Bacall,1,1,0
Actor,Gurfateh Pirzada,1,1,0
Actor,Singam Puli,1,1,0
Actor,Kathryn Newton,1,0,1
Actor,Luke Allen-Gale,1,1,0
Actor,Widika Sidmore,1,1,0
Actor,Robert Styles,1,0,1
Actor,Catherine Curtin,1,1,0
Actor,Paolo Contis,1,1,0
Actor,Camryn Grimes,1,1,0
Actor,Han Hyun-min,1,0,1
Actor,Daphne Oseña-Paez,1,1,0
Actor,Li Qin,1,1,0
Actor,Loulou Hameleers,1,0,1
Actor,Revathi,1,1,0
Actor,Jang Gwang,1,0,1
Actor,Natalia Dontcheva,1,1,0
Actor,Leo Razzak,1,0,1
Actor,Anita Pauls,1,1,0
Actor,Dionne Monsanto,1,1,0
Actor,Likit Sittiphun,1,1,0
Actor,Roland Møller,1,1,0
Actor,David Omoregie,1,0,1
Actor,Vahid Gold,1,1,0
Actor,Santhosh Prathap,1,1,0
Actor,Ava Briglia,1,1,0
Actor,Petr Cerha,1,1,0
Actor,Mariana Loyola Ruz,1,0,1
Actor,Emma Fenton,1,0,1
Actor,Martynika Kosnica,1,1,0
Actor,Phichikorn Ployphimana,1,0,1
Actor,Chokchai Charoensuk,1,0,1
Actor,Iñaki Godoy,1,0,1
Actor,Laura Benanti,1,1,0
Actor,Rory Keenan,1,0,1
Actor,Thai Nguyen,1,0,1
Actor,Tessa Rao,1,0,1
Actor,Dean S. Jagger,1,1,0
Actor,Nobuko Sendo,1,0,1
Actor,Kate Atkinson,1,0,1
Actor,Kaity Nguyen,1,1,0
Actor,Jonathan Blake,1,0,1
Actor,Daniel Filho,1,1,0
Actor,Bruce Gray,1,1,0
Actor,Richelle Georgette Skornicki,1,1,0
Actor,Matyáš Řezníček,1,1,0
Actor,Ana Celentano,1,0,1
Actor,Jorge Antonio Guerrero,1,0,1
Actor,Scott  Kreamer,1,0,1
Actor,Reham Kassar,1,1,0
Actor,Sílvia Lourenço,1,1,0
Actor,Ryan Andes,1,0,1
Actor,Raymond Wong,1,1,0
Actor,Natalia Coronado,1,1,0
Actor,Natalya Zemtsova,1,0,1
Actor,Fedor Fedotov,1,1,0
Actor,Ahmed Sultan,1,1,0
Actor,Ellie Harvie,1,0,1
Actor,Kim Hae-gon,1,1,0
Actor,Rasika Agashe,1,1,0
Actor,Ben Hardy,1,1,0
Actor,Savita Bajaj,1,0,1
Actor,Remya Nambeesan,1,0,1
Actor,Juju Di Domenico,1,0,1
Actor,Stephanie Salem,1,1,0
Actor,Onuryay Evrentan,1,0,1
Actor,Ryu Abell,1,0,1
Actor,Elliot Page,1,1,0
Actor,Priyamani,1,1,0
Actor,Julian Freund,1,1,0
Actor,Patrick Poole,1,0,1
Actor,Lilimar,1,0,1
Actor,Fanny Leander Bornedal,1,0,1
Actor,Federica Torchetti,1,1,0
Actor,Lilli Palmer,1,1,0
Actor,Chie Matsuura,1,0,1
Actor,Kylie Bunbury,1,0,1
Actor,Nagah El-Mogui,1,1,0
Actor,Nilgün Belgün,1,1,0
Actor,Claudia Christian,1,0,1
Actor,Daisy Prescott,1,1,0
Actor,Gelli de Belen,1,1,0
Actor,Tsuyoshi Koyama,1,0,1
Actor,Kim Fairchild,1,0,1
Actor,Arthur Sanya,1,1,0
Actor,Hussain Alyahya,1,0,1
Actor,María Dupláa,1,0,1
Actor,Gregg Weiner,1,1,0
Actor,Dylan Magon,1,0,1
Actor,Rajvir Boparai,1,1,0
Actor,D P Ghani,1,1,0
Actor,Izzy G.,1,0,1
Actor,Magdalena Popławska,1,1,0
Actor,Felipe Bernedette,1,0,1
Actor,Jimena Durán,1,0,1
Actor,Ireneusz Czop,1,0,1
Actor,Dong Li,1,0,1
Actor,Reiko Kataoka,1,0,1
Actor,Tomi Odunsi,1,1,0
Actor,Kate Jennings Grant,1,0,1
Actor,Giselle Fernandez,1,1,0
Actor,Ramblin' Jack Elliott,1,1,0
Actor,Iza Moreira,1,0,1
Actor,Sira Alonso de Alarcón,1,1,0
Actor,Shintaro Tanaka,1,0,1
Actor,Huybs Azarcon,1,0,1
Actor,Nie Yuan,1,0,1
Actor,Togo Igawa,1,1,0
Actor,Tyler Christopher,1,1,0
Actor,Natalia-Jade Jonathan,1,0,1
Actor,İpek Filiz Yazıcı,1,0,1
Actor,Elsa Poblete,1,1,0
Actor,Caique Nogueira,1,1,0
Actor,Dan Patrick,1,1,0
Actor,Makayla Rose Hilli,1,1,0
Actor,Tetsushi Tanaka,1,1,0
Actor,Uzikwendu,1,1,0
Actor,Dondre T. Whitfield,1,1,0
Actor,Emil Kusumo,1,1,0
Actor,Ruth Gemmell,1,0,1
Actor,Andreu Lacondeguy,1,1,0
Actor,Tony Garza,1,0,1
Actor,Alex Fitzalan,1,0,1
Actor,Andre Garcia,1,1,0
Actor,Abdullah Bin Heider,1,1,0
Actor,Kyousuke Ikeda,1,1,0
Actor,Scott MacArthur,1,1,0
Actor,Kelzy Ecard,1,0,1
Actor,Darkiel,1,0,1
Actor,April Grace,1,1,0
Actor,John Halbach,1,0,1
Actor,Miles Yekinni,1,0,1
Actor,Inigo Pascual,1,1,0
Actor,Enes Mazak,1,1,0
Actor,Alexis Viera,1,1,0
Actor,Athulya,1,1,0
Actor,Tenzin Dalha,1,1,0
Actor,Hope Davis,1,1,0
Actor,Noah Saavedra,1,1,0
Actor,Mitzi Ruhlmann,1,0,1
Actor,Rachel Gage,1,0,1
Actor,Hiroaki Miura,1,0,1
Actor,Alessia Giuliani,1,1,0
Actor,Adrian Titieni,1,1,0
Actor,Priya,1,1,0
Actor,Mari Natsuki,1,0,1
Actor,David Carling,1,0,1
Actor,Sunny Lau,1,0,1
Actor,Hussain Al Hosani,1,1,0
Actor,Sam Lavagnino,1,1,0
Actor,Kirk Fogg,1,1,0
Actor,Amaka Iruobe,1,1,0
Actor,Juliano Cazarré,1,1,0
Actor,Aslı Turanlı,1,1,0
Actor,André Dussollier,1,1,0
Actor,Danielle Haim,1,1,0
Actor,Andrew Craig,1,0,1
Actor,Natasia Demetriou,1,0,1
Actor,Jay-Z,1,0,1
Actor,Giobanna Alparone,1,1,0
Actor,James Raynolds,1,1,0
Actor,Lucy Avery Brooke,1,1,0
Actor,Amanda Afolabi,1,0,1
Actor,Alison Mandel,1,1,0
Actor,Philip Sternberg,1,0,1
Actor,Ben Sullivan,1,1,0
Actor,Ian Odle,1,1,0
Actor,Rupan Bal,1,1,0
Actor,Nitin Goel,1,1,0
Actor,Caroline Langrishe,1,1,0
Actor,Gao Ming-xiao,1,0,1
Actor,Dhruv Sehgal,1,0,1
Actor,Carling Doubt,1,0,1
Actor,Bruno Mullenaerts,1,0,1
Actor,G.E.M.,1,1,0
Actor,Hisyam Hamid,1,1,0
Actor,Johana Blendl,1,1,0
Actor,Jung Dae-ro,1,0,1
Actor,Louis Morissette,1,1,0
Actor,Eliseo Mancilla De La Cruz,1,1,0
Actor,Vismaya,1,1,0
Actor,Simona Wang,1,0,1
Actor,Mike Hall,1,0,1
Actor,Vasanth Ravi,1,1,0
Actor,Tanner Thomason,1,1,0
Actor,Zak Steiner,1,1,0
Actor,Eda Döğer,1,1,0
Actor,Shalini Vadnikatti,1,1,0
Actor,Kylie Jefferson,1,0,1
Actor,Daniele Vicorito,1,1,0
Actor,Dean Tang,1,0,1
Actor,Liza Jacqueline,1,0,1
Actor,Ilkka Villi,1,0,1
Actor,Zhang Jiaming,1,1,0
Actor,Pete Gardner,1,0,1
Actor,Lucia Xie,1,0,1
Actor,Reem Alhabib,1,0,1
Actor,Yoon Joo-sang,1,0,1
Actor,Yannick Konnan,1,0,1
Actor,Jake Ryan Flynn,1,1,0
Actor,Edwin Maya,1,0,1
Actor,Masaki Suda,1,1,0
Actor,Jaswant Daman,1,1,0
Actor,Kim Hyun-joong,1,0,1
Actor,Selina Giles,1,0,1
Actor,Conroy Chan,1,1,0
Actor,Adam Gardiner,1,0,1
Actor,Carlos Chan,1,1,0
Actor,Tai Bo,1,1,0
Actor,Abhinav Gomatam,1,1,0
Actor,Jacob Soley,1,0,1
Actor,Enyima Nwigwe,1,1,0
Actor,Tina Munim,1,1,0
Actor,Scott Alexander Young,1,1,0
Actor,Brendon Daniels,1,1,0
Actor,Angel Lin,1,1,0
Actor,Dr. Rona Hu,1,0,1
Actor,Anita Hara,1,1,0
Actor,Josef Kadim,1,1,0
Actor,Vihaan Samat,1,0,1
Actor,Neils Coleta,1,1,0
Actor,Sharry Mann,1,1,0
Actor,Agathe Bonitzer,1,0,1
Actor,Emily Spivey,1,1,0
Actor,Felipe De Jesus Hernández,1,1,0
Actor,Hamza Nasrallah,1,1,0
Actor,Shrusti Dange,1,1,0
Actor,Vera Vitali,1,0,1
Actor,He Qiang,1,0,1
Actor,Wang Jian Long,1,0,1
Actor,Sarder Saniat Hossain,1,1,0
Actor,Mark DeCarlo,1,1,0
Actor,Charles Gould,1,0,1
Actor,Vincent Curatola,1,1,0
Actor,Piotr Gasowski,1,1,0
Actor,Deniz Arora,1,0,1
Actor,Daniel Frikstad,1,1,0
Actor,Fezrul Khan,1,0,1
Actor,Helena Mallarino,1,0,1
Actor,Harrison Osterfield,1,0,1
Actor,Dong Jie,1,1,0
Actor,Meghan Strange,1,0,1
Actor,Gabriel Nuncio,1,1,0
Actor,Virginie Fortin,1,1,0
Actor,Park Yeong-gyu,1,0,1
Actor,Jake Sim,1,0,1
Actor,Imtiaz Ali,1,1,0
Actor,Rarecho,1,1,0
Actor,Gerardo Navarro,1,1,0
Actor,Ian Bok,1,0,1
Actor,Yann Goven,1,1,0
Actor,Kristen Miller,1,1,0
Actor,Tomer Sisley,1,0,1
Actor,Zbyněk Vičar,1,1,0
Actor,Morgan Mitchell,1,1,0
Actor,Mikey Day,1,1,0
Actor,Richard Marner,1,1,0
Actor,Zoran Korach,1,0,1
Actor,Tony Parker,1,1,0
Actor,Daria Midou,1,0,1
Actor,Emily Browning,1,1,0
Actor,Masato Kono,1,1,0
Actor,Leila Mouammar,1,1,0
Actor,Glenn Wein,1,0,1
Actor,Elva Josephson,1,1,0
Actor,Moryfère Camara,1,1,0
Actor,Apollo Costa,1,0,1
Actor,Laurence O'Fuarain,1,0,1
Actor,Lexi Simonsen,1,1,0
Actor,Trevor Long,1,1,0
Actor,Vasundhara Rajput,1,0,1
Actor,Roxanne Guinoo,1,1,0
Actor,Helen Martin,1,1,0
Actor,Mark Waschke,1,0,1
Actor,Matthew Noszka,1,1,0
Actor,Seun Kuti,1,1,0
Actor,Scott King,1,1,0
Actor,Jean Yoon,1,0,1
Actor,Flora Chiedo,1,0,1
Actor,Steven Kynman,1,0,1
Actor,Ali Bee,1,0,1
Actor,Sergio Rizzuto,1,1,0
Actor,Victoria Elizabeth Staley,1,1,0
Actor,Urvi Singh,1,0,1
Actor,Toño Valdés,1,0,1
Actor,Isabel Fillardis,1,1,0
Actor,Yoon So-hui,1,0,1
Actor,Chris Gauthier,1,1,0
Actor,Julia Faure,1,0,1
Actor,Simran Jehani,1,0,1
Actor,Arun Dravid,1,1,0
Actor,Carmelo Gómez,1,0,1
Actor,Stipe Erceg,1,1,0
Actor,Marco Cáceres,1,0,1
Actor,Tara Pacheco,1,0,1
Actor,Tom Welling,1,0,1
Actor,Sihame Haddad,1,1,0
Actor,Li Lingwei,1,0,1
Actor,Shashi Bhushan,1,1,0
Actor,Sam Strike,1,0,1
Actor,Cezary Łukaszewicz,1,1,0
Actor,Grace Beedie,1,0,1
Actor,Santiago Artemis,1,0,1
Actor,Mananya Kaoju,1,0,1
Actor,Cayetana Cabezas,1,0,1
Actor,Beauty Gonzalez,1,1,0
Actor,Lucia Rijker,1,1,0
Actor,Junichi Yanagida,1,0,1
Actor,Ricardo Chavira,1,0,1
Actor,Noor Taher,1,0,1
Actor,Kennedi Butler,1,0,1
Actor,Imani Lewis,1,1,0
Actor,Lao Rodriguez,1,1,0
Actor,Amber Smith,1,1,0
Actor,Olinca Velázquez,1,0,1
Actor,Lindsay Lamb,1,1,0
Actor,Baron Geisler,1,1,0
Actor,Simon Lipkin,1,0,1
Actor,Tamara Arciuch,1,0,1
Actor,Marilyn Castonguay,1,1,0
Actor,Malena Narvay,1,1,0
Actor,Matthew Rhys,1,1,0
Actor,Dodit Mulyanto,1,1,0
Actor,Sreekanth Dasan,1,1,0
Actor,Rod Alexander,1,1,0
Actor,Ignacio Montes,1,0,1
Actor,Emmanuel Emelu,1,0,1
Actor,Sílvio Guindane,1,0,1
Actor,Simon Dutton,1,1,0
Actor,Bernard Curry,1,0,1
Actor,Sophie Winkleman,1,1,0
Actor,Catrinel Dumitrescu,1,1,0
Actor,Suruchi Aulakh,1,1,0
Actor,Liz Gallardo,1,0,1
Actor,Kim Da-som,1,0,1
Actor,Aakash Dahiya,1,1,0
Actor,Xiao Ran,1,0,1
Actor,Bela B. Felsenheimer,1,1,0
Actor,Isabella Sierra,1,1,0
Actor,Iván Pohárnok,1,1,0
Actor,Seishu Uragami,1,1,0
Actor,Julia Baldwin,1,1,0
Actor,Elif İnci,1,0,1
Actor,Juri Nagatsuma,1,0,1
Actor,Shona Hamill,1,1,0
Actor,Stéphane Brel,1,0,1
Actor,Federico D'Elía,1,1,0
Actor,Cecilia Navia,1,0,1
Actor,Trent Brya,1,1,0
Actor,Ayize Ma'at,1,0,1
Actor,Boori Monty Pryor,1,0,1
Actor,Nahoko Yoshimoto,1,0,1
Actor,Naimma Aljufri,1,1,0
Actor,Chikahiro Kobayashi,1,0,1
Actor,Anna Ishii,1,1,0
Actor,Rotimi Adelagan,1,1,0
Actor,Taiwo Familoni,1,1,0
Actor,Kevin Brown,1,0,1
Actor,Ernani Moraes,1,1,0
Actor,Andrew McCarthy,1,1,0
Actor,Luis Eduardo Yee,1,1,0
Actor,Grant O'Rourke,1,0,1
Actor,Ted Lewis,1,0,1
Actor,Alexandria Ocasio-Cortez,1,1,0
Actor,Rakesh Batra,1,1,0
Actor,Elena del Río,1,0,1
Actor,Joanna Merlin,1,1,0
Actor,Ajay Ratnam,1,1,0
Actor,Alma Matrecito,1,0,1
Actor,Bora Akkaş,1,1,0
Actor,Laurie Hymes,1,0,1
Actor,Lorena Iglesias,1,1,0
Actor,Rodrigo Jerez,1,0,1
Actor,Ward El Kal,1,0,1
Actor,Martina Gusman,1,0,1
Actor,Deance Wyatt,1,1,0
Actor,Loni Love,1,1,0
Actor,Teuila Blakely,1,0,1
Actor,Jacob Lundqvist,1,0,1
Actor,Kayne Lee Harrison,1,1,0
Actor,Gutemberg Brito,1,0,1
Actor,Carl Malapa,1,0,1
Actor,Max Ehrich,1,1,0
Actor,Tom Hughes,1,1,0
Actor,César Ramos,1,1,0
Actor,Silvia Pérez Cruz,1,1,0
Actor,Dee Snider,1,1,0
Actor,Roy Quiroga,1,1,0
Actor,Dave Van Ronk,1,1,0
Actor,Chandan Prabhakar,1,1,0
Actor,Ellise Chappell,1,0,1
Actor,Kelly Blatz,1,1,0
Actor,Abstract Rude,1,1,0
Actor,Charles Shaughnessy,1,1,0
Actor,Gustavo Becerra,1,1,0
Actor,Ariana Guido,1,1,0
Actor,Lili Mirojnick,1,0,1
Actor,Albie Casiño,1,1,0
Actor,Fabián Arenillas,1,0,1
Actor,Felix Auer,1,1,0
Actor,Megan Montaner,1,0,1
Actor,Lukas Spisser,1,1,0
Actor,Pokwang,1,1,0
Actor,Sanjivani Khanvilkar,1,1,0
Actor,Tommy Limmm,1,1,0
Actor,Facundo Aquinos,1,1,0
Actor,Joaquín Garrido,1,1,0
Actor,Omar El Saeed,1,1,0
Actor,Adrian Lukis,1,0,1
Actor,Armin Rohde,1,1,0
Actor,Ryu Gyeong-su,1,0,1
Actor,Yasser Al Hadi,1,0,1
Actor,Hong Yan-xiang,1,1,0
Actor,Youssouf Gueye,1,1,0
Actor,Meaghan Martin,1,1,0
Actor,Declan De Barra,1,1,0
Actor,Dan Condurache,1,1,0
Actor,Graham Verchere,1,1,0
Actor,Emilie Marié,1,1,0
Actor,Fritzi Haberlandt,1,0,1
Actor,Jimmy Gonzales,1,1,0
Actor,Emir Özbek Yıldız,1,1,0
Actor,Fernando Mendonça,1,0,1
Actor,Mihai Constantin,1,1,0
Actor,Beverly Archer,1,0,1
Actor,Yonda Thomas,1,1,0
Actor,Kiowa Gordon,1,0,1
Actor,Roeland Fernhout,1,0,1
Actor,Laura Brent,1,1,0
Actor,Salama Almazrouei,1,1,0
Actor,Ezequiel Cipols,1,1,0
Actor,Graham Wardle,1,0,1
Actor,Donavon Stinson,1,1,0
Actor,Dominique Sanda,1,1,0
Actor,Laura Donnelly,1,0,1
Actor,India Colombi,1,1,0
Actor,Artus,1,0,1
Actor,Kathryn Emily Douglas,1,0,1
Actor,Jasmina Douieb,1,0,1
Actor,Dervla Kirwan,1,0,1
Actor,Joe Hurst,1,0,1
Actor,Dana Mardini,1,0,1
Actor,Jördis Triebel,1,0,1
Actor,Artie Lange,1,1,0
Actor,Bryan Mordechai Jackson,1,1,0
Actor,Holly Horne,1,1,0
Actor,Sudhir Chowdhary,1,1,0
Actor,Archit Krishna,1,1,0
Actor,Carrie Savage,1,0,1
Actor,Bijesh Jayarajan,1,1,0
Actor,Robert Daniel Sloan,1,1,0
Actor,Felipe García Vélez,1,1,0
Actor,Eugenio Siller,1,0,1
Actor,Son Sung-yoon,1,0,1
Actor,Vivian Drew,1,1,0
Actor,Donita Rose,1,1,0
Actor,Aslı İnandık,1,1,0
Actor,Jang Hyun-sung,1,0,1
Actor,Philip Cabrita,1,1,0
Actor,Lima Duarte,1,1,0
Actor,Micael Borges,1,1,0
Actor,David Jones David,1,0,1
Actor,Natasha Goubskaya,1,1,0
Actor,Oxcel,1,1,0
Actor,Carlos Pena,1,0,1
Actor,Aurora Gil,1,0,1
Actor,Samuel Finzi,1,1,0
Actor,María Salgueiro,1,0,1
Actor,Sirivennela Yanamandhala,1,1,0
Actor,Anuchit Sapanpong,1,0,1
Actor,Javier Castillo,1,1,0
Actor,Luisa Drozdek,1,0,1
Actor,Alejandro Puente,1,0,1
Actor,Karuna Prasad,1,1,0
Actor,Annie Corley,1,1,0
Actor,Zen Kajihara,1,1,0
Actor,Jason Finn,1,1,0
Actor,Perla Bautista,1,1,0
Actor,Pallavi Patil,1,1,0
Actor,David Berry,1,0,1
Actor,Perrey Reeves,1,1,0
Actor,Sergio Quintana,1,1,0
Actor,Abby Quinn,1,1,0
Actor,Kannaporn Puangthong,1,0,1
Actor,Cha In-pyo,1,1,0
Actor,Meshal Al-farhan,1,1,0
Actor,Moi Camacho,1,1,0
Actor,Ester Kočičková,1,1,0
Actor,John Marsden,1,1,0
Actor,Daniel DeSanto,1,0,1
Actor,Omar Maskati,1,1,0
Actor,Frederick Lau,1,1,0
Actor,Dayo Amusa,1,1,0
Actor,Keetapat Pongruea,1,1,0
Actor,Lyon Daniels,1,1,0
Actor,Juliet Ashworth,1,0,1
Actor,Andy Liang,1,1,0
Actor,Maica Barroso,1,1,0
Actor,Sherif Mounir,1,1,0
Actor,Mu Ramaswamy,1,1,0
Actor,Gregory Wong,1,0,1
Actor,Sumitra Bhave,1,1,0
Actor,Colin Moss,1,1,0
Actor,Kelvin Miranda,1,1,0
Actor,Amber Barretto,1,1,0
Actor,Girish Oak,1,1,0
Actor,Lucie Boujenah,1,0,1
Actor,Vaidya Advai,1,1,0
Actor,Nina Iphechukwude Anyianuka,1,0,1
Actor,Cho Yu-jung,1,0,1
Actor,Sarah Stiles,1,0,1
Actor,Tati Gabrielle,1,0,1
Actor,Vedabrata Rao,1,1,0
Actor,Leonie Wesselow,1,0,1
Actor,Mike Gomez,1,1,0
Actor,Udhayanidhi Stalin,1,1,0
Actor,Siddhu Jonnalagadda,1,1,0
Actor,Virendra Saxena,1,1,0
Actor,Emmie Lichtenberg,1,0,1
Actor,Eamonn Walker,1,1,0
Actor,Nayobe Nzainab,1,1,0
Actor,Kim Eung-soo,1,0,1
Actor,Tijmen Govaerts,1,1,0
Actor,Wang Qianyuan,1,1,0
Actor,Fu Meng-po,1,1,0
Actor,Park Jong-hwan,1,0,1
Actor,Abhishek D Shah,1,1,0
Actor,Edouard Baer,1,1,0
Actor,Brian Foud,1,0,1
Actor,John Kottoly,1,1,0
Actor,Anthony Phelan,1,0,1
Actor,Trine Dyrholm,1,1,0
Actor,Gina Hecht,1,1,0
Actor,Juan de Marcos,1,1,0
Actor,Matthew McKelligon,1,0,1
Actor,Dewi Chien,1,0,1
Actor,Scaachi Koul,1,0,1
Actor,Josh Dallas,1,0,1
Actor,Ayaka Miyoshi,1,0,1
Actor,Xiao Man,1,0,1
Actor,Sawanee Utoomma,1,0,1
Actor,Yanchat Sankey,1,1,0
Actor,Roxton Garcia,1,1,0
Actor,Javier Oliván,1,1,0
Actor,Sidharth Shukla,1,1,0
Actor,Osama Abdallah,1,0,1
Actor,Lin Hui-min,1,1,0
Actor,Zhang Shunyuan,1,0,1
Actor,Ibrahim Nasr,1,1,0
Actor,Kim Seul-ki,1,0,1
Actor,Juliana Lohmann,1,0,1
Actor,Enrique Montaño,1,0,1
Actor,Matthew Douglas,1,1,0
Actor,Yim Sung-eon,1,0,1
Actor,Peng Yuchang,1,0,1
Actor,Sofia Hublitz,1,0,1
Actor,Song Ji-in,1,0,1
Actor,Kanokchat Munyadon,1,0,1
Actor,Rosabell Laurenti Sellers,1,0,1
Actor,Rafeaa El Shal,1,1,0
Actor,Ahmet Saraçoğlu,1,1,0
Actor,Astrea Lucena,1,0,1
Actor,Rohn Malhotra,1,1,0
Actor,Amrita Chattopadhyay,1,1,0
Actor,Dominic Sherwood,1,1,0
Actor,Conor McDermottroe,1,1,0
Actor,Anne-Sophie Girard,1,0,1
Actor,Tony Bonner,1,1,0
Actor,Héctor Noguera,1,1,0
Actor,Awat Ratanapintha,1,0,1
Actor,Takashi Matsuyama,1,0,1
Actor,Soad Nasr,1,1,0
Actor,Margarita Rosa de Francisco,1,0,1
Actor,Lorenz Martinez,1,1,0
Actor,Hasmine Killip,1,1,0
Actor,Dewi Rezer,1,1,0
Actor,Dagny Backer Johnsen,1,0,1
Actor,April Macie,1,0,1
Actor,Gokulan,1,1,0
Actor,Martina Stella,1,1,0
Actor,Rahul Mittra,1,1,0
Actor,Edward Kagutuzi,1,1,0
Actor,Merits Kayla,1,1,0
Actor,Percy Anane-Dwumfour,1,1,0
Actor,Buddy Duress,1,1,0
Actor,Teeshay,1,1,0
Actor,Gita Siddharth,1,1,0
Actor,Arkady Sharogradsky,1,1,0
Actor,Zhang Yu-quan,1,0,1
Actor,Illya Frank,1,1,0
Actor,Raymond Chiu,1,0,1
Actor,Grant Goodman,1,1,0
Actor,William McNamara,1,1,0
Actor,Ma Anand Sheela,1,1,0
Actor,Thony,1,0,1
Actor,Evan Bird,1,1,0
Actor,Nji Alain,1,1,0
Actor,Valeria Shkirando,1,0,1
Actor,Blanca Ligia Franco,1,1,0
Actor,Berta Castañé,1,0,1
Actor,Simon MacCorkindale,1,1,0
Actor,Magda El-Khatib,1,1,0
Actor,Alicia Fernández,1,1,0
Actor,Yuu Aoi,1,1,0
Actor,J. Ray Acosta,1,0,1
Actor,Dan Donohue,1,0,1
Actor,Ibrahim Dramé,1,1,0
Actor,Yehonatan Vilozny,1,0,1
Actor,Stanislas Merhar,1,1,0
Actor,Antonia Truppo,1,1,0
Actor,Akira Nakao,1,0,1
Actor,Takashi Sorimachi,1,1,0
Actor,Tom Meighan,1,1,0
Actor,Teach Grant,1,1,0
Actor,Syakir Daulay,1,1,0
Actor,Nehemiah Sutton,1,1,0
Actor,Haldun Boysan,1,1,0
Actor,Jose Guns Alves,1,1,0
Actor,Mayday,1,1,0
Actor,Daniel Davids,1,0,1
Actor,Molawa Onajobi,1,1,0
Actor,Giorgio Tirabassi,1,0,1
Actor,Yu Su-bin,1,0,1
Actor,Putu Winchester,1,0,1
Actor,Anastasia Dymitrow,1,1,0
Actor,Kristen Anderson-Lopez,1,0,1
Actor,Axel Muñiz,1,0,1
Actor,Mia Milnes,1,0,1
Actor,Golda Rosheuvel,1,0,1
Actor,Jo Anne Worley,1,1,0
Actor,Montse Pla,1,1,0
Actor,Sarah Wright Olsen,1,0,1
Actor,Will Tsai,1,0,1
Actor,Sudha Chandran,1,1,0
Actor,Luke Newton,1,0,1
Actor,Michael Carnick,1,1,0
Actor,Evan Brinkman,1,1,0
Actor,Emre Kınay,1,1,0
Actor,Daniel Valenzuela,1,0,1
Actor,Frank Dorsin,1,0,1
Actor,Jaboukie Young-White,1,1,0
Actor,Ivan Shvedoff,1,0,1
Actor,Victor Sparapane,1,0,1
Actor,Mike Lin,1,1,0
Actor,Rycardo Agbor,1,1,0
Actor,Mohammed Mahmoud,1,0,1
Actor,Amanda Müller,1,1,0
Actor,Tess Haubrich,1,0,1
Actor,Olga Fonda,1,1,0
Actor,Caroline Labaki,1,1,0
Actor,Ken Hung,1,1,0
Actor,Marielle Heller,1,0,1
Actor,Davide Calgaro,1,1,0
Actor,Kaylee Bryant,1,0,1
Actor,Heather Johansen,1,1,0
Actor,Philypa Phoenix,1,0,1
Actor,Yu Nan,1,1,0
Actor,Dimas Dinang,1,1,0
Actor,Allie Ji,1,0,1
Actor,Tomás Wicz,1,1,0
Actor,Stef Dawson,1,0,1
Actor,Philip Rham,1,1,0
Actor,Acushla-Tara Kupe,1,0,1
Actor,David de Vos,1,1,0
Actor,Roger McGuinn,1,1,0
Actor,Rachel Saanchita Gupta,1,1,0
Actor,Thanongsak Suphakan,1,0,1
Actor,Dominic Bogart,1,0,1
Actor,Dan Mor,1,0,1
Actor,Tarik Davis,1,0,1
Actor,Alhamadi Hamad,1,1,0
Actor,Osqui Guzmán,1,0,1
Actor,George Segal,1,1,0
Actor,Marcel Szymanski,1,1,0
Actor,David Michie,1,1,0
Actor,Alexander Zwart,1,1,0
Actor,Gerasimos Skiadaresis,1,0,1
Actor,Apasiri Kittithanon,1,0,1
Actor,Hafis Ayetoro,1,1,0
Actor,Liz Priestley,1,1,0
Actor,Silvia Pasquel,1,1,0
Actor,August Wilson,1,1,0
Actor,Carolina del Carmen Peleritti,1,0,1
Actor,Fabio Balsamo,1,0,1
Actor,Jon Rod,1,0,1
Actor,Ba Yu,1,0,1
Actor,Jonathan Scott,1,0,1
Actor,Pik Sen Lim,1,0,1
Actor,Harriet Lenabe,1,1,0
Actor,Ricky Tribord,1,0,1
Actor,Abdullah Bahman,1,0,1
Actor,Dhirendra,1,0,1
Actor,Epy Kusnandar,1,1,0
Actor,Lee Jones,1,1,0
Actor,Madior Fall,1,0,1
Actor,Jane McCarry,1,0,1
Actor,Terence Bayler,1,1,0
Actor,Mario Tardón,1,1,0
Actor,Caroline Hatem,1,1,0
Actor,Jeyan Cherthala,1,1,0
Actor,KiKi Layne,1,1,0
Actor,Kurt Sorge,1,1,0
Actor,Abigail Vibat,1,1,0
Actor,Sanjay Goradia,1,1,0
Actor,Sumanth Shailendra,1,1,0
Actor,Ishaan Vasdev,1,1,0
Actor,Carlos Quintero,1,0,1
Actor,Udoka Onyeka,1,1,0
Actor,Gérard Darmon,1,0,1
Actor,Alexander Morton,1,1,0
Actor,Eyal Shikratzi,1,0,1
Actor,Aldovina Chiziane,1,1,0
Actor,Pollyanna McIntosh,1,0,1
Actor,Jimmy Sharma,1,1,0
Actor,Dario Yazbek,1,1,0
Actor,Ami Tomite,1,0,1
Actor,Angélica Celaya,1,0,1
Actor,Dragan Despot,1,0,1
Actor,Thomas Prenn,1,0,1
Actor,Aleyse Shannon,1,0,1
Actor,Russell Harvard,1,1,0
Actor,Natasha Richardson,1,1,0
Actor,Rebecca Hanssen,1,0,1
Actor,Heba Nour,1,1,0
Actor,Javier Mascherano,1,1,0
Actor,Jorge Caballero,1,0,1
Actor,Shakti Chen,1,1,0
Actor,Paul Campbell,1,1,0
Actor,Mireille Maalouf,1,1,0
Actor,Priscilla Quintana,1,1,0
Actor,Liz Torres,1,0,1
Actor,Li Chung-lin,1,0,1
Actor,Lisa Dwan,1,0,1
Actor,Tommy Yuen,1,1,0
Actor,Kamil Wodka,1,0,1
Actor,Charles Ingram,1,1,0
Actor,Melinda McGraw,1,1,0
Actor,Thaer Al-Shayei,1,1,0
Actor,Muhammet Uzuner,1,1,0
Actor,Abeer Alotaibi,1,0,1
Actor,Ali Mir,1,1,0
Actor,Camilla Filippi,1,0,1
Actor,Alexander Lloyd,1,1,0
Actor,Supasawad Buranawech,1,0,1
Actor,Carlotta Antonelli,1,0,1
Actor,Mwaura Bilal,1,1,0
Actor,Dai Yunfan,1,0,1
Actor,Chris Edwards,1,1,0
Actor,Thanawut Ketsaro,1,1,0
Actor,Konstantin Rommelfangen,1,0,1
Actor,Tony Goodman,1,1,0
Actor,Boonsong Nakphoo,1,0,1
Actor,Caio Cabral,1,1,0
Actor,Claudie Blakley,1,1,0
Actor,Henry F. Benjamin,1,0,1
Actor,Reem Saadeh,1,0,1
Actor,Mesut Çakarli,1,1,0
Actor,Zhang Yichi,1,0,1
Actor,Aditya Kumar,1,1,0
Actor,Val Maloku,1,1,0
Actor,Kelsey Flower,1,0,1
Actor,Marie Humbert,1,1,0
Actor,Yigal Adika,1,0,1
Actor,Ellie White,1,0,1
Actor,Zheng Yingchen,1,0,1
Actor,On Ju-wan,1,0,1
Actor,Tim Seyfi,1,0,1
Actor,Tom Van Dyck,1,0,1
Actor,Mammootty,1,1,0
Actor,Liana Ayoun,1,0,1
Actor,David Pinard,1,1,0
Actor,Anna Maiche,1,0,1
Actor,Aiden Hung,1,0,1
Actor,Anud Singh Dhaka,1,0,1
Actor,Maddie Baillio,1,1,0
Actor,Orange Tan,1,0,1
Actor,Silvia D'Amico,1,1,0
Actor,Gillian White,1,1,0
Actor,Lei Andre Navarro,1,1,0
Actor,Shruti Sharma,1,1,0
Actor,Aidan Langford,1,0,1
Actor,Ahmed Seyam,1,1,0
Actor,Daniel Rey,1,1,0
Actor,Megan Elisabeth Kelly,1,1,0
Actor,Janae Marie Kroczaleski,1,1,0
Actor,Anangsha Biswas,1,1,0
Actor,Chiang Ching-yen,1,0,1
Actor,Kodai Matsuoka,1,1,0
Actor,Leon Thomas III,1,0,1
Actor,Rajender Sethi,1,1,0
Actor,Ayaka Nanase,1,0,1
Actor,Kehinde Fasuyi,1,1,0
Actor,Sagine Semajuste,1,1,0
Actor,David Rysdahl,1,0,1
Actor,Juan Manuel Bernal,1,0,1
Actor,Adam Pålsson,1,0,1
Actor,Molly Nutley,1,1,0
Actor,Akira Emoto,1,1,0
Actor,Wyclef Jean,1,1,0
Actor,Piper Curda,1,1,0
Actor,Gudrun Ritter,1,0,1
Actor,Lee Hyun-woo,1,0,1
Actor,Luke Eisner,1,1,0
Actor,Lauren Esposito,1,1,0
Actor,Chris Reid,1,0,1
Actor,Koyuki,1,0,1
Actor,Jinjuta Rattanaburi,1,1,0
Actor,Eric Obinna,1,1,0
Actor,Abayomi Alvin,1,1,0
Actor,Peemapol Panichtamrong,1,0,1
Actor,Adnan Jaffar,1,1,0
Actor,Diego Soldano,1,0,1
Actor,Mya Lewis,1,1,0
Actor,Bagavathi Perumal,1,1,0
Actor,Brandi Carlile,1,0,1
Actor,Deniz Orta,1,0,1
Actor,Elise Loehnen,1,0,1
Actor,Keanu Chi,1,1,0
Actor,Kim Seong-won,1,0,1
Actor,Mónica Ayos,1,0,1
Actor,Kougoin Kenneth Yuh,1,1,0
Actor,Shirin Sewani,1,0,1
Actor,Nathan Fielder,1,1,0
Actor,Miona Hori,1,1,0
Actor,Dul Jaelani,1,1,0
Actor,Cida Rolim,1,1,0
Actor,Rinrada Inthaisong,1,0,1
Actor,Akihiro Blanco,1,1,0
Actor,Martin L. Washington Jr.,1,1,0
Actor,Moatasem Alnahar,1,0,1
Actor,Honami Sato,1,1,0
Actor,Steve Gutierrez,1,1,0
Actor,José María Pou,1,1,0
Actor,Le Khanh,1,1,0
Actor,Kate McGregor-Stewart,1,1,0
Actor,Akofa Edjeani Asiedu,1,1,0
Actor,Gavin Brocker,1,1,0
Actor,Hajrah Khan,1,1,0
Actor,Lillian Doucet-Roche,1,1,0
Actor,Janice Man,1,1,0
Actor,Eric Cheng,1,0,1
Actor,Michał Czernecki,1,0,1
Actor,Monther Rayahnah,1,0,1
Actor,Pooja Punabi,1,1,0
Actor,Jang Won-hyeok,1,0,1
Actor,Binny Rinky Benjamin,1,1,0
Actor,David Brown,1,1,0
Actor,Myra Molloy,1,1,0
Actor,Mel Fronckowiak,1,0,1
Actor,CJ Navato,1,1,0
Actor,Tony Martin,1,0,1
Actor,Sukhjinder Shera,1,1,0
Actor,Katherine Levac,1,0,1
Actor,Salim Samatou,1,1,0
Actor,Annamaya Verma,1,1,0
Actor,Neha Pawar,1,1,0
Actor,Jesese Mungoshi,1,1,0
Actor,Sky Teotico,1,1,0
Actor,Rifaat Tarabay,1,1,0
Actor,Truong Hoang Hanh Thy,1,1,0
Actor,Atticus Shaffer,1,0,1
Actor,Kohei Amasaki,1,0,1
Actor,Platon,1,0,1
Actor,Marimar Vega,1,0,1
Actor,Sophia Lillis,1,0,1
Actor,Lal Jose,1,1,0
Actor,Jing Xiang,1,0,1
Actor,Alun Armstrong,1,0,1
Actor,Ronnie James Dio,1,1,0
Actor,Damon Guo,1,0,1
Actor,Mikel Losada,1,1,0
Actor,Ashleigh LaThrop,1,0,1
Actor,Pa Jimi Solanke,1,1,0
Actor,Margaret Jackman,1,0,1
Actor,Oliver Korittke,1,1,0
Actor,Kay Lertsittichai,1,1,0
Actor,Michelle Barthel,1,0,1
Actor,Guillaume Duhesme,1,1,0
Actor,Mac Davis,1,0,1
Actor,Tight Eyez,1,1,0
Actor,Franco Lo Presti,1,1,0
Actor,Park Joo-mi,1,0,1
Actor,Tom Glynn-Carney,1,1,0
Actor,Raymond Lauchengco,1,1,0
Actor,Katrina Durden,1,1,0
Actor,Byron Bowers,1,1,0
Actor,Seerat Kapoor,1,1,0
Actor,Adrianna Chlebicka,1,1,0
Actor,Tony Leung Chiu Wai,1,1,0
Actor,Amanda Campana,1,0,1
Actor,Giuseppe Maggio,1,1,0
Actor,Lorna Tolentino,1,1,0
Actor,Tracey Ashley,1,0,1
Actor,Waluscha D'Souza,1,1,0
Actor,Huang Ying,1,0,1
Actor,Bae Hae-sun,1,0,1
Actor,Katareeya Theapchatri,1,0,1
Actor,Jeffrey Garcia,1,1,0
Actor,Nandkishore,1,1,0
Actor,Joseph Bishara,1,1,0
Actor,Dimas Anggara,1,1,0
Actor,Maria Casadevall,1,0,1
Actor,Chris Tardio,1,1,0
Actor,Avinash Raghudevan,1,1,0
Actor,Pradeep Velankar,1,1,0
Actor,Jerónimo Giocondo Bosia,1,1,0
Actor,Lee Su-hyun,1,0,1
Actor,Sarah Minnich,1,1,0
Actor,Zach Avery,1,1,0
Actor,Orlando Valenzuela,1,0,1
Actor,Megan Boone,1,0,1
Actor,John Novak,1,0,1
Actor,Stycie Waweru,1,1,0
Actor,Ahn Jae-hyeon,1,0,1
Actor,Esteban Rojas,1,1,0
Actor,Doron Bell,1,0,1
Actor,Kongkid Visessiri,1,1,0
Actor,Aashay Kulkarni,1,1,0
Actor,Elizabeth Alda,1,1,0
Actor,Kim Mu-yeol,1,1,0
Actor,Adib Alkhalidey,1,0,1
Actor,Kim Yong-geon,1,0,1
Actor,Bruce Best,1,1,0
Actor,Dave Hendrik,1,1,0
Actor,Sylvia Oluchy,1,1,0
Actor,John Pirruccello,1,1,0
Actor,Joe Ashman,1,1,0
Actor,Rupa Tamang,1,1,0
Actor,Akshay Sachdev,1,1,0
Actor,Arianne Mavis Uera,1,1,0
Actor,Karol Alves,1,1,0
Actor,Andrea Sutton,1,1,0
Actor,Mariah Bozeman,1,1,0
Actor,Anga Makubalo,1,0,1
Actor,Tony Labrusca,1,1,0
Actor,Jona Xiao,1,0,1
Actor,Dillon Fontana,1,1,0
Actor,Delnaaz Irani,1,0,1
Actor,Tinna Hrafnsdóttir,1,0,1
Actor,Jose Miguel Vasquez,1,0,1
Actor,Huang Qian Shuo,1,0,1
Actor,Gouchy Boy,1,1,0
Actor,Laura Margolis,1,1,0
Actor,Patti Harrison,1,0,1
Actor,Liz Franke,1,1,0
Actor,Lance Guest,1,1,0
Actor,Olunike Adeliyi,1,0,1
Actor,Noriaki Kanze,1,0,1
Actor,Chen Chia-kuei,1,0,1
Actor,Katherine Halliday,1,0,1
Actor,Candice Patton,1,0,1
Actor,Diandra Agatha,1,1,0
Actor,Park Mi-sun,1,0,1
Actor,José Mujica,1,1,0
Actor,Juan Pablo de Santiago,1,0,1
Actor,Young-chul Kim,1,0,1
Actor,Samyuktha Hegde,1,1,0
Actor,Caner Cindoruk,1,1,0
Actor,Amir El Kacem,1,0,1
Actor,Herbert Bautista,1,0,1
Actor,Anjum Batra,1,1,0
Actor,Kevin Rivera,1,1,0
Actor,Sippy Gill,1,1,0
Actor,Robert G. Chiu,1,1,0
Actor,Charles Esten,1,0,1
Actor,Russell Roberts,1,1,0
Actor,Rick Skene,1,1,0
Actor,Madoka Yokoyama,1,0,1
Actor,Jason McGuire,1,1,0
Actor,Ting Chun-cheng,1,0,1
Actor,Surekha Sikri,1,1,0
Actor,Tanner Beard,1,1,0
Actor,Jülide Kural,1,1,0
Actor,Krijay Govender,1,1,0
Actor,Savita Prabhune,1,1,0
Actor,Ikechukwu,1,1,0
Actor,Yuan Hong,1,0,1
Actor,Ella Rappich,1,0,1
Actor,Toyin Alabi,1,1,0
Actor,Ini Dima Okojie,1,0,1
Actor,Abdelghani Kitab,1,1,0
Actor,Gopal Bidari,1,1,0
Actor,Will 'Spank' Horton,1,0,1
Actor,Wardeh Dukwar,1,1,0
Actor,Diya Sonecha,1,1,0
Actor,Bambadjan Bamba,1,0,1
Actor,Doğa Konakoğlu,1,1,0
Actor,Aki Yashiro,1,0,1
Actor,Selahattin Paşalı,1,0,1
Actor,Leo Bai-Scanavino,1,0,1
Actor,Ploy Jindachote,1,1,0
Actor,Atom Shukugawa,1,0,1
Actor,Cláudia Okuno,1,0,1
Actor,Maya Washington,1,1,0
Actor,Bharati Patil,1,1,0
Actor,Hani R. Eskander,1,1,0
Actor,Given Stuurman,1,0,1
Actor,Araloyin Oshunremi,1,0,1
Actor,Charlie Hall,1,1,0
Actor,Fanny Tovar,1,1,0
Actor,Sandy Dennis,1,1,0
Actor,Jaclyn Jose,1,1,0
Actor,Ryan O'Connell,1,0,1
Actor,Seun Kentebe,1,1,0
Actor,Armand Reyes,1,1,0
Actor,Doug Hutchison,1,1,0
Actor,Gavin McCulley,1,1,0
Actor,Khaled Al-Shaer,1,0,1
Actor,Shiloh Nelson,1,1,0
Actor,Alex Lange,1,0,1
Actor,Rio Suzuki,1,1,0
Actor,Halit Özgür Sarı,1,1,0
Actor,Raj Virk,1,1,0
Actor,Réal Bossé,1,1,0
Actor,Reda Hamed,1,1,0
Actor,Lisbeth Wulff,1,0,1
Actor,Michael Thomas,1,1,0
Actor,Lena Meyer-Landrut,1,0,1
Actor,Arthur Aspaturian,1,1,0
Actor,Yuhei Takagi,1,1,0
Actor,Greg Lawson,1,0,1
Actor,Fadee Andrawos,1,1,0
Actor,Arty Casas,1,0,1
Actor,Sarun Cinsuvapala,1,1,0
Actor,Juan Pablo Zurita,1,0,1
Actor,William Townsend,1,1,0
Actor,Koen De Sutter,1,0,1
Actor,Anne Consigny,1,1,0
Actor,Jorge Zárate,1,0,1
Actor,Eric Kwok,1,0,1
Actor,Ammo 'Too Sweet',1,1,0
Actor,Isabel Garrido,1,0,1
Actor,Pyper Braun,1,0,1
Actor,Liora Rivlin,1,0,1
Actor,Burgess Abernethy,1,0,1
Actor,Carla Sehn,1,0,1
Actor,Thembisa Mdoda,1,1,0
Actor,Jasper,1,1,0
Actor,Maha Ahmed,1,1,0
Actor,Nagwa Ibrahim,1,1,0
Actor,Biagio Izzo,1,1,0
Actor,Ted Kaczynski,1,0,1
Actor,Mark-Paul Gosselaar,1,0,1
Actor,Jo Hyun-jung,1,0,1
Actor,Ahmad Rizq,1,1,0
Actor,Luke Thompson,1,0,1
Actor,Zhou Zixin,1,0,1
Actor,Ahmed El Hozeem,1,0,1
Actor,Sehun,1,0,1
Actor,Marcus Majella,1,1,0
Actor,Christian Friedel,1,0,1
Actor,Tarek El Tilmisany,1,1,0
Actor,Jay Cardinal Villeneuve,1,1,0
Actor,Hakan Akın,1,1,0
Actor,Revalina S. Temat,1,1,0
Actor,Cole Seaver,1,0,1
Actor,Matt Mulhern,1,0,1
Actor,Wimolphan Chaleejunghan,1,0,1
Actor,Alex Roe,1,1,0
Actor,Hakou Benosmane,1,1,0
Actor,Sahil Vaid,1,1,0
Actor,Aashi Rawal,1,1,0
Actor,Park Eun-hye,1,0,1
Actor,Scott Dixon,1,1,0
Actor,Russell G. Jones,1,1,0
Actor,Kally Berard,1,1,0
Actor,Baaj Adebule,1,1,0
Actor,Redman,1,1,0
Actor,Andrea Del Rosario,1,1,0
Actor,Aileen Mythen,1,0,1
Actor,Dani Schaffel,1,0,1
Actor,Lily Banda,1,1,0
Actor,Leah Vandenberg,1,0,1
Actor,Song Sang-eun,1,0,1
Actor,Park Seo-kyung,1,0,1
Actor,Metin Yıldız,1,1,0
Actor,Macaulay Culkin,1,1,0
Actor,Max Bremer,1,0,1
Actor,Sean Skene,1,1,0
Actor,Deborah Knox- Hewson,1,0,1
Actor,Adithya Menon,1,1,0
Actor,Ririka,1,0,1
Actor,Honey Chaaya,1,1,0
Actor,Inge Beckmann,1,1,0
Actor,Jocelyn Choi,1,1,0
Actor,Lee Hye-ri,1,0,1
Actor,Ray Chang,1,0,1
Actor,Bruce Davis,1,1,0
Actor,Ronwaldo Martin,1,1,0
Actor,Bruno Montaleone,1,1,0
Actor,Miriam Giovanelli,1,0,1
Actor,Gwen Zamora,1,1,0
Actor,Marina Brandão,1,0,1
Actor,Jonah Lees,1,0,1
Actor,Hong Van,1,1,0
Actor,Donia Maher,1,0,1
Actor,Jacek Strama,1,1,0
Actor,Seif Abdelrahman,1,1,0
Actor,Sandeep Varanasi,1,1,0
Actor,Miu Arai,1,1,0
Actor,Hanno Koffler,1,1,0
Actor,Bessart Kallaku,1,1,0
Actor,Melanie Scrofano,1,0,1
Actor,Camille Salameh,1,1,0
Actor,Niteesh Wadhwa,1,1,0
Actor,Kunika,1,1,0
Actor,Mohammad Alsayyed Ali,1,1,0
Actor,Shinya Niiro,1,1,0
Actor,Padmini Kolhapure,1,1,0
Actor,Renee Stein,1,1,0
Actor,Mark Gruner,1,1,0
Actor,Ketan Karande,1,1,0
Actor,Paul Barrett,1,1,0
Actor,Julie Nathanson,1,0,1
Actor,Andra Day,1,0,1
Actor,Motlatsi Mafatshe,1,1,0
Actor,Dennis Lindsey,1,1,0
Actor,Tony Denham,1,1,0
Actor,He Bin,1,0,1
Actor,Rodolfo Silva,1,0,1
Actor,Kuo Tze-cheng,1,0,1
Actor,Mafalda Carbonell,1,1,0
Actor,Nicky Jam,1,0,1
Actor,Cosmin Nedelcu,1,1,0
Actor,Ria Ricis,1,1,0
Actor,Sascha Alexander Gersak,1,1,0
Actor,Azeen Ghorayshi,1,0,1
Actor,Irem Altug,1,0,1
Actor,Pattanachai Adirek,1,0,1
Actor,Hunter Page-Lochard,1,0,1
Actor,Brid Brennan,1,1,0
Actor,Aachal Munjal,1,1,0
Actor,Fiona Fu,1,1,0
Actor,Thomas Levin,1,0,1
Actor,Megan Hollingshead,1,0,1
Actor,Geraldine Neary,1,1,0
Actor,Surya Amitrano,1,1,0
Actor,Marina Hands,1,0,1
Actor,Madoka Yoshida,1,0,1
Actor,Margaux Bonin,1,1,0
Actor,Ayra,1,1,0
Actor,Ananda Badudu,1,1,0
Actor,Sophiya Chaudhary,1,1,0
Actor,Agam Darshi,1,1,0
Actor,Emily Coates,1,0,1
Actor,Christian Bouillette,1,1,0
Actor,Kang Hoon,1,0,1
Actor,Angeline Yap,1,1,0
Actor,Duangjai Hirunsri,1,0,1
Actor,Tyra Ferrell,1,1,0
Actor,Loo Nascimento,1,0,1
Actor,Hind Rostom,1,1,0
Actor,Kuwaarjeet Chopraa,1,1,0
Actor,Mohamad Chamas,1,1,0
Actor,Haru,1,1,0
Actor,Hong Seo-young,1,0,1
Actor,Wen Xin,1,1,0
Actor,Samir Waley Eldein,1,1,0
Actor,Marilou Aussilloux,1,0,1
Actor,Raquel Virgínia,1,0,1
Actor,Devika Sanjay,1,1,0
Actor,M Ibrahim,1,1,0
Actor,Taylor Hill,1,1,0
Actor,Carson Rowland,1,0,1
Actor,Kim Yu-mi,1,0,1
Actor,Michel Bercovitch,1,1,0
Actor,Doria Achour,1,1,0
Actor,Amy Saville,1,1,0
Actor,Fleur Fitoussi,1,1,0
Actor,Jamie Martin Mann,1,0,1
Actor,Stephen Huszar,1,1,0
Actor,Schuyler Fisk,1,1,0
Actor,Victor Bonnel,1,1,0
Actor,Cyril Lecomte,1,1,0
Actor,Natticha Chantaravareelekha,1,0,1
Actor,Lei Hong,1,1,0
Actor,Kimmy Shields,1,0,1
Actor,Miwa Yanagizawa,1,0,1
Actor,Steve Oropeza,1,1,0
Actor,Jiemeng Zhuang,1,1,0
Actor,Onyama Laura,1,1,0
Actor,Tainá Müller,1,0,1
Actor,Anwulika Alphonsus,1,1,0
Actor,Amiel Cayo,1,1,0
Actor,Manon Bresch,1,0,1
Actor,Ghassan Chemali,1,1,0
Actor,Delia Casanova,1,1,0
Actor,Moshe Ivgy,1,0,1
Actor,Beau Fowler,1,1,0
Actor,Shoko Nakagawa,1,0,1
Actor,Andrea-Marie Alphonse,1,1,0
Actor,Luca Gilliot,1,1,0
Actor,Atsushi Goto,1,0,1
Actor,Izu Konishi,1,0,1
Actor,Bing Crosby,1,1,0
Actor,Katrina Nare,1,1,0
Actor,Neta Garty,1,0,1
Actor,Maísa Silva,1,1,0
Actor,Adam Garcia,1,1,0
Actor,Josette Halpert,1,1,0
Actor,Iman Benson,1,0,1
Actor,Ian Veneracion,1,1,0
Actor,Christopher Egan,1,1,0
Actor,Vanessa Rubio,1,0,1
Actor,Gonzalo Delgado,1,1,0
Actor,Allie Bertram,1,0,1
Actor,Rosemary Dunsmore,1,1,0
Actor,Qu Chuxiao,1,1,0
Actor,Emily Tsai,1,0,1
Actor,Kim Hye-jun,1,0,1
Actor,Kagiso Modupe,1,0,1
Actor,Ko A-sung,1,1,0
Actor,Marco Baliani,1,0,1
Actor,John Dye,1,1,0
Actor,Salma Malhas,1,0,1
Actor,Zouzou Ben Chikha,1,0,1
Actor,Aymeric Jett Montaz,1,0,1
Actor,Charlotte Lindsay Marron,1,1,0
Actor,Moataz Al-Demerdash,1,1,0
Actor,Hermínio Ribeiro,1,0,1
Actor,Tarun Arora,1,1,0
Actor,Kim Sung-kyu,1,0,1
Actor,Supasit Chinvinijkul,1,0,1
Actor,Ruzana Ibrahim,1,0,1
Actor,Victor Artus Solaro,1,1,0
Actor,Gijs Blom,1,0,1
Actor,Peter Macdissi,1,1,0
Actor,Amir Raza Hussain,1,1,0
Actor,Lama Hakeim,1,1,0
Actor,Shelia Dara,1,1,0
Actor,Verónica Orozco,1,0,1
Actor,Mia Dillon,1,1,0
Actor,Hitesh Bhojraj,1,1,0
Actor,Ray J,1,1,0
Actor,Joon-hyuk Lee,1,0,1
Actor,Cathy Belton,1,1,0
Actor,Jan Frycz,1,1,0
Actor,Ariadna Gil,1,1,0
Actor,Richard Wershe Jr.,1,1,0
Actor,Zuzanna Galewicz,1,0,1
Actor,Pearl Nkiru Waturuocha,1,0,1
Actor,Prashant Prakash,1,1,0
Actor,Joséphine de Meaux,1,1,0
Actor,Nokuthula Mazibuko,1,1,0
Actor,Yoo Jae-suk,1,0,1
Actor,Griffin Puatu,1,0,1
Actor,Alice Dwyer,1,1,0
Actor,Hanggini,1,1,0
Actor,Stephanía Duque,1,0,1
Actor,Ashley Walters,1,0,1
Actor,Myriam Klink,1,1,0
Actor,Jesús Ruyman,1,0,1
Actor,Biswapati Sarkar,1,1,0
Actor,Serge Christianssens,1,1,0
Actor,Suraj Venjaramoodu,1,1,0
Actor,Duffy,1,1,0
Actor,Anuj Sachdeva,1,1,0
Actor,Jivan Karlakar,1,1,0
Actor,Khafi Kareem,1,1,0
Actor,Sophie Rois,1,0,1
Actor,Kristine Riis,1,0,1
Actor,Choi Sin-deuk,1,0,1
Actor,Nomonde Mbusi,1,1,0
Actor,Stan Nze,1,1,0
Actor,Max Macmillan,1,0,1
Actor,Manoj K. Jayan,1,1,0
Actor,Kokoy De Santos,1,0,1
Actor,Vitaliya Kornienko,1,0,1
Actor,Rico,1,1,0
Actor,Bernadette Hodeib,1,1,0
Actor,Jinu,1,0,1
Actor,Brad Silverman,1,1,0
Actor,James Pickens Jr.,1,0,1
Actor,Elena Purea,1,1,0
Actor,Ye Yu-jia,1,0,1
Actor,Sarah-Jane Potts,1,0,1
Actor,Betty Bellor,1,1,0
Actor,Salvatore Coco,1,0,1
Actor,Aman Dhaliwal,1,1,0
Actor,Shadia,1,1,0
Actor,Tyler McCaul,1,1,0
Actor,Rydhen Afexi,1,1,0
Actor,Nick Trent,1,1,0
Actor,Fatima Jabbe,1,1,0
Actor,Raúl Medina,1,0,1
Actor,Jon Cypher,1,0,1
Actor,Shin So-yul,1,0,1
Actor,Marlo Kelly,1,0,1
Actor,JuJu Chan,1,1,0
Actor,Olivia Molina,1,0,1
Actor,Gratitude Dai,1,0,1
Actor,Olivier Bonjour,1,0,1
Actor,Teresa Riott,1,0,1
Actor,Giuseppe Gamba,1,1,0
Actor,Nabila Ait Amer,1,1,0
Actor,Bárbara Lombardo,1,0,1
Actor,Shi Shi,1,1,0
Actor,Barbara Babcock,1,1,0
Actor,Natasha Powell,1,1,0
Actor,Felipe Castanhari,1,0,1
Actor,Ghassan Massoud,1,1,0
Actor,Jules Buckley,1,1,0
Actor,Big Sean,1,1,0
Actor,Viviane Porto,1,0,1
Actor,Jenny Richardson,1,0,1
Actor,Mami Shitara,1,0,1
Actor,Valérie Kaprisky,1,1,0
Actor,Margaret Odette,1,0,1
Actor,Vedat Erincin,1,1,0
Actor,Jordan Mooney,1,0,1
Actor,Reem Abd El Kader,1,0,1
Actor,Mitsuaki Hoshino,1,0,1
Actor,Christian Loho,1,1,0
Actor,Park In-hwan,1,0,1
Actor,Felix Engström,1,0,1
Actor,Richard l’Anson,1,0,1
Actor,Mariano Mattos Martins,1,0,1
Actor,Ariana Greenblatt,1,1,0
Actor,Pigeon John,1,1,0
Actor,Fathy Abdel Wehab,1,0,1
Actor,Los Tigres del Norte,1,1,0
Actor,Vlado Mihailov,1,1,0
Actor,Pedro Andreu,1,1,0
Actor,Emilio Buale,1,1,0
Actor,Xavi Sáez,1,0,1
Actor,Ji Li,1,0,1
Actor,Hind Alsaigh,1,0,1
Actor,Swapnil Kumari,1,0,1
Actor,Daniela Bascopé,1,0,1
Actor,Anna-Louise Plowman,1,1,0
Actor,Jesse Metcalfe,1,1,0
Actor,Kang Ki-young,1,0,1
Actor,Carlos Kaspar,1,0,1
Actor,Emyri Crutchfield,1,1,0
Actor,Enoch Frost,1,1,0
Actor,Mauro Sánchez Navarro,1,0,1
Actor,Banita Thakuriya,1,1,0
Actor,Rob Estes,1,1,0
Actor,Chad Smith,1,1,0
Actor,Rel Hunt,1,0,1
Actor,Anna Alarcón,1,0,1
Actor,Brian Austin Green,1,1,0
Actor,Ana Sophia Heger,1,1,0
Actor,Daniel Furlan,1,0,1
Actor,Charlotte Geiger,1,1,0
Actor,Ignacio Quesada,1,0,1
Actor,Hayat Kamille,1,1,0
Actor,Thanapob Leeratanakachorn,1,1,0
Actor,Hey! Say! JUMP,1,0,1
Actor,Fernando Memije,1,0,1
Actor,Bárbara López,1,0,1
Actor,Ivy Lissack,1,1,0
Actor,Misha Handley,1,0,1
Actor,Lori Gardner,1,0,1
Actor,Morla Gorrondona,1,0,1
Actor,Charles Inojie,1,1,0
Actor,Yoshiko Miyazaki,1,1,0
Actor,Pedro Rezende,1,0,1
Actor,K. Trevor Wilson,1,0,1
Actor,Norm Macdonald,1,1,0
Actor,Roman Karev,1,0,1
Actor,Chuks Chukwujekwu,1,1,0
Actor,Zaki Tolaimat,1,1,0
Actor,Evan Michael Lee,1,1,0
Actor,Meyer Schwartz,1,1,0
Actor,Cho Ryun,1,0,1
Actor,Devan Key,1,1,0
Actor,Eduardo Valdarnini,1,0,1
Actor,Ellen Wroe,1,1,0
Actor,Jonathan Kidder,1,0,1
Actor,Ungku Hariz,1,0,1
Actor,Nichika Omori,1,0,1
Actor,Meezaan Jaffrey,1,1,0
Actor,Billie Merritt,1,1,0
Actor,Jung Won-joong,1,1,0
Actor,Jess Zhang,1,1,0
Actor,Vishal Om Prakash,1,1,0
Actor,Yoshiyoshi Arakawa,1,0,1
Actor,Ashwanth Ashok Kumar,1,1,0
Actor,Savannah Gordon-Liburd,1,1,0
Actor,Hadi Bou Ayash,1,1,0
Actor,Joel Nagle,1,1,0
Actor,Fitria Rasyidi,1,1,0
Actor,Rafael Medrado,1,1,0
Actor,Briana Buckmaster,1,0,1
Actor,Parthveer Shukla,1,1,0
Actor,Carin Sprague,1,1,0
Actor,Khumbulani Kay Sibiya,1,0,1
Actor,Robbie Sublett,1,1,0
Actor,Yoshiki Nakajima,1,0,1
Actor,Marie Wagenman,1,1,0
Actor,Sofia Black-D'Elia,1,1,0
Actor,Jeon Hye-bin,1,0,1
Actor,Hans Martin Stier,1,1,0
Actor,Julian Cullen,1,0,1
Actor,Katie Douglas,1,1,0
Actor,Hope Ikpoku Jr.,1,0,1
Actor,Natalie Pérez,1,0,1
Actor,Amy Cheng,1,1,0
Actor,Sibongile Khumalo,1,1,0
Actor,Isabella Mancuso,1,1,0
Actor,Gunn Svasti Na Ayudhya,1,1,0
Actor,Paulo Americano,1,1,0
Actor,Anita Shabdeesh,1,1,0
Actor,Anthony Jennings,1,0,1
Actor,Raymond Ma,1,1,0
Actor,Ogbolor,1,1,0
Actor,Aaron Eisenberg,1,1,0
Actor,Jottapê,1,0,1
Actor,Vrund Rao,1,0,1
Actor,Lewis Pullman,1,1,0
Actor,Misuzu Kanno,1,1,0
Actor,Suresh Gopi,1,1,0
Actor,Yang Tianxiang,1,1,0
Actor,Gal Toren,1,0,1
Actor,Tsuyoshi Muro,1,1,0
Actor,Bidemi Kosoko,1,1,0
Actor,Romina Richi,1,1,0
Actor,Meral Niazi,1,1,0
Actor,Elke Boucher-Depew,1,1,0
Actor,Tathastu,1,1,0
Actor,Orkun Karagöz,1,1,0
Actor,Anwan Glover,1,1,0
Actor,Lisa Sanders,1,0,1
Actor,Guillermo Francella,1,1,0
Actor,Leanne Best,1,0,1
Actor,José Ángel Bichir,1,0,1
Actor,Michael Alaimo,1,1,0
Actor,Sonia Giri,1,1,0
Actor,Cyril Mendy,1,1,0
Actor,Diane Baker,1,1,0
Actor,Stella Miranda,1,1,0
Actor,Bukky Ajayi,1,1,0
Actor,Khandi Alexander,1,1,0
Actor,Rashid Abdul,1,1,0
Actor,Delimawati,1,1,0
Actor,Wong Suet-yin,1,1,0
Actor,Rola Beksmati,1,1,0
Actor,Chance Perdomo,1,0,1
Actor,Song Young-kyu,1,0,1
Actor,Jyoti Amge,1,0,1
Actor,Hans Gunawan,1,1,0
Actor,Billy Breed,1,0,1
Actor,Morten Kirkskov,1,0,1
Actor,Eoghan Thomas Murphy,1,1,0
Actor,Xiao Shen-Yang,1,1,0
Actor,Rafael Amaya,1,0,1
Actor,Christian Escribà,1,0,1
Actor,Nate Parker,1,1,0
Actor,Dr. Christine Moutier,1,0,1
Actor,Jacky Chu,1,0,1
Actor,Hindia,1,1,0
Actor,Sherihan,1,1,0
Actor,Panisara Rikulsurakan,1,1,0
Actor,Paul Reid,1,0,1
Actor,Jace Norman,1,0,1
Actor,Tanya Nasr,1,1,0
Actor,Julio César Pachón,1,0,1
Actor,James Melville,1,1,0
Actor,Brahmaji,1,1,0
Actor,Heba Al Hamwi,1,1,0
Actor,Mouzam Makkar,1,0,1
Actor,Yuriy Nasonov,1,1,0
Actor,Seána Kerslake,1,0,1
Actor,Kimberley Nixon,1,1,0
Actor,L. Alice,1,1,0
Actor,Dylan Gelula,1,1,0
Actor,Hiroto Kanai,1,1,0
Actor,Stig Amdam,1,0,1
Actor,Angelia Livie,1,1,0
Actor,Lisbeth Lopez Acquah,1,1,0
Actor,Ariel Mortman,1,0,1
Actor,Kai Moya,1,0,1
Actor,Kerem Bürsin,1,0,1
Actor,Sunny Sandler,1,1,0
Actor,Zach Tyler,1,0,1
Actor,Rosie Simon,1,0,1
Actor,Ismail Basbeth,1,1,0
Actor,Mothusi Magano,1,1,0
Actor,Hiroshi Ito,1,0,1
Actor,José Daniel Cristancho,1,0,1
Actor,Yara Bou Nassar,1,1,0
Actor,Mohammed Albakri,1,0,1
Actor,Naoto Kobayashi,1,0,1
Actor,Empress Schuck,1,1,0
Actor,Ramesh Bhat,1,1,0
Actor,Naomi Grossman,1,0,1
Actor,Minami Takahashi,1,0,1
Actor,Gavie Chahal,1,1,0
Actor,Eleonora Wexler,1,0,1
Actor,Sethu Darwin,1,1,0
Actor,Elham Abbas,1,1,0
Actor,Mark Hefti,1,0,1
Actor,Emilia Claudeville,1,1,0
Actor,Claire Tran,1,1,0
Actor,Narumi Takahira,1,0,1
Actor,Callie Holley,1,1,0
Actor,Julia Koschitz,1,1,0
Actor,Kai Yang-niu,1,0,1
Actor,Miles Anderson,1,1,0
Actor,Harshil Koushik,1,1,0
Actor,Guo Ya-zhen,1,0,1
Actor,Lee Yu-jun,1,0,1
Actor,Caro Cult,1,0,1
Actor,Diankou Sembene,1,1,0
Actor,Natalia Livingston,1,1,0
Actor,Wendy Gazelle,1,1,0
Actor,Cooper Koch,1,1,0
Actor,Madhumathi Padmanathan,1,1,0
Actor,Sally Hughes,1,1,0
Actor,Chanicha Boonpanuvichit,1,0,1
Actor,Tomoyuki Yara,1,0,1
Actor,Kelly Hope Taylor,1,1,0
Actor,Xavier Ruvalcaba,1,0,1
Actor,Christopher Kirby,1,1,0
Actor,Bishop Stevens,1,1,0
Actor,Brian Henson,1,1,0
Actor,Ravi Khanwilkar,1,1,0
Actor,Richard Oh,1,1,0
Actor,Chimwemwe Chipidza,1,1,0
Actor,Luis Curiel,1,0,1
Actor,Tony Massil,1,1,0
Actor,Stephanie McVay,1,1,0
Actor,Nilbi Yasserie,1,0,1
Actor,Maine Mendoza,1,1,0
Actor,Óscar Zafra,1,0,1
Actor,Efrat Dor,1,1,0
Actor,Jehan Manekshaw,1,1,0
Actor,Christian Berkel,1,0,1
Actor,Candido Quembo,1,1,0
Actor,Jessica Cressy,1,1,0
Actor,Paul-Mikél Williams,1,0,1
Actor,Linda Osifo,1,1,0
Actor,Mithra Kurian,1,1,0
Actor,Ali Maerouf Amer,1,1,0
Actor,Takeaki Masuyama,1,0,1
Actor,Javier Cifrián,1,1,0
Actor,Lucas Hedges,1,1,0
Actor,Ragnhild Gudbrandsen,1,0,1
Actor,Fernando Ramos,1,1,0
Actor,Takashi Onozuka,1,0,1
Actor,Joe Adler,1,0,1
Actor,Devon Seron,1,1,0
Actor,Christian Thomas Ashdale,1,1,0
Actor,Heo Sung-tae,1,0,1
Actor,Jessica Matten,1,0,1
Actor,Ambrose Hsu,1,0,1
Actor,Ciro Herce,1,0,1
Actor,Andrés Pazos,1,1,0
Actor,Li Jun Li,1,0,1
Actor,Rhiannon Mcgavin,1,1,0
Actor,Bigflo & Oli,1,1,0
Actor,Gisa Flake,1,1,0
Actor,Sherry Alhadad,1,0,1
Actor,Elhadj Gaye,1,0,1
Actor,Daniel Fuster,1,1,0
Actor,Jaclyn Victor,1,1,0
Actor,Lorena Ramírez,1,1,0
Actor,Neeraj Madhav,1,0,1
Actor,Drew Logan,1,1,0
Actor,Natasha Thahane,1,0,1
Actor,Arnaud Valois,1,1,0
Actor,Janice Wu,1,1,0
Actor,Evaezi Ogoro,1,1,0
Actor,César Romero,1,1,0
Actor,Rachel Watts,1,0,1
Actor,Mai Kanazawa,1,0,1
Actor,Duygu Yetiş,1,1,0
Actor,Omar Wasow,1,1,0
Actor,Steph DuVall,1,1,0
Actor,Max Ulveson,1,1,0
Actor,Lali Espósito,1,0,1
Actor,Edward Barber,1,1,0
Actor,Taylor Henry,1,0,1
Actor,Jérémie Covillault,1,0,1
Actor,Chie Kojiro,1,0,1
Actor,Peter McAllum,1,0,1
Actor,Juan Ángel,1,0,1
Actor,Lars Knutzon,1,0,1
Actor,Tony Briggs,1,0,1
Actor,Lily Cassano,1,0,1
Actor,Takla Chamoun,1,1,0
Actor,Preeti Jhangiani,1,1,0
Actor,Dylan Henry Lau,1,1,0
Actor,Christine Lee,1,0,1
Actor,Paul He,1,0,1
Actor,Gary Lightbody,1,1,0
Actor,"Cast members of the ""To All the Boys"" films dish about the third movie and answer some fan questions",1,1,0
Actor,Ria Atayde,1,1,0
Actor,Defne Kayalar,1,0,1
Actor,Travis Scott,1,1,0
Actor,Scott Kelly,1,0,1
Actor,Antonio Gerardi,1,1,0
Actor,David Sherod James,1,1,0
Actor,Clarissa Müller,1,1,0
Actor,Aaron Michael Drozin,1,1,0
Actor,Toshinori Omi,1,1,0
Actor,Rikki Simons,1,1,0
Actor,Rosemary Clooney,1,1,0
Actor,Pili Groyne,1,0,1
Actor,Oscar Kightley,1,1,0
Actor,Miku Martineau,1,1,0
Actor,Boutros Ghaly,1,1,0
Actor,Helena Evangeliou,1,0,1
Actor,Tyra Banks,1,0,1
Actor,Kiff VandenHeuvel,1,0,1
Actor,Sam Cooke,1,1,0
Actor,Linda Baldrich,1,1,0
Actor,John Lutz,1,0,1
Actor,Dichen Lachman,1,0,1
Actor,Isariya Patharamanop,1,0,1
Actor,Lykke Sand Michelsen,1,0,1
Actor,Pisamai Wilaisak,1,0,1
Actor,Fanny Sidney,1,0,1
Actor,Balinder Johal,1,1,0
Actor,Olivia Junkeer,1,0,1
Actor,Siddharth Kak,1,1,0
Actor,Alen Liverić,1,0,1
Actor,Aliyar,1,1,0
Actor,Zhang Yonggang,1,0,1
Actor,Tommy Wiseau,1,1,0
Actor,Maria Molins,1,1,0
Actor,André Ramiro,1,0,1
Actor,Kim In-kwon,1,1,0
Actor,Danielle Chuchran,1,1,0
Actor,Mohit Sinha,1,0,1
Actor,Adam Wietrzyński,1,0,1
Actor,Zhu Yanmanzi,1,0,1
Actor,Seung-woo Cho,1,0,1
Actor,Wang Gongliang,1,1,0
Actor,Anderson Ballesteros,1,1,0
Actor,Sisanda Henna,1,0,1
Actor,Christine Ko,1,1,0
Actor,Brian Maya,1,1,0
Actor,Massimiliano Gallo,1,1,0
Actor,Vincent Perez,1,1,0
Actor,Ahmad Mehrez,1,1,0
Actor,Katerina Tannenbaum,1,0,1
Actor,Sujata Kumar,1,1,0
Actor,Lee Na-young,1,0,1
Actor,Niko Verona,1,0,1
Actor,Hector Mauricio Mejia,1,1,0
Actor,Volker Bruch,1,0,1
Actor,Denzel Whitaker,1,1,0
Actor,Francesca Van Keekan,1,0,1
Actor,Maddie Hasson,1,1,0
Actor,Michelle Murdocca,1,1,0
Actor,Martín Saracho,1,0,1
Actor,Raffa Esplana,1,1,0
Actor,Farah ElSaraf,1,0,1
Actor,Kumkum,1,1,0
Actor,Itziar Lazkano,1,0,1
Actor,Li Daikun,1,0,1
Actor,Kathleen Gati,1,0,1
Actor,Masayasu Yagi,1,1,0
Actor,Gino Anthony Pesi,1,1,0
Actor,Yuliia Sobol,1,1,0
Actor,Erek Lin,1,1,0
Actor,Alka Chawla,1,1,0
Actor,Emma Kenney,1,0,1
Actor,Chema Ruiz,1,0,1
Actor,Diego Klattenhoff,1,0,1
Actor,Savannah Smith Boucher,1,1,0
Actor,Sonja Herholdt,1,1,0
Actor,Andrew Orolfo,1,1,0
Actor,Edoardo Ferrario,1,1,0
Actor,Anairis Quiñones,1,0,1
Actor,Victoria Tomazelli,1,0,1
Actor,Kevin Copeland,1,0,1
Actor,Vathusiri Phuwapunyasiri,1,0,1
Actor,Takemi Fujii,1,0,1
Actor,Laura De Ita,1,1,0
Actor,Ricky Marty-Pahtaykan,1,1,0
Actor,Amanda Tapping,1,0,1
Actor,William Walker,1,1,0
Actor,K Prasanna,1,1,0
Actor,Rupert Penry-Jones,1,1,0
Actor,Noor Khiriah,1,1,0
Actor,Odwa Gwanya,1,0,1
Actor,Kittikun Tansuhas,1,0,1
Actor,Jon Rudnitsky,1,1,0
Actor,Ashley Blaine Featherson,1,0,1
Actor,Vishnu Agasthya,1,1,0
Actor,Natalie Gumede,1,0,1
Actor,Jeong Da-sol,1,0,1
Actor,Manuela Ventura,1,1,0
Actor,Rupinder Nagra,1,1,0
Actor,Adriana Llabrés,1,0,1
Actor,Lee Jae-won,1,0,1
Actor,Jahbril Cook,1,1,0
Actor,Valentin Ganev,1,1,0
Actor,David Kau,1,1,0
Actor,Gilles Renaud,1,1,0
Actor,Tammy Lynn Michaels,1,0,1
Actor,Michael Evans Behling,1,0,1
Actor,Ahmed Khan,1,1,0
Actor,Zhang Huiwen,1,1,0
Actor,Ferdi Sancar,1,1,0
Actor,Brandon Fierro,1,1,0
Actor,Kyle McCarley,1,0,1
Actor,Michael D. Roberts,1,1,0
Actor,Gyanendra Tripathi,1,1,0
Actor,Rahmania Astrini,1,1,0
Actor,Atsadaporn Siriwattanakul,1,0,1
Actor,Zubby Michael,1,1,0
Actor,Itsuki Sagara,1,0,1
Actor,Kate Yeung,1,0,1
Actor,Sadie Stanley,1,1,0
Actor,Dakota Bruton,1,1,0
Actor,Rommel Canlas,1,0,1
Actor,Damson Idris,1,1,0
Actor,Nicolas Daniel,1,0,1
Actor,Orezi,1,1,0
Actor,Alejandro Ruiz,1,0,1
Actor,Jake Cuenca,1,1,0
Actor,Ross Marquand,1,0,1
Actor,Vincent Matile,1,1,0
Actor,Bassey Okon,1,1,0
Actor,Agustina Cabo,1,1,0
Actor,John Hollingworth,1,1,0
Actor,Roh Joo-hyun,1,0,1
Actor,Han Ji-eun,1,0,1
Actor,Eric Jungmann,1,1,0
Actor,Himanshu Mallik,1,1,0
Actor,Constance Nunes,1,0,1
Actor,Nagshree Karkone,1,1,0
Actor,Eduardo Drummond,1,0,1
Actor,Mariam Precious Sanusi,1,1,0
Actor,Ahn Tae-hwan,1,0,1
Actor,Dre Swain,1,0,1
Actor,Edita Karađole,1,0,1
Actor,Jade Eshete,1,0,1
Actor,Anandhu,1,1,0
Actor,Alina Stiegler,1,0,1
Actor,Gina Pareño,1,1,0
Actor,Iain De Caestecker,1,0,1
Actor,Gano Grills,1,1,0
Actor,Denny Gitong,1,0,1
Actor,Álex González,1,0,1
Actor,Ozzy Agu,1,1,0
Actor,Jane Chang,1,0,1
Actor,Joyraj,1,1,0
Actor,Cailey Fleming,1,1,0
Actor,Hrishikesh Hirway,1,0,1
Actor,Calahan Skogman,1,0,1
Actor,Marc Swint,1,0,1
Actor,Clarence Ryan,1,0,1
Actor,Sophie Wu,1,1,0
Actor,Lee Chang-hoon,1,0,1
Actor,Hannah Al Rashid,1,1,0
Actor,Ibrahim Mesisebi,1,1,0
Actor,Augie Fantinus,1,1,0
Actor,Justin Cunningham,1,0,1
Actor,Robert Jack,1,0,1
Actor,Ariana Molkara,1,1,0
Actor,Mosharraf Karim,1,1,0
Actor,Asri Handayani,1,1,0
Actor,André Eisermann,1,1,0
Actor,Susan Bachtiar,1,1,0
Actor,Susanne Timms,1,0,1
Actor,Logan Wells,1,0,1
Actor,Deepti Gujral,1,1,0
Actor,Emery Kelly,1,0,1
Actor,Molawa Davis,1,1,0
Actor,Allan Graf,1,1,0
Actor,Lim Yoona,1,0,1
Actor,Savita Bhatti,1,1,0
Actor,Eri Tokunaga,1,0,1
Actor,Warren Dsouza,1,1,0
Actor,Valur Freyr Einarsson,1,0,1
Actor,Maria Ehrich,1,1,0
Actor,Lee Eal,1,1,0
Actor,David Benger,1,1,0
Actor,Gunnar Anderson,1,1,0
Actor,Chali 2na,1,1,0
Actor,Tudor Smoleanu,1,1,0
Actor,Wang Zhuocheng,1,0,1
Actor,Gracy Soudi,1,1,0
Actor,Samuel Asa'ah,1,1,0
Actor,Thiago Mendonça,1,1,0
Actor,Ekawat Niratvorapanya,1,0,1
Actor,Amanda Root,1,1,0
Actor,Iva Höpperger,1,1,0
Actor,Andrea Carvajal,1,1,0
Actor,Madison Reyes,1,0,1
Actor,Harold Torres,1,0,1
Actor,Jake Allyn,1,1,0
Actor,Crystal Fox,1,1,0
Actor,Armida Siguion-Reyna,1,1,0
Actor,Misty Rosas,1,0,1
Actor,Sara Khorami,1,0,1
Actor,Sebastian Billingsley-Rodriguez,1,1,0
Actor,Hirohide Yakumaru,1,1,0
Actor,Samya Pascotto,1,1,0
Actor,Windy Apsari,1,0,1
Actor,Widuri Puteri,1,1,0
Actor,Wesley Andrew,1,1,0
Actor,Li Zonghan,1,0,1
Actor,Andovi da Lopez,1,1,0
Actor,Magá Moura,1,0,1
Actor,Shaunak Sengupta,1,1,0
Actor,Jesse Hutch,1,1,0
Actor,Georgie Glen,1,0,1
Actor,Yosuke Kubozuka,1,0,1
Actor,Harman Baweja,1,1,0
Actor,Hande Dane,1,1,0
Actor,Nina Kepekian,1,1,0
Actor,Mari Hino,1,0,1
Actor,Bobby Tonelli,1,1,0
Actor,Christopher Ketchup,1,0,1
Actor,Zoe McLellan,1,0,1
Actor,Maya Stojan,1,1,0
Actor,Karine Amaya,1,1,0
Actor,Mozhdah Jamalzadah,1,1,0
Actor,Geert Van Rampelberg,1,0,1
Actor,Narcisse Mame,1,1,0
Actor,Abu Valayamkulam,1,1,0
Actor,Tommy Nohilly,1,1,0
Actor,Sabrina Sato,1,0,1
Actor,Jafta Mamabolo,1,1,0
Actor,D'angelou Osei Kissiedu,1,1,0
Actor,Minami Hamabe,1,0,1
Actor,Ikechukwu Onunaku,1,1,0
Actor,Daryle Lamont Jenkins,1,1,0
Actor,Kris Saddler,1,1,0
Actor,Bebe Neuwirth,1,0,1
Actor,Pauly Valsan,1,1,0
Actor,Mridul Sharma,1,0,1
Actor,Yuichi Karasuma,1,0,1
Actor,Kim Woo-bin,1,0,1
Actor,Paula Trueman,1,1,0
Actor,Michael Mulheren,1,0,1
Actor,Dennis Gan,1,0,1
Actor,Ana Druzhynina,1,1,0
Actor,Chinmey Sharma,1,1,0
Actor,Paul McGillion,1,0,1
Actor,Bukky Wright,1,1,0
Actor,Luna Blaise,1,0,1
Actor,Bridget Kallal,1,1,0
Actor,Berat Efe Parlar,1,1,0
Actor,Gara Takashima,1,0,1
Actor,Eli Gabay,1,1,0
Actor,Christian Roberto,1,1,0
Actor,Meagan Tandy,1,1,0
Actor,Fabio Chamorro,1,1,0
Actor,Lim Cheol-su,1,1,0
Actor,Carlos Portaluppi,1,0,1
Actor,George Watkins,1,0,1
Actor,Steve Hofmeyr,1,1,0
Actor,Gaby Llanas,1,0,1
Actor,Josh Homme,1,0,1
Actor,Gustavo Angarita Jr.,1,0,1
Actor,Carey Stinson,1,0,1
Actor,Gayathri Krishna,1,1,0
Actor,Xolile Tshabalala,1,0,1
Actor,Zolani Mkiva,1,1,0
Actor,Razor Ramon RG,1,1,0
Actor,Haydn Gwynne,1,0,1
Actor,Fryda Wolff,1,0,1
Actor,Apoorva Soma,1,1,0
Actor,Yurika Hino,1,0,1
Actor,DeAnne Smith,1,0,1
Actor,Lee Sang-woo,1,0,1
Actor,Sylvia Sanchez,1,1,0
Actor,Park Si-eun,1,0,1
Actor,Maya Tanida,1,0,1
Actor,Pierre Louis,1,0,1
Actor,Jeff Strome,1,1,0
Actor,Marcelo Fernández Borsari,1,1,0
Actor,Joe Sanfelippo,1,0,1
Actor,Kouki Miyata,1,0,1
Actor,Paras Priyadarshan,1,0,1
Actor,Liesel Matthews,1,1,0
Actor,Jaden Michael,1,1,0
Actor,Jesse L. Martin,1,0,1
Actor,Tobi Bamtefa,1,0,1
Actor,Darshana Rajendran,1,1,0
Actor,Roselyn Ngissah,1,1,0
Actor,Catalin Morar,1,1,0
Actor,Charlotte Brändström,1,1,0
Actor,Benjamin Kitter,1,1,0
Actor,Shelby Alicea,1,1,0
Actor,Sacha Horler,1,0,1
Actor,Mark Tacher,1,0,1
Actor,Ben Seidman,1,0,1
Actor,Cengiz Coşkun,1,0,1
Actor,Osian Thompson,1,0,1
Actor,Amb. Rachel Bakam,1,1,0
Actor,Yetunde Oduwole,1,0,1
Actor,Gurinder Makna,1,1,0
Actor,Niamh Walsh,1,0,1
Actor,Héctor Illanes,1,1,0
Actor,Rafael Feldman,1,1,0
Actor,Padma Rani,1,1,0
Actor,Jennifer Oguzie,1,1,0
Actor,Ritwik Bhaumik,1,1,0
Actor,Ann Petrén,1,0,1
Actor,Andrés Sandoval,1,0,1
Actor,Blake Shepard,1,0,1
Actor,Anil George,1,1,0
Actor,Honor Calderon,1,0,1
Actor,Olivia Corsini,1,1,0
Actor,Jenny Cooper,1,0,1
Actor,Saghar Sehrai,1,1,0
Actor,Shim So-young,1,0,1
Actor,Tolu Ogunmefun,1,0,1
Actor,Daphne Wellens,1,0,1
Actor,Louis Dempsey,1,1,0
Actor,Luo Guanxu,1,0,1
Actor,Jadakiss,1,1,0
Actor,Jabulile Mahlambi,1,0,1
Actor,Gurdas Maan,1,1,0
Actor,Diem Brown,1,0,1
Actor,Hakan Kurtaş,1,1,0
Actor,Michael Moshonov,1,1,0
Actor,Ian Quinlan,1,0,1
Actor,Ilka Bessin,1,0,1
Actor,Hugo Balaguer,1,1,0
Actor,Shawn Prince,1,1,0
Actor,Deniz Özerman,1,1,0
Actor,Ian Mune,1,1,0
Actor,Pauline Collins,1,1,0
Actor,Ariadna Cabrol,1,1,0
Actor,Julian Lerner,1,1,0
Actor,Jun Karasawa,1,1,0
Actor,Griffin Powell-Arcand,1,0,1
Actor,Hal Linden,1,1,0
Actor,Lesley-Anne Down,1,1,0
Actor,Meredith Monroe,1,0,1
Actor,Racquel Belmonte,1,0,1
Actor,Édouard Baer,1,1,0
Actor,Shruti Sodhi,1,1,0
Actor,Violet McGraw,1,0,1
Actor,Vinaya Sungkur,1,0,1
Actor,Arif Bahlim,1,1,0
Actor,Tim Barlow,1,0,1
Actor,Jackrin Kungwankiatichai,1,0,1
Actor,Fabrizio Gifuni,1,1,0
Actor,Aleksandra Skraba,1,0,1
Actor,Scott Weinger,1,0,1
Actor,Manish Khanna,1,1,0
Actor,Isis Cabolet,1,0,1
Actor,Orly Silbersatz Banai,1,0,1
Actor,Verda Bridges,1,1,0
Actor,Nic Sheff,1,0,1
Actor,Rana Alamuddin,1,1,0
Actor,Victoria Micheals,1,1,0
Actor,Emiliano Rodríguez,1,1,0
Actor,Moataza Abdel Sabour,1,1,0
Actor,Karan Khanna,1,1,0
Actor,Haifa Hussien,1,0,1
Actor,Ali Hafiz,1,1,0
Actor,Amol Deshmukh,1,1,0
Actor,Bastian Steel,1,1,0
Actor,Andrei Selaru,1,1,0
Actor,Izumi Ogami,1,1,0
Actor,Neerja Naik,1,1,0
Actor,Emilio Cuaik,1,1,0
Actor,Ronni Ancona,1,1,0
Actor,Matt Rogers,1,0,1
Actor,Giovanni Guidelli,1,1,0
Actor,Tim Tolin,1,1,0
Actor,Amy van der Weerden,1,0,1
Actor,Cody Merridith,1,1,0
Actor,Marilu Marini,1,0,1
Actor,Emre Kızılırmak,1,0,1
Actor,Arman Kohli,1,1,0
Actor,Meltem Gülenç,1,1,0
Actor,Mary O'Brady,1,1,0
Actor,Lee Bo-young,1,0,1
Actor,Shiny Gogoi,1,1,0
Actor,Yuki Yokohara,1,1,0
Actor,Hauke Diekamp,1,0,1
Actor,Maulidina K. Putri,1,1,0
Actor,Javier Abad,1,0,1
Actor,Shin Eun-jung,1,0,1
Actor,Nam Gyu-ri,1,0,1
Actor,Ok Taec-yeon,1,0,1
Actor,Majdi Machmouchi,1,1,0
Actor,Anne Coesens,1,0,1
Actor,Davina Leonard,1,1,0
Actor,Johanna Francella,1,0,1
Actor,Yael Sharoni,1,0,1
Actor,Pamiga Sooksawee,1,0,1
Actor,Youssef Bougarouane,1,0,1
Actor,Rod Wilson,1,0,1
Actor,Leo Deluglio,1,0,1
Actor,Mert Tanık,1,0,1
Actor,Alicia Jaziz,1,0,1
Actor,Shawn Michaels,1,1,0
Actor,Robyn Scott,1,1,0
Actor,Yogesh Sonam,1,1,0
Actor,Riccardo Goretti,1,1,0
Actor,Naveen Chandra,1,1,0
Actor,Madeleine Arthur,1,1,0
Actor,Ella Kenion,1,1,0
Actor,Romain Vissol,1,0,1
Actor,Jeon Soo-jin,1,1,0
Actor,Tim Frank,1,1,0
Actor,Rita Harb,1,1,0
Actor,Meagan Kimberly Smith,1,1,0
Actor,Wojciech Łozowski,1,1,0
Actor,Alyssa Chia,1,0,1
Actor,Zolani Mahola,1,1,0
Actor,Priscilla Opoku Agyeman,1,1,0
Actor,Paula Pier,1,0,1
Actor,Luana Tanaka,1,0,1
Actor,Lapat Ngamchaweng,1,0,1
Actor,Danny Tamberelli,1,0,1
Actor,Loreen,1,1,0
Actor,Nancy Robertson,1,1,0
Actor,Marcelo Médici,1,1,0
Actor,Peter Hermann,1,1,0
Actor,Wang Po-chieh,1,0,1
Actor,Richa Moorjani,1,0,1
Actor,Sultan Al Assaf,1,1,0
Actor,Benjamin H. Wang,1,0,1
Actor,Naufal Ho,1,1,0
Actor,Amanda Lindh,1,0,1
Actor,Alfonso Agra,1,0,1
Actor,Shaily Dube,1,0,1
Actor,Ojong Felix,1,1,0
Actor,BJ Mitchell,1,0,1
Actor,Christophe Guybet,1,0,1
Actor,Ali El Sherif,1,1,0
Actor,Anna Smołowik,1,1,0
Actor,Lindiwe Zulu,1,1,0
Actor,Merve Nur Bengi,1,1,0
Actor,Rafael Petardi,1,0,1
Actor,Arab Khalid,1,1,0
Actor,Gheorghe Ifrim,1,1,0
Actor,Mohammad Balkhi,1,0,1
Actor,Finn Reiter,1,1,0
Actor,María Esteve,1,1,0
Actor,Sherilyn Pang Li Ching,1,0,1
Actor,Daniel Middleton,1,0,1
Actor,Sumeet Sandhu,1,1,0
Actor,Alice Isaaz,1,1,0
Actor,Jay Asher,1,0,1
Actor,Mrunal Jadhav,1,1,0
Actor,Riya Shukla,1,1,0
Actor,Reza Nangin,1,1,0
Actor,Olivia Ross,1,0,1
Actor,Golden Brooks,1,0,1
Actor,Lisa Dewey,1,1,0
Actor,Ximena Sariñana,1,1,0
Actor,Ulrich Que,1,1,0
Actor,Marc Rhys,1,1,0
Actor,Joo Jin-mo,1,0,1
Actor,Jéssica Tamochunas,1,1,0
Actor,Erin Elizabeth Burns,1,1,0
Actor,Vera Spinetta,1,0,1
Actor,Veena Nair,1,1,0
Actor,Sophie Thatcher,1,1,0
Actor,Soleh Solihun,1,0,1
Actor,Sahil Vedoliyaa,1,1,0
Actor,James Blicq,1,1,0
Actor,Ruhi Sarı,1,1,0
Actor,Abril Michel,1,1,0
Actor,Jerald Napoles,1,1,0
Actor,Christoph Krutzler,1,0,1
Actor,Aenne Schwarz,1,1,0
Actor,Ahmad Alhamsho,1,1,0
Actor,Allison Williams,1,1,0
Actor,Azizah Hanum,1,1,0
Actor,Aslı Bekiroğlu,1,1,0
Actor,Goyo Jiménez,1,1,0
Actor,Jang Do-young,1,0,1
Actor,Lexi Ainsworth,1,1,0
Actor,Mercedes Castro,1,0,1
Actor,Arush Nand,1,1,0
Actor,Alma Moreno,1,1,0
Actor,Taketora,1,0,1
Actor,Thelma Ezeamaka,1,1,0
Actor,Pepa Charro,1,1,0
Actor,Ravi Babu,1,1,0
Actor,Tanya Streeter,1,1,0
Actor,Irgi Fahrezi,1,1,0
Actor,Vishal Kotian,1,0,1
Actor,Andrew Stewart-Jones,1,0,1
Actor,Kashyap Kapoor,1,0,1
Actor,Nikita Kologrivy,1,1,0
Actor,Kaori Yamagata,1,0,1
Actor,Tsu Terry,1,1,0
Actor,Marlo Williams,1,0,1
Actor,Jung Je-won,1,0,1
Actor,Wayne Brady,1,0,1
Actor,Jang Yeong-nam,1,0,1
Actor,Izzy Stannard,1,0,1
Actor,Lochner De Kock,1,1,0
Actor,Alex Sirvent,1,1,0
Actor,Ja'Siah Young,1,0,1
Actor,Jiang Huiqin,1,0,1
Actor,Niranjani,1,1,0
Actor,Christopher Gray,1,1,0
Actor,Nobu McCarthy,1,1,0
Actor,Arno Greeff,1,0,1
Actor,Ricardo Iazzetta,1,0,1
Actor,Sophie Gómez,1,0,1
Actor,Visaka Banhansupavat,1,0,1
Actor,Bernice Stegers,1,0,1
Actor,Cholsawas Tiewwanichkul,1,0,1
Actor,Akashdeep Sabir,1,1,0
Actor,Jamie Lynn Spears,1,0,1
Actor,Kim Myeong-su,1,0,1
Actor,Whyn Wu,1,0,1
Actor,Adnan Dirani,1,1,0
Actor,Barry Tubb,1,1,0
Actor,Amélia Lacquemant,1,0,1
Actor,Ava Eisenson,1,1,0
Actor,Victoria Grace,1,0,1
Actor,Lorenzo Menakaya,1,0,1
Actor,Milo Twomey,1,0,1
Actor,Kai Scott,1,1,0
Actor,Mawi,1,1,0
Actor,Spencer Treat Clark,1,1,0
Actor,Elizabeth Rodriguez,1,0,1
Actor,Shugo Nagashima,1,0,1
Actor,Sameer Paranjape,1,1,0
Actor,Yuly Ferreira,1,0,1
Actor,Robyn Lively,1,1,0
Actor,Mauricio Xavier,1,0,1
Actor,Kiko Matos,1,1,0
Actor,Taeko Kawata,1,0,1
Actor,Georges Diab,1,1,0
Actor,Susan Eisenberg,1,0,1
Actor,Um Mun-suk,1,0,1
Actor,Eve D'Souza,1,1,0
Actor,Sameera Barody,1,0,1
Actor,Tilda Jenkins,1,0,1
Actor,Owen Joyner,1,1,0
Actor,Emmanuel Esparza,1,0,1
Actor,Belén Écija,1,0,1
Actor,Jorge Asín,1,1,0
Actor,Brandon Winckler,1,0,1
Actor,Kevin Weisman,1,1,0
Actor,Millie O'Conner,1,0,1
Actor,Catherine Disher,1,0,1
Actor,Emmanuel Essien,1,1,0
Actor,Sacha Bali,1,0,1
Actor,Chen Zheyuan,1,0,1
Actor,Bhasaworn Bawronkirati,1,0,1
Actor,Frank Feys,1,1,0
Actor,Iara Nemirovsky,1,0,1
Actor,Sophie McShera,1,0,1
Actor,Shubhankar Tawde,1,1,0
Actor,Ahmed Yarziz,1,1,0
Actor,Sandi Toksvig,1,0,1
Actor,Dave Attell,1,0,1
Actor,Tu Men,1,1,0
Actor,Akemi Kanda,1,0,1
Actor,Ruth Buzzi,1,1,0
Actor,Sonia Acevedo,1,1,0
Actor,Shlomo Shitrit,1,0,1
Actor,Dylan Shombing,1,0,1
Actor,Emil Poulsen,1,0,1
Actor,Hyunwoo,1,0,1
Actor,Renato Carpentieri,1,1,0
Actor,Luise Befort,1,0,1
Actor,Dineesh P,1,1,0
Actor,Park Joo-hee,1,0,1
Actor,Ximena Guzmán,1,1,0
Actor,Violet Nelson,1,1,0
Actor,Yusril Fahriza,1,0,1
Actor,Shree Gopika,1,1,0
Actor,Gino,1,0,1
Actor,Rory O'Malley,1,0,1
Actor,Rana Roy,1,0,1
Actor,Jamie Blackley,1,0,1
Actor,Isabella Laughland,1,0,1
Actor,Nabila Zeitouni,1,1,0
Actor,Karunas,1,1,0
Actor,Alberto Saavedra,1,1,0
Actor,Ingrid Silva,1,0,1
Actor,Shilpa Iyer,1,1,0
Actor,Chief Dan George,1,1,0
Actor,Roberta Migliucci,1,0,1
Actor,Bintang Emon,1,0,1
Actor,Jimmy Herman,1,1,0
Actor,Matt Dallas,1,1,0
Actor,Annarah Cymone,1,0,1
Actor,Adrian Bower,1,0,1
Actor,Gopalkrishna Deshpande,1,1,0
Actor,Ivan Decker,1,0,1
Actor,Grzegorz Damięcki,1,0,1
Actor,Maurício de Barros,1,0,1
Actor,Rafael Lozano,1,0,1
Actor,Greta Lee,1,0,1
Actor,Shandy Aulia,1,1,0
Actor,Thaia Perez,1,0,1
Actor,Jeon No-min,1,0,1
Actor,Sarah Jane Morris,1,1,0
Actor,Joe J. Thomas,1,0,1
Actor,Yasmin Honeychurch,1,1,0
Actor,Sunitha,1,1,0
Actor,Michael Aronov,1,1,0
Actor,Greg Vaughan,1,1,0
Actor,Saloni Batra,1,1,0
Actor,Ada Choi,1,1,0
Actor,Atharva Karve,1,1,0
Actor,Kevin Hanchard,1,1,0
Actor,Caroline Ford,1,0,1
Actor,Alice Valverde,1,0,1
Actor,Ji E-su,1,0,1
Actor,Ajay Singhal,1,1,0
Actor,Osvaldo Mil,1,0,1
Actor,Pauline Haddad,1,1,0
Actor,Chang Sung Kim,1,0,1
Actor,Reiley McClendon,1,1,0
Actor,Noam Karmeli,1,0,1
Actor,Jason Genao,1,0,1
Actor,Jackson Browne,1,1,0
Actor,Matías Meyer,1,0,1
Actor,Brandon Fellows,1,0,1
Actor,Jim O'Brien,1,0,1
Actor,Orson Welles,1,1,0
Actor,Mana Ashida,1,1,0
Actor,Amanda Gorman,1,0,1
Actor,Ahmed El Sakka,1,1,0
Actor,Tom Andrews,1,0,1
Actor,Poonam Rajput,1,1,0
Actor,Billy Howle,1,1,0
Actor,Kong Hyo-jin,1,0,1
Actor,Tamla Kari,1,0,1
Actor,Leon Wilkeson,1,1,0
Actor,Andrea Quattrocchi,1,1,0
Actor,Asma Abbas,1,1,0
Actor,Natàlia Barrientos,1,0,1
Actor,Amari McCoy,1,1,0
Actor,Fabian Svegaard Tapia,1,1,0
Actor,Youssef Wahby,1,1,0
Actor,Joaquín Cardiel,1,1,0
Actor,Ondřej Havlík,1,1,0
Actor,Aria Shahghasemi,1,0,1
Actor,Maribel Salas,1,1,0
Actor,Gede Robi,1,1,0
Actor,Emily Bett Rickards,1,0,1
Actor,Viola Martinsen,1,0,1
Actor,Raphaelle Bruneau,1,0,1
Actor,Chris Forrest,1,1,0
Actor,Giulia Cragnotti,1,1,0
Actor,Hamdi Al Wazir,1,1,0
Actor,Chris Conrad,1,1,0
Actor,Tamlyn Tomita,1,1,0
Actor,P.H. Moriarty,1,1,0
Actor,Dustin Diamond,1,0,1
Actor,Lan Wei-Hua,1,0,1
Actor,Nancy Stafford,1,1,0
Actor,Beanie Feldstein,1,1,0
Actor,Sonosuke Hattori,1,0,1
Actor,Arthur Angel,1,0,1
Actor,Blu Mankuma,1,1,0
Actor,Roshan,1,1,0
Actor,Keppy Ekpenyong Bassey,1,0,1
Actor,Daniele Pecci,1,1,0
Actor,Jesse Posey,1,0,1
Actor,Samantha Marie Ware,1,0,1
Actor,Tomoko Fujita,1,0,1
Actor,Tara Lynne O'Neill,1,0,1
Actor,Marc Hayashi,1,1,0
Actor,Nathania Angela Widjaja,1,1,0
Actor,Dominique Jackson,1,0,1
Actor,Jang Min-young,1,0,1
Actor,Paula Paul,1,1,0
Actor,Dennis Farina,1,1,0
Actor,Rainbow Wedell,1,0,1
Actor,Claire Geare,1,1,0
Actor,Raoul Bhaneja,1,1,0
Actor,Moksha Kushal,1,1,0
Actor,Sutthirak Subvijitra,1,0,1
Actor,Kaneez Surka,1,0,1
Actor,Hannah Herzsprung,1,1,0
Actor,Aparna Sharma,1,1,0
Actor,Janina Fautz,1,1,0
Actor,Susan French,1,1,0
Actor,Richard Keats,1,1,0
Actor,Jenoa Harlow,1,1,0
Actor,Lanuakam Ao,1,1,0
Actor,Siobhan McSweeney,1,0,1
Actor,Jarlin Javier Martinez,1,0,1
Actor,Tina Wesson,1,0,1
Actor,Liza Snyder,1,0,1
Actor,Kelly Lynch,1,1,0
Actor,Pauline Deshons,1,1,0
Actor,Cathy Ang,1,1,0
Actor,Hadley Robinson,1,1,0
Actor,Michel Gomes,1,0,1
Actor,Shahira Kamal,1,1,0
Actor,Fredrik Hallgren,1,0,1
Actor,Sérgio Cantú,1,0,1
Actor,Mark Dohner,1,1,0
Actor,Choi Duk-mun,1,0,1
Actor,Bingkun Cao,1,1,0
Actor,Uly Schlesinger,1,0,1
Actor,Sisca JKT48,1,1,0
Actor,Tomohiro Kaku,1,1,0
Actor,Subbu Panchu,1,1,0
Actor,Zaela Rae,1,0,1
Actor,Paul McCrane,1,1,0
Actor,Abdulaziz El Nassar,1,1,0
Actor,Fuka Koshiba,1,1,0
Actor,Mehmet Canbeg,1,1,0
Actor,Lin Heng Yi,1,0,1
Actor,Ken Camroux-Taylor,1,1,0
Actor,Ashira Zamita,1,1,0
Actor,Brady Jenness,1,1,0
Actor,Shiny Yao,1,1,0
Actor,Noah Cappe,1,0,1
Actor,Sebastián Monteghirfo,1,1,0
Actor,Pardeep Sran,1,1,0
Actor,Enrique San Francisco,1,1,0
Actor,Brit Marling,1,0,1
Actor,Hunter Deno,1,0,1
Actor,Alejandra Reynoso,1,0,1
Actor,Claudia Pandolfi,1,0,1
Actor,Kriengsak Hrientong,1,1,0
Actor,Maya Yoshioka,1,1,0
Actor,Matthew Craig,1,0,1
Actor,Hind Muhamed,1,1,0
Actor,Tomohisa Hashizume,1,0,1
Actor,Jason Meyer,1,1,0
Actor,Thomas Velderman,1,1,0
Actor,Rameet Kaur,1,1,0
Actor,Andrea Noceti,1,0,1
Actor,Bhama,1,1,0
Actor,Gim Young-eun,1,0,1
Actor,Boris Burnell Anderson,1,0,1
Actor,Shin Jung-geun,1,0,1
Actor,Gabriel Spahiu,1,1,0
Actor,Gus Mercurio,1,1,0
Actor,Yen Santos,1,1,0
Actor,Jashan Singh,1,1,0
Actor,Michel Joelsas,1,0,1
Actor,Hans Tórgarð,1,1,0
Actor,Sreekanth Murali,1,1,0
Actor,Lisa Maurer,1,1,0
Actor,Hermelinda Luján,1,1,0
Actor,Paul Stewart,1,1,0
Actor,Miel Espinoza,1,1,0
Actor,Gitta Schweighöfer,1,1,0
Actor,Talal Mahmood,1,1,0
Actor,Carmen Aub,1,0,1
Actor,Silma López,1,0,1
Actor,Armistead Maupin,1,1,0
Actor,Stig Eldred,1,1,0
Actor,Lindsey Ames,1,0,1
Actor,Lakshmi Manchu,1,1,0
Actor,Koharu Nogata,1,0,1
Actor,Pascal Tokodi,1,1,0
Actor,Taaruk Raina,1,0,1
Actor,Amed Bozan,1,0,1
Actor,Özge Özberk,1,1,0
Actor,Park Se-jin,1,0,1
Actor,Nedu Wazobia,1,1,0
Actor,Flavia Pavanelli,1,1,0
Actor,Kiran Sonia Sawar,1,0,1
Actor,Ty O'Neal,1,1,0
Actor,Han Geng,1,1,0
Actor,Lam Bao Danh,1,1,0
Actor,Mihaela Mihut,1,1,0
Actor,James Harkness,1,0,1
Actor,Ana Ularu,1,0,1
Actor,Jasmine Jassi,1,1,0
Actor,Femi Brach,1,1,0
Actor,Dev Gill,1,1,0
Actor,Jayden Wang,1,1,0
Actor,Grizz Chapman,1,0,1
Actor,Melissa Villaseñor,1,0,1
Actor,Kang Hyung-suk,1,0,1
Actor,Norm Misura,1,1,0
Actor,Matthew Joel Kranyak,1,1,0
Actor,Brianna Reed,1,0,1
Actor,Juan Ríos Cantú,1,0,1
Actor,Iqbal Sultan,1,1,0
Actor,Gabrielle Reece,1,0,1
Actor,Sophie Alakija,1,1,0
Actor,Ye-sung,1,0,1
Actor,Abdramane Diakité,1,0,1
Actor,Arisa Takami,1,0,1
Actor,Deep Ng,1,1,0
Actor,Taylor Thorne,1,0,1
Actor,Vitali Khayev,1,1,0
Actor,Iliana Inocencio,1,0,1
Actor,Kim Sharma,1,1,0
Actor,Elena Bellei,1,1,0
Actor,Felipe Abib,1,1,0
Actor,Adebukola,1,1,0
Actor,Teca Pereira,1,0,1
Actor,Gauri Karnik,1,1,0
Actor,Ravi Rajesh,1,1,0
Actor,Genki Muro,1,0,1
Actor,Nie Zihao,1,0,1
Actor,Heather Lawless,1,1,0
Actor,Rahul Abburi,1,0,1
Actor,Austin North,1,0,1
Actor,Felix Laikin,1,0,1
Actor,Damone Roberts,1,1,0
Actor,Abhishek Kale,1,1,0
Actor,Nisreen Faour,1,1,0
Actor,Seiyo Uchino,1,1,0
Actor,Bartosz Bielenia,1,1,0
Actor,Joel Creasey,1,0,1
Actor,Jason Gibson,1,1,0
Actor,Song Ha-rim,1,0,1
Actor,He Wenjun,1,0,1
Actor,Dante Crichlow,1,1,0
Actor,Karam Hussain,1,1,0
Actor,Rick Hearst,1,1,0
Actor,Su Kutlu,1,1,0
Actor,Sean Kanan,1,1,0
Actor,Diksha Sharma,1,1,0
Actor,Rafał Cieszyński,1,0,1
Actor,Ken Spassione,1,0,1
Actor,Angela Bundalovic,1,0,1
Actor,Kimberly Hébert Gregory,1,1,0
Actor,Rui Unas,1,1,0
Actor,Roberto Weiss,1,1,0
Actor,Tian Gao,1,1,0
Actor,Anju Suzuki,1,1,0
Actor,Tamara Mazarraza,1,0,1
Actor,Ryutaro Ninomiya,1,1,0
Actor,Hans Löw,1,1,0
Actor,Zeca Carvalho,1,1,0
Actor,Rituparna Sengupta,1,1,0
Actor,Sabina Ajrula,1,1,0
Actor,Swati Das,1,1,0
Actor,Li Shimeng,1,1,0
Actor,Mime Gopi,1,1,0
Actor,Vivek Rajgopal,1,1,0
Actor,Mathias Muchus,1,1,0
Actor,Defne Halman,1,0,1
Actor,Khalil Everage,1,1,0
Actor,Stephen Hawking,1,1,0
Actor,Mauricio López,1,1,0
Actor,Carlos Takeshi,1,0,1
Actor,Edgar Garcia,1,1,0
Actor,Li Jiaqi,1,0,1
Actor,Ahn Eun-jin,1,0,1
Actor,Raudel Raúl Martiato,1,0,1
Actor,Chris Kamau,1,1,0
Actor,Tian Zhi-jie,1,0,1
Actor,Terence Bridgett,1,1,0
Actor,Kim Ri-woo,1,0,1
Actor,Reem Abdel Aziz,1,1,0
Actor,Gianmarco Vettori,1,1,0
Actor,Alexandra De La Mora,1,1,0
Actor,Xavier Ywaya,1,1,0
Actor,Corey Large,1,1,0
Actor,Imran Rasheed,1,1,0
Actor,Supapunpinyo Teeradon,1,0,1
Actor,Moe Arai,1,0,1
Actor,Chanintorn Jitpreeda,1,1,0
Actor,Toby Jaffe,1,0,1
Actor,Timothy Ware-Hill,1,1,0
Actor,Levent Ülgen,1,1,0
Actor,Bridgette Wilson-Sampras,1,1,0
Actor,Khaya Mthembu,1,1,0
Actor,Yu Kitada,1,0,1
Actor,Anish Trivedi,1,1,0
Actor,Ahmed Ramzy,1,1,0
Actor,Suvela Sharma,1,0,1
Actor,Victoria Raposo,1,1,0
Actor,Jean Cruz,1,0,1
Actor,Vineet Sharma,1,1,0
Actor,Jose Atuncar,1,1,0
Actor,Jerod Meagher,1,1,0
Actor,Tim Donadt,1,1,0
Actor,Horacio García Rojas,1,0,1
Actor,Hilda Koronel,1,1,0
Actor,Shawtane Bowen,1,0,1
Actor,Meera Krishnan,1,1,0
Actor,Petrice Jones,1,0,1
Actor,Daniel Sahyounie,1,1,0
Actor,Richard Reid,1,1,0
Actor,Mélissa Bédard,1,0,1
Actor,Lauren Taylor,1,0,1
Actor,Mike Rianda,1,1,0
Actor,Voke Victoria,1,1,0
Actor,Hong Ji-yoon,1,0,1
Actor,José Manuel Seda,1,0,1
Actor,Bill Gates,1,0,1
Actor,Kazuma Kawamura,1,1,0
Actor,Zain Khan,1,1,0
Actor,Masashi Nogawa,1,0,1
Actor,Dain Said,1,1,0
Actor,Ali Mawji,1,0,1
Actor,Mike Kai Sui,1,1,0
Actor,Gustavo Ganem,1,0,1
Actor,Michelle de Swarte,1,0,1
Actor,Shubh Ghumman,1,1,0
Actor,Hugo El Cojo Feliz,1,0,1
Actor,Monica Friday,1,0,1
Actor,Susan Coetzer,1,1,0
Actor,Marcello Tahitoe,1,1,0
Actor,Mitch Silpa,1,1,0
Actor,Coby Bird,1,0,1
Actor,Koichi Hashimoto,1,0,1
Actor,Richard Ellis,1,0,1
Actor,Lee Delong,1,0,1
Actor,Benjamin Papac,1,0,1
Actor,Opal Littleton,1,1,0
Actor,Georges Boukhalil,1,1,0
Actor,Park Ji-won,1,0,1
Actor,Maryam Kanj,1,1,0
Actor,Raja Ilya,1,0,1
Actor,Park Ye-rin,1,1,0
Actor,Javier Valcárcel,1,0,1
Actor,Dhirendra Tiwari,1,1,0
Actor,Pitchatorn Santinatornkul,1,0,1
Actor,Alain Frei,1,1,0
Actor,Brandon Thomas Lee,1,1,0
Actor,Imani Perry,1,1,0
Actor,Trpimir Jurkic,1,0,1
Actor,O Inseong,1,1,0
Actor,Michael Hsu Rosen,1,0,1
Actor,Greta Quispe,1,0,1
Actor,Sreenath Bhasi,1,1,0
Actor,Khristian Clausen,1,1,0
Actor,Gontse Ntshegang,1,1,0
Actor,Jibola Dabo,1,1,0
Actor,Aida López,1,0,1
Actor,Kathrine Herzer,1,0,1
Actor,Chen Bohao,1,0,1
Actor,Savita Malpekar,1,1,0
Actor,Wojciech Bocianowski,1,1,0
Actor,Chioma Adibe,1,0,1
Actor,Kim Min-hee,1,0,1
Actor,Mikhail Evlanov,1,1,0
Actor,Caroline Quentin,1,0,1
Actor,Michael Trotter,1,1,0
Actor,Jeremiah W. Birkett,1,0,1
Actor,Gary Tang,1,1,0
Actor,Elsie Fisher,1,0,1
Actor,Lydia Hearst,1,1,0
Actor,Corey Hawkins,1,1,0
Actor,Steven Bognar,1,1,0
Actor,Jonathan Boynton-Lee,1,1,0
Actor,Patrick Onyeke,1,1,0
Actor,Jhon Rachid,1,0,1
Actor,Jason Fox,1,0,1
Actor,Davina Karamoy,1,1,0
Actor,Majida El Roumi,1,1,0
Actor,Bob Burns,1,1,0
Actor,Annaleigh Ashford,1,1,0
Actor,Otto Nobela,1,0,1
Actor,Joe Flanigan,1,1,0
Actor,Choi Dae-hoon,1,0,1
Actor,Lorna Cepeda,1,1,0
Actor,Kerry Coddett,1,0,1
Actor,Michael Lott,1,1,0
Actor,Ravin Makhija,1,0,1
Actor,Ramón Esquinas,1,1,0
Actor,Kelsey Asbille,1,1,0
Actor,Rosie Dwyer,1,0,1
Actor,Aruno Tahara,1,0,1
Actor,Nina Lu,1,0,1
Actor,Pablo Cruz Guerrero,1,1,0
Actor,Finn Little,1,0,1
Actor,Megan Nicole Dong,1,0,1
Actor,Neven Madi,1,1,0
Actor,Samantha Robinson,1,1,0
Actor,Jeanne Goursaud,1,0,1
Actor,May Haas,1,0,1
Actor,Catalina Denis,1,1,0
Actor,Diego Alonso,1,0,1
Actor,Willy Dozan,1,1,0
Actor,Amritha Aiyer,1,1,0
Actor,Asmara Abigail,1,1,0
Actor,María José Sarrate,1,1,0
Actor,Paul Mazursky,1,1,0
Actor,Cahit Gök,1,1,0
Actor,Will Merrick,1,1,0
Actor,Vikram Singh,1,1,0
Actor,Lauren Johns,1,1,0
Actor,Evan Agos,1,1,0
Actor,Mia Sara,1,1,0
Actor,Kylie Liya Page,1,0,1
Actor,Adarsh Kurne,1,1,0
Actor,Monika Panwar,1,0,1
Actor,Setsuko Karasuma,1,1,0
Actor,Sudhakar,1,1,0
Actor,Carolina Gómez,1,0,1
Actor,Linda Ngo,1,0,1
Actor,Sky Alexis,1,0,1
Actor,D.B. Woodside,1,0,1
Actor,Virginie Laverdure,1,0,1
Actor,Jack Falahee,1,0,1
Actor,Alex Asogwa,1,1,0
Actor,Mo Zhou,1,0,1
Actor,Abubakar Maina,1,1,0
Actor,Lynn Masako Cheng,1,1,0
Actor,Wu Jinyan,1,0,1
Actor,Roberto Herlitzka,1,0,1
Actor,Laura San Giacomo,1,1,0
Actor,Kaustubh Narain,1,1,0
Actor,Sreenivasan,1,1,0
Actor,Fania Espinosa,1,0,1
Actor,Manuel Huedo,1,1,0
Actor,Preston Jones,1,1,0
Actor,Geleen Eugenio,1,1,0
Actor,Joaquín Emanuel,1,1,0
Actor,Paula Morado,1,0,1
Actor,Giordano De Plano,1,0,1
Actor,Lama Lawand,1,1,0
Actor,Josh Cooke,1,1,0
Actor,Katherine Hughes,1,0,1
Actor,Adrian Julius Tillmann,1,0,1
Actor,Samantha Ko,1,1,0
Actor,A.J. Johnson,1,1,0
Actor,Serge Noujaim,1,1,0
Actor,Park Ji-hwan,1,0,1
Actor,Anurag Kashyap,1,1,0
Actor,Murat Arkin,1,0,1
Actor,Lilli Kay,1,0,1
Actor,Victoria Diamond,1,0,1
Actor,Reid Miller,1,1,0
Actor,Rachel Braunschweig,1,1,0
Actor,Eduardo Pérez,1,0,1
Actor,Thomas W. Gabrielsson,1,0,1
Actor,Cosme Flores,1,0,1
Actor,Fyodor Lavrov,1,0,1
Actor,Maxwell Simkins,1,1,0
Actor,Jiang Shuying,1,0,1
Actor,Seo Jang-hoon,1,0,1
Actor,Nam Yoon-su,1,0,1
Actor,Lerkcharoempoj Papangkorn,1,0,1
Actor,Alex Hassell,1,1,0
Actor,Yamini Das,1,1,0
Actor,Kim So-eun,1,0,1
Actor,León Orlandianyi,1,1,0
Actor,Eve Ai,1,1,0
Actor,Fleur Geffrier,1,1,0
Actor,Jacky Lai,1,0,1
Actor,Ahmed Boulane,1,0,1
Actor,Harry Belafonte,1,0,1
Actor,Nicole Sougou,1,1,0
Actor,Nana Seino,1,1,0
Actor,Katia Horn,1,1,0
Actor,Bubbles Sabharwal,1,1,0
Actor,Carlo Costanzia,1,0,1
Actor,Yuta Nakatsuka,1,1,0
Actor,Ruba Zarour,1,1,0
Actor,Fatih Şahin,1,1,0
Actor,Suhas Joshi,1,1,0
Actor,Celso Frateschi,1,0,1
Actor,Hande Subaşı,1,0,1
Actor,Noriko Eguchi,1,0,1
Actor,Matt Braunger,1,0,1
Actor,Calum Von Moger,1,1,0
Actor,Rekiya Attah,1,1,0
Actor,Eri Ozaki,1,0,1
Actor,Kelsy Abbott,1,0,1
Actor,Edwina Findley Dickerson,1,1,0
Actor,Harriet Manamela,1,0,1
Actor,Kang Tae-ju,1,0,1
Actor,Nelson George,1,0,1
Actor,Dylan Kuo,1,0,1
Actor,Aaron Hale,1,0,1
Actor,Rıza Kocaoğlu,1,1,0
Actor,Ram,1,1,0
Actor,Albert Mora,1,1,0
Actor,Anant Mahadevan,1,1,0
Actor,Jermaine Jacox,1,1,0
Actor,Edoardo Rossi,1,1,0
Actor,Terry Pheto,1,1,0
Actor,Natalia Oreiro,1,1,0
Actor,Yang Jin-sung,1,0,1
Actor,Donovan Patton,1,0,1
Actor,Hassan Mrad,1,1,0
Actor,Riccardo Rossi,1,1,0
Actor,Pedro Campos,1,1,0
Actor,Oludara Egerton Shyngle,1,1,0
Actor,Colton Woodward,1,1,0
Actor,Kamal Chaturvedi,1,1,0
Actor,Adul Charoenrasameekiat,1,0,1
Actor,Cliff Parisi,1,0,1
Actor,Özge Özpirinçci,1,1,0
Actor,Tatsuya Fukazawa,1,1,0
Actor,Jing Wu,1,1,0
Actor,Tupac Shakur,1,1,0
Actor,Erick Sermon,1,1,0
Actor,Matilda Marz,1,1,0
Actor,John Oliver,1,1,0
Actor,Rohan Chand,1,1,0
Actor,Hannah Gross,1,0,1
Actor,Yama Gilgamesh,1,1,0
Actor,Jung Woo-sung,1,1,0
Actor,Giacomo Ferrara,1,0,1
Actor,Rajeev Gaursingh,1,1,0
Actor,Drop Dashi,1,0,1
Actor,Kajol Chugh,1,0,1
Actor,Conan O'Brien,1,1,0
Actor,Dragoș Bucur,1,1,0
Actor,Zamani Mbatha,1,0,1
Actor,Daisuke Sakuma,1,1,0
Actor,Gio Alvarez,1,1,0
Actor,Juliana Luna,1,0,1
Actor,Noni Hazlehurst,1,0,1
Actor,Giancarlo Ruiz,1,0,1
Actor,Lepacious Bose,1,1,0
Actor,Reva Timbers,1,1,0
Actor,Mia Evonne Uyeda,1,1,0
Actor,Roberto Blandón,1,0,1
Actor,Gianluca Gallucci,1,0,1
Actor,Alina Boz,1,0,1
Actor,Johannes Zeiler,1,0,1
Actor,Kenji Kamiyama,1,1,0
Actor,Elisa Volpatto,1,0,1
Actor,Michael Mendl,1,0,1
Actor,Eric Wareheim,1,0,1
Actor,Sári Vida,1,1,0
Actor,Brian Moreno,1,1,0
Actor,Carl Gilliard,1,1,0
Actor,Ryan Doucette,1,1,0
Actor,Hatem Jamel,1,1,0
Actor,Uchemba Williams,1,1,0
Actor,Gick Grewal,1,1,0
Actor,Cj Sykes,1,1,0
Actor,Michel Nabokoff,1,1,0
Actor,John Koyama,1,1,0
Actor,Nicole Scherzinger,1,0,1
Actor,Arpasiri Nitipon,1,0,1
Actor,Suhail Haddad,1,1,0
Actor,Wiwattanawarang Oabnithi,1,0,1
Actor,Leigh Whannell,1,1,0
Actor,Gérard Lanvin,1,1,0
Actor,Sola Fosudo,1,1,0
Actor,Zhao Benshan,1,1,0
Actor,Sri Muktha,1,1,0
Actor,Yuho Yamashita,1,1,0
Actor,Mišel Matičević,1,0,1
Actor,Pimchanok Luevisadpaibul,1,0,1
Actor,Margaret Whitton,1,1,0
Actor,Addison Rae,1,1,0
Actor,Matthew Page,1,1,0
Actor,Odera Adimorah,1,1,0
Actor,Nils Hognestad,1,0,1
Actor,Justin Lazard,1,1,0
Actor,Miguel Rômulo,1,1,0
Actor,Tor Techathuwanan,1,0,1
Actor,Brett Donahue,1,0,1
Actor,Sharon Rose,1,1,0
Actor,Kim You-jung,1,1,0
Actor,Abhay Kulkarni,1,1,0
Actor,Solo,1,1,0
Actor,Noel Fisher,1,1,0
Actor,Arlete Bombe,1,1,0
Actor,Daweerit Chullasapya,1,0,1
Actor,Venkatesh Harinathan,1,1,0
Actor,Allen Shubhro,1,1,0
Actor,L.J. Benet,1,1,0
Actor,Brandon Vera,1,1,0
Actor,Andrew Schulz,1,0,1
Actor,Neel Tyagi,1,1,0
Actor,Omari Weaver,1,1,0
Actor,Naa Ashorkor Mensa-Doku,1,1,0
Actor,Angel Alkain,1,1,0
Actor,David Villegas,1,1,0
Actor,Kim Roi-ha,1,1,0
Actor,Tarun Wadhwa,1,1,0
Actor,Bilal Hussain,1,1,0
Actor,Wiktoria Gąsiewska,1,1,0
Actor,Hassam Ghancy,1,1,0
Actor,Carlos Valdes,1,0,1
Actor,François-David Cardonnel,1,0,1
Actor,Poonam Sood,1,1,0
Actor,Lillian Adams,1,1,0
Actor,Han Hye-jin,1,0,1
Actor,Kiyofumi Kaneko,1,0,1
Actor,Ümit Erdim,1,1,0
Actor,Darren Mann,1,1,0
Actor,Filipe Bragança,1,1,0
Actor,Maureen Lipman,1,1,0
Actor,Billy Crawford,1,1,0
Actor,Tia Hendricks,1,1,0
Actor,Arno Morales,1,1,0
Actor,Anna Cooke,1,0,1
Actor,"Arsenio ""Sonny"" Trinidad",1,1,0
Actor,Marno van der Merwe,1,1,0
Actor,Krishna Dasadiya,1,1,0
Actor,Stephen Demian,1,1,0
Actor,Estefanía de los Santos,1,1,0
Actor,Chuka Ekweogwu,1,1,0
Actor,Ludi Lin,1,0,1
Actor,Kamal Suliman,1,1,0
Actor,Vipul Roy,1,1,0
Actor,Liu Qiushi,1,0,1
Actor,Ramona Young,1,0,1
Actor,Golo Euler,1,0,1
Actor,Nicolas Maury,1,0,1
Actor,Leanne Joyce,1,1,0
Actor,Anders Baasmo,1,1,0
Actor,Martin Sidel,1,0,1
Actor,Tunde Bernard,1,1,0
Actor,Delia Mayer,1,0,1
Actor,Rose Reid,1,1,0
Actor,Numa Edema Norderhaug,1,0,1
Actor,Mitchel Musso,1,1,0
Actor,Yao Yuan Hao,1,0,1
Actor,Megan Mackenzie,1,0,1
Actor,Ana-María Sánchez,1,0,1
Actor,Sebastian Zimmler,1,0,1
Actor,Karyme Lozano,1,1,0
Actor,Madison Taylor Baez,1,0,1
Actor,Cha Hak-yeon,1,0,1
Actor,Gloria Münchmeyer,1,0,1
Actor,Sisir Tanah,1,1,0
Actor,Scottie Epstein,1,1,0
Actor,Babou Cham,1,1,0
Actor,Eric Kofi-Abrefa,1,0,1
Actor,Park Ki-woong,1,0,1
Actor,Shinobu Terajima,1,1,0
Actor,Alejandro Paker,1,1,0
Actor,Verónica Alva,1,1,0
Actor,Dami Lee,1,0,1
Actor,Matthew Romero,1,1,0
Actor,İlknur Külahlıoglu,1,1,0
Actor,Joel Rush,1,1,0
Actor,Eleanor Tomlinson,1,1,0
Actor,Alice Orr-Ewing,1,1,0
Actor,Kristian Halken,1,0,1
Actor,Kyoko Yoshine,1,0,1
Actor,Kim Jae-ha,1,0,1
Actor,Giovanni Maini,1,0,1
Actor,Danielle Vitalis,1,1,0
Actor,Henry Nixon,1,1,0
Actor,Gabriel Almaer,1,1,0
Actor,Andrés Rebolledo,1,1,0
Actor,Bouthayna Al Raesi,1,0,1
Actor,Adarsh,1,1,0
Actor,Bradley Steven Perry,1,1,0
Actor,Leonardo Fontes,1,0,1
Actor,Seo In-guk,1,0,1
Actor,Sam Sarpong,1,1,0
Actor,Shalin Naik,1,0,1
Actor,Noemí Frenkel,1,0,1
Actor,Yasemin Conka,1,1,0
Actor,Leandro Lima,1,0,1
Actor,Kwasi Songui,1,1,0
Actor,Yuuki Kuwahara,1,0,1
Actor,Joe Sheridan,1,0,1
Actor,Giovanna Lancellotti,1,1,0
Actor,Tanna Barthel,1,1,0
Actor,Kim So-yeon,1,0,1
Actor,Hale Appleman,1,0,1
Actor,Billy MacLellan,1,1,0
Actor,Isabella Gutierrez,1,0,1
Actor,Mariah Ug,1,1,0
Actor,Melis Babadag,1,1,0
Actor,Thanadol Auepongs,1,0,1
Actor,Sitha Marino,1,1,0
Actor,Sheila Collings,1,0,1
Actor,Eden Duncan-Smith,1,1,0
Actor,Abdullah Ibrahim,1,1,0
Actor,Cassandra Lee Morris,1,0,1
Actor,Kim Min-jun,1,0,1
Actor,Júlia Rabello,1,0,1
Actor,Jorge Bolani,1,1,0
Actor,Moussa Maaskri,1,1,0
Actor,Churni Ganguly,1,1,0
Actor,Larnell Stovall,1,1,0
Actor,Étienne Rotha Moeng,1,1,0
Actor,Jimmy Zoppi,1,0,1
Actor,Gazala Amin,1,1,0
Actor,Max Marieges,1,1,0
Actor,Tilda Cobham-Hervey,1,1,0
Actor,Fox Messitt,1,0,1
Actor,Park You-na,1,0,1
Actor,Lee Ji-won,1,0,1
Actor,Park Ki-deok,1,0,1
Actor,Mariana Carballal,1,1,0
Actor,Carlos Salazar,1,0,1
Actor,Vicenta N'Dongo,1,1,0
Actor,Samyuktha Hornad,1,1,0
Actor,Femi Durojaiye,1,1,0
Actor,Juliet Ochienge,1,1,0
Actor,Roxy Nel,1,1,0
Actor,Ralf Little,1,1,0
Actor,Henry Golding,1,1,0
Actor,Lisette Malidor,1,1,0
Actor,Jo Allen,1,0,1
Actor,Ireti Osayemi,1,1,0
Actor,Esom,1,0,1
Actor,Karolina Chapko,1,0,1
Actor,Thierry Henry,1,1,0
Actor,Louis Partridge,1,1,0
Actor,Judith Godreche,1,1,0
Actor,Tomoka Kuzutani,1,0,1
Actor,Duan Yixuan,1,0,1
Actor,Nidal El Askhar,1,1,0
Actor,Jessica St. Clair,1,1,0
Actor,Alan Rocha,1,1,0
Actor,Jasper Pääkkönen,1,1,0
Actor,Anwen O'Driscoll,1,0,1
Actor,Axel Matthew,1,1,0
Actor,Albert Halim,1,1,0
Actor,Mathieu Madénian,1,1,0
Actor,Alejandro Otero,1,0,1
Actor,Myolie Wu,1,0,1
Actor,Bassem Moughnie,1,0,1
Actor,Hannah Quinlivan,1,1,0
Actor,Joe Stevens,1,1,0
Actor,Hetvi Bhanushali,1,1,0
Actor,Xuan Xiaoming,1,1,0
Actor,Lemogang Tsipa,1,1,0
Actor,Hayato Kaneko,1,0,1
Actor,Anne Schäfer,1,1,0
Actor,Wyatt Oleff,1,0,1
Actor,Sahil Gilbile,1,1,0
Actor,Kim Kwang-gyoo,1,0,1
Actor,Abdel Ghani Benizza,1,1,0
Actor,Duncan Wisbey,1,0,1
Actor,Frida Argento,1,0,1
Actor,Awie,1,1,0
Actor,Aldís Amah Hamilton,1,0,1
Actor,Volkan Çalışkan,1,1,0
Actor,Choi Je-heon,1,1,0
Actor,Michel Biel,1,1,0
Actor,Khali Daniya-Renee Spraggins,1,0,1
Actor,David Batra,1,1,0
Actor,Kazuyoshi Shiibashi,1,0,1
Actor,Priyanka Verma,1,1,0
Actor,Armando Silva,1,0,1
Actor,Ashley Holliday Tavares,1,1,0
Actor,Esmeralda Pimentel,1,1,0
Actor,Oneg Efron,1,0,1
Actor,Oleg Chugunov,1,1,0
Actor,Omee,1,1,0
Actor,Juri Kimura,1,0,1
Actor,Mattias Inwood,1,0,1
Actor,Kate Jenkinson,1,0,1
Actor,Margherita Caviezel,1,0,1
Actor,Baek Hyeon-jin,1,0,1
Actor,Yun Bok-in,1,0,1
Actor,Kemi Olofinmakin,1,1,0
Actor,Tatanka Means,1,0,1
Actor,Marla Mindelle,1,0,1
Actor,Nico García Hume,1,0,1
Actor,Nur Risteena,1,0,1
Actor,Lauren Tsai,1,1,0
Actor,Joseph Marcell,1,1,0
Actor,Annabelle Belmondo,1,1,0
Actor,Jirapisit Jaravijit,1,0,1
Actor,Abdel Moneim Madbouly,1,1,0
Actor,Wang Ko-yuan,1,0,1
Actor,Anupriya Goenka,1,1,0
Actor,Aiemzy,1,1,0
Actor,Kim Seung-woo,1,0,1
Actor,Genevieve Kang,1,0,1
Actor,Mohamed Sherif Hassan,1,1,0
Actor,Kevin Garnett,1,1,0
Actor,Rina Nienaber,1,1,0
Actor,Yeon Je-wook,1,0,1
Actor,İlkin Tüfekçi,1,0,1
Actor,Alice Bellagamba,1,1,0
Actor,Kara Hayward,1,1,0
Actor,Fayssal Bazzi,1,0,1
Actor,Myka Nyne,1,1,0
Actor,Daisuke Tsuji,1,0,1
Actor,Misa Watanabe,1,0,1
Actor,Alexa Chung,1,0,1
Actor,Ron White,1,1,0
Actor,Vivek Mishra,1,1,0
Actor,Alessandro Bisegna,1,1,0
Actor,Vania Gill,1,0,1
Actor,Mahmoud Gharib,1,1,0
Actor,Manuela Mandracchia,1,0,1
Actor,Maximilian Ehrenreich,1,0,1
Actor,Daniel Alcaíno Cuevas,1,0,1
Actor,Khalifa Albhri,1,1,0
Actor,Albano Jerónimo,1,0,1
Actor,Clément Olivieri,1,1,0
Actor,Kazunari Tanaka,1,0,1
Actor,Jesús Abad Colorado,1,1,0
Actor,Kim Hye-soo,1,0,1
Actor,Ibukun Awosika,1,1,0
Actor,Malak Abu Ghraibeh,1,1,0
Actor,Nancy Khoury,1,1,0
Actor,Ryotaro Sakaguchi,1,1,0
Actor,Mohit Sharma,1,1,0
Actor,Jet Jurgensmeyer,1,1,0
Actor,Rochenda Sandall,1,0,1
Actor,Gerald Madrid,1,1,0
Actor,Jenny Zhou,1,0,1
Actor,Keiichi Sonobe,1,0,1
Actor,Klaas Heufer-Umlauf,1,0,1
Actor,Adam Longworth,1,0,1
Actor,Arpita Vora,1,1,0
Actor,Omatta Udalor,1,1,0
Actor,Shaquille O'Neal,1,1,0
Actor,Mayumi Tanaka,1,0,1
Actor,Amelie Bea Smith,1,0,1
Actor,Stephen Rider,1,0,1
Actor,Mariano Tun Xool,1,1,0
Actor,Liz Alexander,1,0,1
Actor,Shiori Doi,1,1,0
Actor,Eva Hauge,1,1,0
Actor,Raquel Robles,1,1,0
Actor,Frank Ramirez,1,0,1
Actor,Vengo Gao,1,0,1
Actor,Rich Hutchman,1,1,0
Actor,Mhel Merrer,1,0,1
Actor,John Owen Lowe,1,1,0
Actor,Hussein Eliraqui,1,1,0
Actor,Gabriela Nunes,1,1,0
Actor,Huang Mengying,1,0,1
Actor,Miloš Knor,1,1,0
Actor,Elizabeth Norment,1,0,1
Actor,Trudi Conradie,1,1,0
Actor,Adaar Malik,1,1,0
Actor,Ren Meguro,1,1,0
Actor,Sergio Galliani,1,0,1
Actor,Dominique Provost-Chalkley,1,0,1
Actor,Nick Lachey,1,0,1
Actor,Wagner Follare,1,0,1
Actor,Koichi Domoto,1,0,1
Actor,Amy Grant,1,1,0
Actor,Grant Bowler,1,1,0
Actor,Godfrey Gao,1,1,0
Actor,Bianca Byington,1,0,1
Actor,Thom Yorke,1,1,0
Actor,Hong So-yeong,1,0,1
Actor,Nutan Sinha,1,1,0
Actor,Patricia Maqueo,1,0,1
Actor,Kumkum Chouhan,1,1,0
Actor,Tegwen Tucker,1,0,1
Actor,Patrick Tang,1,0,1
Actor,Andy Mientus,1,0,1
Actor,Kelis,1,0,1
Actor,Caroline de Bruijn,1,1,0
Actor,Vidyullekha Raman,1,1,0
Actor,Kevin McGarry,1,1,0
Actor,Linda Kozlowski,1,1,0
Actor,Heston Blumenthal,1,0,1
Actor,Angela Scott,1,0,1
Actor,Ivan Leonardy,1,1,0
Actor,Odenike Odetola,1,0,1
Actor,Miriam Petche,1,0,1
Actor,Yura Anno,1,0,1
Actor,Marco Zunino,1,0,1
Actor,Jeff Joseph,1,1,0
Actor,Ava Liu,1,0,1
Actor,Denise Fraga,1,0,1
Actor,Alan David Lee,1,0,1
Actor,Adriano Tardiolo,1,1,0
Actor,Annabel Scholey,1,0,1
Actor,Sapol Assawamunkong,1,1,0
Actor,Joe Swash,1,1,0
Actor,Heidi Gardner,1,1,0
Actor,Maurice Carpede,1,1,0
Actor,Sherine Reda,1,0,1
Actor,Nonso Diobi,1,1,0
Actor,Wu Kunda,1,0,1
Actor,TT The Artist,1,1,0
Actor,Íris Tanja Flygenring,1,0,1
Actor,Soliman Elyassin,1,1,0
Actor,Vin Morreale Jr.,1,1,0
Actor,Akina Abe,1,0,1
Actor,Isabella Patrón,1,0,1
Actor,Tinker Hatfield,1,0,1
Actor,Arlene Muhlach,1,0,1
Actor,Malik Zidi,1,1,0
Actor,Denis Lavant,1,1,0
Actor,Haradhan Bannerjee,1,1,0
Actor,Neela Khedkar,1,1,0
Actor,Chen Hao,1,1,0
Actor,Dan Davies,1,1,0
Actor,Mai Kadowaki,1,0,1
Actor,Martin Matte,1,1,0
Actor,Raphael Viana,1,1,0
Actor,Laura Calero,1,0,1
Actor,Tam Williams,1,1,0
Actor,Julio Bohigas-Couto,1,1,0
Actor,Han Mo,1,1,0
Actor,Molukka Hiphop Community,1,1,0
Actor,G. M. Sundhar,1,1,0
Actor,Guru Shambu,1,1,0
Actor,Laura Ramsey,1,1,0
Actor,Dany Verissimo-Petit,1,1,0
Actor,Samuel Collings,1,0,1
Actor,Anna Maria de Luca,1,1,0
Actor,Kim Hong-pa,1,0,1
Actor,Samruddhi Shukla,1,0,1
Actor,Carla Salle,1,0,1
Actor,Dalexa Meneses,1,0,1
Actor,Farrah Kader,1,1,0
Actor,Jovial da Lopez,1,1,0
Actor,Odley Jean,1,0,1
Actor,Maggi Lowe,1,0,1
Actor,David Graham,1,0,1
Actor,Natalie Lisinska,1,0,1
Actor,Lizzie Waterworth-Santo,1,1,0
Actor,Ninik Winarni Utomo,1,1,0
Actor,Peter Parros,1,1,0
Actor,Nicolás Montero,1,0,1
Actor,Nophand Boonyai,1,0,1
Actor,Paul Butler,1,1,0
Actor,Tayo Amokade,1,1,0
Actor,Sunshine Cruz,1,1,0
Actor,Hervé Sogne,1,1,0
Actor,Myriam Fares,1,1,0
Actor,Zoe Tyson,1,1,0
Actor,Jon-Michael Ecker,1,0,1
Actor,Adeline Flaun,1,1,0
Actor,Xu Kai,1,0,1
Actor,Franco Tirri,1,0,1
Actor,Travis Coles,1,1,0
Actor,Vinod Sagar,1,1,0
Actor,Karl Theobald,1,0,1
Actor,Orson Hong,1,1,0
Actor,Amin Bensalem,1,1,0
Actor,Yuki Hayashi,1,1,0
Actor,Arjo Atayde,1,1,0
Actor,Renate Stuurman,1,1,0
Actor,Amadou Mbow,1,1,0
Actor,Rus Blackwell,1,1,0
Actor,Annie Gonzalez,1,0,1
Actor,Gautam Karthik,1,1,0
Actor,Kingston DuCoeur,1,1,0
Actor,Maaike Cafmeyer,1,0,1
Actor,Song Hanyu,1,0,1
Actor,Zayidiyya Dissou,1,1,0
Actor,Agustina Mindlin,1,0,1
Actor,Ryohei Shima,1,1,0
Actor,Shunsuke Motoi,1,1,0
Actor,Lorena Franco,1,1,0
Actor,Hayden Summerall,1,0,1
Actor,Aarya Dave,1,1,0
Actor,Basil Joseph,1,1,0
Actor,Marco Uriel,1,0,1
Actor,Reda Khoury,1,1,0
Actor,Tanya Maniktala,1,0,1
Actor,Jesse Bostick,1,0,1
Actor,Bob Golding,1,1,0
Actor,Tiffany Boone,1,1,0
Actor,Oka Giner,1,0,1
Actor,Rob Mariano,1,0,1
Actor,Pinky Pal Rajput,1,0,1
Actor,Justin Mirichii,1,1,0
Actor,Rina Takasaki,1,1,0
Actor,Marika Hayashi,1,1,0
Actor,Cathy DeBuono,1,1,0
Actor,Kim Kwon,1,0,1
Actor,Dolly Rathebe,1,1,0
Actor,Russell Curry,1,0,1
Actor,Kyle Schmid,1,0,1
Actor,Kin-Yan Lee,1,1,0
Actor,Achint Kaur,1,1,0
Actor,Camila Morgado,1,0,1
Actor,Clyde Kusatsu,1,1,0
Actor,Jasika Nicole,1,1,0
Actor,Mads Jørgensen,1,0,1
Actor,Hari,1,0,1
Actor,Reuben Sallmander,1,0,1
Actor,Adebimpe Akintunde,1,1,0
Actor,Paul Foster,1,0,1
Actor,Chethan Dsouza,1,1,0
Actor,Dumisani Mbebe,1,1,0
Actor,Maria Dinulescu,1,1,0
Actor,Kris Shen,1,0,1
Actor,Sihle Xaba,1,1,0
Actor,Iñaki Ardanaz,1,0,1
Actor,Blake Sheldon,1,1,0
Actor,Chantiq Schagerl,1,1,0
Actor,Alessio Boni,1,1,0
Actor,Atul Kulakarni,1,1,0
Actor,Rob Garrison,1,1,0
Actor,Salvador Zerboni,1,0,1
Actor,Saki Fujita,1,0,1
Actor,Christopher Wollter,1,1,0
Actor,Tamae Ando,1,0,1
Actor,Josh 2 Funny,1,1,0
Actor,Germán de Silva,1,1,0
Actor,Rapha Vélez,1,0,1
Actor,Billie Lourde,1,0,1
Actor,Christian Clemenson,1,0,1
Actor,Jason Bolden,1,0,1
Actor,Desiree Densiti,1,1,0
Actor,Dajana Čuljak,1,0,1
Actor,Piotr Pacek,1,0,1
Actor,Malu Valle,1,1,0
Actor,Michael Hansen,1,0,1
Actor,Almira Muhlach,1,1,0
Actor,Ayden Mayeri,1,0,1
Actor,Louison Blivet,1,1,0
Actor,Ilse Salas,1,0,1
Actor,Elizabeth Henstridge,1,0,1
Actor,Allende Blanco,1,1,0
Actor,Saqib Ayub,1,0,1
Actor,Charbel Ziade,1,1,0
Actor,Kwon Hyuk-hyun,1,0,1
Actor,Natalia Mateo,1,1,0
Actor,Fabio Grangeon,1,1,0
Actor,Wei Xiang,1,1,0
Actor,Yousef Sweid,1,0,1
Actor,Ra Mi-ran,1,1,0
Actor,Julian McMahon,1,1,0
Actor,Stuart Bowman,1,0,1
Actor,Zijad Gračić,1,0,1
Actor,Eddie McClintock,1,1,0
Actor,Richie Mestre,1,0,1
Actor,Justus Esiri,1,1,0
Actor,Rayen Panday,1,0,1
Actor,Deng JiaJia,1,0,1
Actor,Cristos,1,1,0
Actor,Mwajuma Belle,1,1,0
Actor,Anna Drijver,1,0,1
Actor,Igby Rigney,1,0,1
Actor,Yassi Pressman,1,1,0
Actor,Liam Mulvey,1,1,0
Actor,Neha Bam,1,1,0
Actor,Akanksha Thakur,1,0,1
Actor,Hardil Kanabar,1,1,0
Actor,Jacek Knap,1,1,0
Actor,Luca Costanzo,1,0,1
Actor,Ximena Lamadrid,1,0,1
Actor,Leib Lev Levin,1,0,1
Actor,Yury Borisov,1,1,0
Actor,Sébastien Houbani,1,0,1
Actor,Olivia Grant,1,1,0
Actor,Nienke Plas,1,1,0
Actor,Kim Chang-won,1,0,1
Actor,Hamish Kyd,1,1,0
Actor,Krishna Hebbale,1,1,0
Actor,Evan Roe,1,0,1
Actor,Simone Walker,1,1,0
Actor,Ali Marsh,1,1,0
Actor,Simona Berman,1,0,1
Actor,Loukia Ioannou,1,1,0
Actor,Manuela Velasco,1,0,1
Actor,Mimi Brănescu,1,1,0
Actor,Quei Tann,1,1,0
Actor,Ho-dong Kang,1,0,1
Actor,Bhupesh Pandya,1,1,0
Actor,Nicolás Riera,1,0,1
Actor,Carlo Tarmati,1,1,0
Actor,Marta Manduca,1,1,0
Actor,Stephen Stills,1,1,0
Actor,Juan David Restrepo,1,0,1
Actor,Simone Colombari,1,0,1
Actor,Jhilmil Hazrika,1,1,0
Actor,Nakhul,1,1,0
Actor,Mikaela Hoover,1,1,0
Actor,Lupe Cartié Roda,1,1,0
Actor,Myrtle Sarrosa,1,1,0
Actor,Okon Imeh  Bishop,1,1,0
Actor,Bijou Thaangjam,1,1,0
Actor,Bruno Díaz,1,1,0
Actor,Brianna Hildebrand,1,0,1
Actor,Hiam Abou Chedid,1,1,0
Actor,Hikaru Utada,1,1,0
Actor,Sacha Stevenson,1,1,0
Actor,Alex Usifo,1,1,0
Actor,Trupti Toradmal,1,1,0
Actor,Brooke Nichole Lee,1,0,1
Actor,Reylynn Caster,1,0,1
Actor,Tiberio Cruz,1,0,1
Actor,Tanner Stine,1,0,1
Actor,Finnlay Berger,1,1,0
Actor,Benjamin Tranié,1,1,0
Actor,Camille De La Cruz,1,1,0
Actor,Jon Pollard,1,0,1
Actor,Catherine O'Connor,1,0,1
Actor,Hayley McFarland,1,1,0
Actor,Spike Jonze,1,1,0
Actor,Yu Lang,1,0,1
Actor,Shrikanth Iyyangar,1,1,0
Actor,Surabhi Pandey,1,0,1
Actor,Sumitra Duangkaew,1,0,1
Actor,Caterina Scorsone,1,1,0
Actor,Diane Fleri,1,0,1
Actor,Lee Hye-eun,1,0,1
Actor,Jackie Collins,1,1,0
Actor,Torbjørn Jensen,1,1,0
Actor,Derek Gaines,1,0,1
Actor,Drew Ray Tanner,1,1,0
Actor,Dibang,1,1,0
Actor,Elie Mitri,1,1,0
Actor,Sasithorn Panichnok,1,1,0
Actor,Michael Lawrenchuk,1,1,0
Actor,Karen Kaia Livers,1,1,0
Actor,Valentin Popescu,1,1,0
Actor,Andrea Cortes,1,1,0
Actor,Song Ji-hyo,1,0,1
Actor,Fred Stoller,1,1,0
Actor,Manu Intiraymi,1,1,0
Actor,Pio Marmaï,1,1,0
Actor,Matthew Deane Chanthavanij,1,0,1
Actor,Sofia Wylie,1,1,0
Actor,Rebecca Pan,1,1,0
Actor,Adriana Silva,1,0,1
Actor,Nicoletta Braschi,1,1,0
Actor,Tracy Middendorf,1,0,1
Actor,Jared Turner,1,0,1
Actor,Keyon Williams,1,0,1
Actor,Juliana Galvis,1,0,1
Actor,Beattie Edmondson,1,1,0
Actor,Palina Rojinski,1,0,1
Actor,Sandeep Kaur Sandy,1,1,0
Actor,Mercy Aigbe,1,1,0
Actor,Kamil Piotrowski,1,1,0
Actor,Aggy K. Adams,1,1,0
Actor,Ksawery Szlenkier,1,0,1
Actor,Suzanne Rault-Balet,1,0,1
Actor,Scarlet Gruber,1,0,1
Actor,Sherry Stringfield,1,1,0
Actor,Jimmy London,1,0,1
Actor,Nadia Tueni,1,1,0
Actor,Natalia Mann,1,1,0
Actor,Mimi Shao,1,1,0
Actor,Dr. Rajendra Prasad,1,1,0
Actor,Khanh Van,1,1,0
Actor,Will Meyers,1,0,1
Actor,Le Trung Hieu,1,0,1
Actor,Chiara Francia,1,0,1
Actor,Erkan Kolçak Köstendil,1,1,0
Actor,Luisa Mayol,1,1,0
Actor,Lucas Papaelias,1,1,0
Actor,Moussa Mansaly,1,1,0
Actor,Griffin Murray-Johnston,1,1,0
Actor,Hamdi el Sakhawy,1,1,0
Actor,Anne Yatco,1,0,1
Actor,Mandana Karimi,1,1,0
Actor,Michael JQ Huang,1,0,1
Actor,Shrey Bawa,1,1,0
Actor,Cherry Jones,1,0,1
Actor,Jean Paul Hage,1,1,0
Actor,Bastian Bintang Simbolon,1,1,0
Actor,Giulio Parengkuan,1,1,0
Actor,Naruna Costa,1,0,1
Actor,Genevieve Aitken,1,0,1
Actor,Choi Min,1,0,1
Actor,Jai Brooks,1,1,0
Actor,Jeong Da-eun,1,0,1
Actor,Gustave Kervern,1,0,1
Actor,Grégory Montel,1,0,1
Actor,Andrea Newton,1,1,0
Actor,Nabila Ebeid,1,1,0
Actor,Princess,1,1,0
Actor,Daniel Ryan,1,0,1
Actor,Anne Leighton,1,1,0
Actor,Abel Tesfaye,1,1,0
Actor,Anthony Lee Medina,1,0,1
Actor,Delta Burke,1,0,1
Actor,Peter Gadiot,1,0,1
Actor,Carol King,1,0,1
Actor,Osvaldo Friger,1,0,1
Actor,Fabiana Udenio,1,1,0
Actor,José Garcia,1,1,0
Actor,Gerard Plunkett,1,1,0
Actor,Hamdy Ahmed,1,1,0
Actor,Heljä Heikkinen,1,0,1
Actor,Trine Wiggen,1,1,0
Actor,Richard Neil,1,1,0
Actor,Jamie Croft,1,0,1
Actor,Gwendolyn Gourvenec,1,1,0
Actor,Jazmyn Simon,1,0,1
Actor,Perran Kutman,1,1,0
Actor,Vaisnavi RP,1,1,0
Actor,Jung Sun-hye,1,0,1
Actor,Prince Mingle,1,1,0
Actor,Cheng Taishen,1,1,0
Actor,Mark Towle,1,0,1
Actor,Kenchi Tachibana,1,1,0
Actor,Lionel Lingelser,1,0,1
Actor,Luca Chikovani,1,1,0
Actor,Xander Crowell,1,0,1
Actor,Emilio Beltrán Ulrich,1,0,1
Actor,Jerry Kwarteng,1,0,1
Actor,Ferhan Şensoy,1,1,0
Actor,Digvijay Deshmukh,1,1,0
Actor,Valeriu Andriuță,1,1,0
Actor,Ryohei Otani,1,0,1
Actor,DJ Law,1,0,1
Actor,James Yi,1,1,0
Actor,Nobuaki Fukuda,1,1,0
Actor,Ijeoma Aniebo,1,1,0
Actor,Waldo Urrego,1,0,1
Actor,Gemma Chua-Tran,1,1,0
Actor,Emilio Guerrero,1,0,1
Actor,Sahana Srinivasan,1,0,1
Actor,Sunil Kumar,1,1,0
Actor,Bun-hay Mean,1,1,0
Actor,Jean-Toussaint Bernard,1,0,1
Actor,Bowie Lam,1,1,0
Actor,Sammi Haney,1,0,1
Actor,Kimberly Quinn,1,1,0
Actor,Güven Kıraç,1,1,0
Actor,Omar Marwan,1,1,0
Actor,Soxy Topacio,1,1,0
Actor,Nguyen Ngoc Huyen Dieu,1,1,0
Actor,Chen Pengwanli,1,0,1
Actor,Carter Treneer,1,0,1
Actor,Yuan Baizihui,1,0,1
Actor,John Reynolds,1,1,0
Actor,JJ Lin,1,0,1
Actor,Chris Haywood,1,1,0
Actor,Suwaphat Techaviriyawong,1,0,1
Actor,Shivani Raghuvanshi,1,1,0
Actor,Brian Unger,1,1,0
Actor,Steve Berg,1,0,1
Actor,Kea Peahu,1,1,0
Actor,Wilson Hsu,1,1,0
Actor,Michael Obiora,1,0,1
Actor,Torben Liebrecht,1,1,0
Actor,Leo Tang,1,0,1
Actor,Saumya Tandon,1,1,0
Actor,Mona Bao Tien,1,1,0
Actor,Menashe Lustig,1,1,0
Actor,Megan Thee Stallion,1,1,0
Actor,Peter Gorissen,1,0,1
Actor,Tomris Çetinel,1,1,0
Actor,Mai Sato,1,0,1
Actor,Matt Cook,1,0,1
Actor,Gong Min-jeung,1,0,1
Actor,Emma Jones,1,1,0
Actor,Natália Rosa,1,0,1
Actor,Olasupo Shasore,1,0,1
Actor,Sarabjit Cheema,1,1,0
Actor,Timothy E. Brummund,1,0,1
Actor,Anand Kumar,1,1,0
Actor,Sushant Pujari,1,1,0
Actor,Jeni Ross,1,1,0
Actor,Deah Tandon,1,1,0
Actor,Maria Thayer,1,1,0
Actor,Jung Suk-won,1,0,1
Actor,Esra Bilgiç,1,0,1
Actor,Raul Rosario,1,1,0
Actor,Alejandra Onieva,1,0,1
Actor,Mario Bassil,1,1,0
Actor,Rakhi Sawant,1,1,0
Actor,Nawaf Al Shemmeri,1,1,0
Actor,Ed Kear,1,1,0
Actor,Prasad Barve,1,1,0
Actor,Noah Munck,1,0,1
Actor,Shin Seung-ho,1,0,1
Actor,Duncan Lacroix,1,0,1
Actor,Bobby Field,1,1,0
Actor,Tonton Gutierrez,1,1,0
Actor,Oyafunmike Ogunlano,1,1,0
Actor,Mireille Herbstmeyer,1,0,1
Actor,Hazem Samir,1,1,0
Actor,Walid Al-Atiyat,1,1,0
Actor,Sarah Brooks,1,1,0
Actor,Marcus Chiau,1,1,0
Actor,Joanna Cassidy,1,1,0
Actor,Sydney McCallister,1,1,0
Actor,Scott Michael Foster,1,0,1
Actor,Liam Pierron,1,1,0
Actor,Zhu Zhiling,1,0,1
Actor,Slimane,1,1,0
Actor,Diya Kittur,1,0,1
Actor,Evan Dando,1,1,0
Actor,Kathaleeya McIntosh,1,0,1
Actor,Shereen Reda,1,1,0
Actor,Hemanth Mahaur,1,1,0
Actor,Chanya McClory,1,0,1
Actor,Assunta de Rossi,1,1,0
Actor,Enno Cheng,1,0,1
Actor,Bryan Ruffo,1,1,0
Actor,Ali Hassan,1,1,0
Actor,Virginie Ledoyen,1,1,0
Actor,J. Mahendran,1,1,0
Actor,John Karna,1,0,1
Actor,Asenla Jamir,1,1,0
Actor,Zakeeya Patel,1,1,0
Actor,Marco Masa,1,1,0
Actor,Peter Sudarso,1,0,1
Actor,Pooja Bhamrah,1,1,0
Actor,Xia Vigor,1,1,0
Actor,Daichi Watanabe,1,0,1
Actor,Matteo Giannini,1,1,0
Actor,Cheran,1,1,0
Actor,Ehan Bhat,1,1,0
Actor,Tommy Vásquez,1,0,1
Actor,August Issac Carter,1,0,1
Actor,Barry Jenkins,1,0,1
Actor,Yu Menglong,1,0,1
Actor,Laila Taher,1,1,0
Actor,Kim Mi-hwa,1,0,1
Actor,Luo Yunxi,1,0,1
Actor,Yashwant Wasnik,1,0,1
Actor,Intekhab Dinar,1,1,0
Actor,Chris Collins,1,1,0
Actor,Riku Nieminen,1,0,1
Actor,Martín Reyes,1,1,0
Actor,Susanna Herbert,1,0,1
Actor,Derek Cecil,1,0,1
Actor,Chaya Singh,1,1,0
Actor,Melanie Winigir,1,1,0
Actor,Arun Aseng,1,1,0
Actor,Paul Fitzgerald,1,0,1
Actor,Lorenzo James Henrie,1,1,0
Actor,Deann Degruijter,1,0,1
Actor,Steve Nicolson,1,1,0
Actor,Rajeev Siddhartha,1,1,0
Actor,Abdulateif Saud,1,1,0
Actor,Lee Jeong-kil,1,0,1
Actor,Vic Reeves,1,0,1
Actor,Nikolett Barabas,1,1,0
Actor,Crystal Balint,1,0,1
Actor,Shane Pow,1,1,0
Actor,Tommy Kenter,1,1,0
Actor,Erin Richards,1,0,1
Actor,Ella Galt,1,0,1
Actor,Owen Colgan,1,0,1
Actor,Gail Mabalane,1,0,1
Actor,Sarah Mezzanotte,1,0,1
Actor,Mauricio Llera,1,1,0
Actor,Keshav Sadhna,1,0,1
Actor,José Luis García Pérez,1,1,0
Actor,Shirley Marulanda,1,1,0
Actor,Esben Smed,1,1,0
Actor,Nur Aysan,1,1,0
Actor,Sanjeeta Bhattacharya,1,0,1
Actor,Fizz Fairuz,1,1,0
Actor,Simon Prebble,1,1,0
Actor,Annie Wood,1,1,0
Actor,Tyger Drew-Honey,1,0,1
Actor,Dana Abdullilah,1,1,0
Actor,Sophie Alexander-Katz,1,1,0
Actor,C.J. Perry,1,1,0
Actor,Brytni Sarpy,1,1,0
Actor,Ricardo Mejia,1,0,1
Actor,Damien Laquet,1,0,1
Actor,Jung Ho-yeon,1,0,1
Actor,Taha Sönmezisik,1,1,0
Actor,Minnie Aguilar,1,1,0
Actor,Gianluca Colucci (Fru),1,0,1
Actor,Demian Aditya,1,1,0
Actor,Erika Hau,1,0,1
Actor,Mario Duarte,1,0,1
Actor,Owiss Mokhallati,1,1,0
Actor,Füsun Demirel,1,1,0
Actor,Jean-Charles Clichet,1,0,1
Actor,William Christopher Ford,1,1,0
Actor,Maulik Pancholy,1,0,1
Actor,Rahmi Dilligil,1,1,0
Actor,Pepi Sonuga,1,1,0
Actor,Nompilo Gwala,1,1,0
Actor,Nick Mancuso,1,1,0
Actor,Diego Peretti,1,0,1
Actor,Susana Ribeiro,1,0,1
Actor,Micah Balfour,1,1,0
Actor,Sunnee Yang,1,0,1
Actor,Germaine De Leon,1,1,0
Actor,Sara Gesawat,1,0,1
Actor,Iain McNally,1,0,1
Actor,Ameerah Falzon-Ojo,1,0,1
Actor,Bao Wenjing,1,0,1
Actor,Bruna Griphao,1,1,0
Actor,Brittany Lauda,1,0,1
Actor,Vivian Hsu,1,1,0
Actor,Cherry Leung,1,0,1
Actor,Jihane Khalil,1,1,0
Actor,Jeong Jun-ho,1,0,1
Actor,Khaled Alkeesh,1,0,1
Actor,Richard Harmon,1,0,1
Actor,Mireia Aixalà,1,0,1
Actor,Finn Roberts,1,0,1
Actor,Jo Ellen Pellman,1,1,0
Actor,Isabel Cristina Estrada,1,0,1
Actor,David Prada,1,0,1
Actor,Rafael Casal,1,0,1
Actor,Yoo Hai-jin,1,1,0
Actor,Barbara Rosenblat,1,0,1
Actor,Gabriel Mann,1,1,0
Actor,Angeline Quinto,1,1,0
Actor,Lee Sung-jae,1,0,1
Actor,Said Khalil,1,1,0
Actor,Charles Melton,1,0,1
Actor,Jimmy Moses,1,1,0
Actor,Janni Goslinga,1,0,1
Actor,Priyaa Lal,1,1,0
Actor,Andrew Gower,1,0,1
Actor,Takuro Hijioka,1,0,1
Actor,Prasad,1,1,0
Actor,Patricia Vico,1,1,0
Actor,Gerardo Taracena,1,0,1
Actor,Tenzing Dalha,1,1,0
Actor,François Petit,1,1,0
Actor,Agustina Palma,1,0,1
Actor,Janya Thanasawangkun,1,0,1
Actor,Alexa Torrington,1,0,1
Actor,Klara Castanho,1,1,0
Actor,Inbar Lavi,1,0,1
Actor,Steve Lantz,1,1,0
Actor,Gabriel Tigerman,1,1,0
Actor,James Darren,1,1,0
Actor,Jang Kwang,1,0,1
Actor,Sadia Khateeb,1,1,0
Actor,Elie Samouhi,1,0,1
Actor,Hakan Eke,1,1,0
Actor,Lee Yoo-young,1,0,1
Actor,Cyril Nri,1,1,0
Actor,Adam Storke,1,1,0
Actor,Rachanee Siralert,1,1,0
Actor,Kailyn Lowry,1,0,1
Actor,Mohamed El Swisi,1,0,1
Actor,María Vázquez,1,1,0
Actor,Matti Laine,1,0,1
Actor,Keira Hewatch,1,0,1
Actor,Adam Woronowicz,1,1,0
Actor,Dennis Christopher,1,1,0
Actor,Art Acuña,1,1,0
Actor,Catherine Marchal,1,1,0
Actor,Mitchell Hope,1,1,0
Actor,Youssouff Wague,1,1,0
Actor,Rob Zabrecky,1,1,0
Actor,Ilse Klink,1,0,1
Actor,Paul Hogan,1,1,0
Actor,Kinda Alloush,1,1,0
Actor,Charlotte Best,1,0,1
Actor,Kim Bo-min,1,0,1
Actor,Anke Sun,1,1,0
Actor,Natalino Balasso,1,1,0
Actor,Clare Higgins,1,0,1
Actor,Narein,1,1,0
Actor,Zhang Guang-chen,1,0,1
Actor,Wu Xudong,1,0,1
Actor,Magali Elali,1,1,0
Actor,Deanna McGovern,1,0,1
Actor,Ask Mossberg Truelsen,1,0,1
Actor,Kaisei Kamimura,1,1,0
Actor,Phoebe Givron-Taylor,1,1,0
Actor,Abeer Mohammed,1,1,0
Actor,Hashem Hawsawi,1,1,0
Actor,Ilana Becker,1,0,1
Actor,Alyssa Goss,1,1,0
Actor,Scott Major,1,0,1
Actor,Marii Weichsler,1,1,0
Actor,Camilo Amores,1,0,1
Actor,Torfinn Nag,1,0,1
Actor,Ryuichi Kijima,1,0,1
Actor,Vivek Yadav,1,1,0
Actor,Makhosazana Ndlovu,1,1,0
Actor,Olivia Molinaro Eijo,1,1,0
Actor,Uche Elumelu,1,1,0
Actor,Masami Nagasawa,1,1,0
Actor,Lala Kent,1,1,0
Actor,Cleo Anthony,1,0,1
Actor,Noémie Honiat,1,0,1
Actor,Rana Eid,1,1,0
Actor,Majo Cardozo,1,1,0
Actor,Daniele Mariani,1,1,0
Actor,Kevin Adrian Barnaby,1,0,1
Actor,Bhavani Sre,1,0,1
Actor,Liu Yan,1,1,0
Actor,Araya A. Hargate,1,1,0
Actor,George Chiang,1,1,0
Actor,Go Youn-jung,1,0,1
Actor,Reina Kondo,1,0,1
Actor,Fabio Rubiano,1,0,1
Actor,Jeremiah Zhang,1,0,1
Actor,Erol Demiröz,1,1,0
Actor,Pascal Atuma,1,1,0
Actor,Kim Yoon-hye,1,0,1
Actor,Hany El Metennawy,1,1,0
Actor,Adhisty Zara,1,1,0
Actor,William Daniels,1,1,0
Actor,Anastasia Chocholatá,1,0,1
Actor,Grégoire Isvarine,1,1,0
Actor,Buddy Handleson,1,0,1
Actor,Antonio Alvarez,1,1,0
Actor,Megan Sousa,1,1,0
Actor,Chen Yuqi,1,0,1
Actor,Wade Davis,1,1,0
Actor,Chika Okubo,1,0,1
Actor,Roy Choi,1,0,1
Actor,Zoe Ball,1,0,1
Actor,Miquel Gelabert,1,1,0
Actor,Jorge Luis Vázquez,1,0,1
Actor,Alexander Vlahos,1,0,1
Actor,Wai Ching Ho,1,0,1
Actor,Harrdy Sandhu,1,1,0
Actor,Abdulaziz Al-mesallam,1,1,0
Actor,Luciano Marti,1,1,0
Actor,Gaël Kamilindi,1,0,1
Actor,Ryan Guzman,1,1,0
Actor,Joshua Carlon,1,0,1
Actor,Ben Small,1,0,1
Actor,Emil Hirai-Garuba,1,1,0
Actor,Rokeya Prachy,1,1,0
Actor,Laura Osma,1,0,1
Actor,Duncan Fellows,1,0,1
Actor,Hunter Reese Peña,1,0,1
Actor,Kim Yeong-ok,1,0,1
Actor,Michele Selene Ang,1,0,1
Actor,Aaryan Menon,1,1,0
Actor,Ming Hu,1,1,0
Actor,Sebastiano Kiniger,1,0,1
Actor,Ori Biton,1,0,1
Actor,Praveena,1,1,0
Actor,Monika Pawar,1,1,0
Actor,Christina Brucato,1,0,1
Actor,Teruaki Ogawa,1,1,0
Actor,Shalini Mohan,1,1,0
Actor,Luke Perry,1,0,1
Actor,Monique Ganderton,1,1,0
Actor,Brigette Lundy-Paine,1,0,1
Actor,Whindersson Nunes,1,1,0
Actor,Michael Goldsmith,1,0,1
Actor,Lucca Picon,1,1,0
Actor,Indira Tiwari,1,1,0
Actor,Nida Patcharaveerapong,1,0,1
Actor,Mateusz Kościukiewicz,1,0,1
Actor,Mariana Amâncio,1,1,0
Actor,Martín Bacigalupo,1,1,0
Actor,Supranee Charoenpol,1,0,1
Actor,Javier Mora,1,0,1
Actor,Vered Feldman,1,0,1
Actor,Lee Hong-gi,1,0,1
Actor,Feyyaz Duman,1,1,0
Actor,Qahtan Alqahtani,1,0,1
Actor,Will Keen,1,0,1
Actor,Chertsak Pratumseesakhon,1,1,0
Actor,Wang Qingxiang,1,1,0
Actor,Kim Jong-min,1,0,1
Actor,Luis Ángel Jaramillo,1,1,0
Actor,Sultan Alkhail,1,0,1
Actor,Dattanna,1,1,0
Actor,Boris Abramov,1,1,0
Actor,Fleur Beaupert,1,0,1
Actor,Elias Harger,1,0,1
Actor,Erik Johansson,1,0,1
Actor,David Hornsby,1,0,1
Actor,Todd Black,1,1,0
Actor,Mariana Nunes,1,1,0
Actor,Giorgio Belli,1,0,1
Actor,Landon Lueck,1,0,1
Actor,Aliocha Schneider,1,0,1
Actor,Wladimir Tarasjanz,1,1,0
Actor,Joe Dennenwald,1,0,1
Actor,Lily Newmark,1,0,1
Actor,Sam Callis,1,0,1
Actor,Scarlet Spencer,1,0,1
Actor,Kittipong Khamsat,1,0,1
Actor,So Wai Chuen,1,0,1
Actor,Souad al-Husseini,1,1,0
Actor,Asal Deen,1,1,0
Actor,Armand Aucamp,1,1,0
Actor,Fahad Albutairi,1,1,0
Actor,Sara Ali Khan,1,1,0
Actor,Aroha Hafez,1,0,1
Actor,Erika Mori,1,0,1
Actor,Dana DeLorenzo,1,0,1
Actor,Renny Grames,1,1,0
Actor,Morna Seres,1,0,1
Actor,Sthembiso Khoza,1,1,0
Actor,Gabriella Jordan,1,1,0
Actor,Oluwabukola Thomas,1,0,1
Actor,Douglas Spain,1,1,0
Actor,Robert Hara Gaeb,1,1,0
Actor,Archi Adamos,1,1,0
Actor,Trestin George,1,1,0
Actor,Marina Provenzzano,1,0,1
Actor,Aishwarya Ghaydar,1,1,0
Actor,Corinne Foxx,1,1,0
Actor,Salah Zo El Faqqar,1,1,0
Actor,Kayne Tremills,1,0,1
Actor,Nikodem Rozbicki,1,1,0
Actor,Praneet Akilla,1,0,1
Actor,Lea Enslin,1,1,0
Actor,Fathia Youssouf,1,1,0
Actor,Chad Connell,1,1,0
Actor,Ene Oloja,1,1,0
Actor,Ruben Niborski,1,1,0
Actor,Max Lohan,1,0,1
Actor,Iman Affara,1,1,0
Actor,Sadie Simm,1,1,0
Actor,Emma Bellomy,1,1,0
Actor,Michael Beattie,1,1,0
Actor,Michael Perron,1,1,0
Actor,Heung Kam Lee,1,1,0
Actor,Bige Önal,1,0,1
Actor,Elle LaMont,1,1,0
Actor,Fernanda Michelle Torres,1,1,0
Actor,Hanna Chan,1,0,1
Actor,Ron Haddrick,1,1,0
Actor,Sharifah Aryana,1,1,0
Actor,Gloria Anozie-Young,1,1,0
Actor,Diana Hernández,1,1,0
Actor,Arata Sato,1,1,0
Actor,Milagros Molina,1,0,1
Actor,Hardik Thakkar,1,1,0
Actor,Jessica Marie Garcia,1,0,1
Actor,Anand Rajaram,1,0,1
Actor,Eddie Jones,1,1,0
Actor,Amiah Miller,1,1,0
Actor,Azul Lombardía,1,1,0
Actor,Doyin Abiola,1,1,0
Actor,Thomas Trabacchi,1,1,0
Actor,Dilşad Şimşek,1,1,0
Actor,Julien Frison,1,0,1
Actor,Martin Swabey,1,1,0
Actor,Adeline Rudolph,1,0,1
Actor,Aleksei Archer,1,1,0
Actor,Tarek El Ebiary,1,0,1
Actor,Mikelle Wright-Matos,1,0,1
Actor,Simon Delaney,1,1,0
Actor,Chin Chin Gutierrez,1,1,0
Actor,Diego Josef,1,1,0
Actor,Gary Stevens,1,1,0
Actor,Daniel Horvath,1,1,0
Actor,Kanako Nishiyama,1,0,1
Actor,Sayumi Suzushiro,1,0,1
Actor,Kyle Mac,1,0,1
Actor,Katie Proctor,1,0,1
Actor,Torri Higginson,1,1,0
Actor,Hannah Monson,1,0,1
Actor,Marco Pérez,1,0,1
Actor,Ahmed Yerima,1,1,0
Actor,Neet Chowdhary,1,1,0
Actor,Dilber Ay,1,1,0
Actor,Julious Shivenga,1,1,0
Actor,Sara Yu,1,1,0
Actor,Yusuke Shoji,1,1,0
Actor,Martin Kretz,1,0,1
Actor,Şehsuvar Aktaş,1,0,1
Actor,Akiko Iwase,1,1,0
Actor,Shota Watanabe,1,1,0
Actor,Rauno Ahonen,1,0,1
Actor,Alex Jayne Go,1,0,1
Actor,Sadie Lapidus,1,1,0
Actor,Vidya Malavade,1,0,1
Actor,Alexandre Harough,1,1,0
Actor,Ryan Cheng,1,1,0
Actor,Chen De-xiu,1,0,1
Actor,Marcela Gallego,1,0,1
Actor,Prinz Nithik,1,1,0
Actor,Mario Espitia,1,0,1
Actor,Matthew Marsh,1,1,0
Actor,Susan Walters,1,1,0
Actor,Yara Mustafa,1,0,1
Actor,Cheska Iñigo,1,1,0
Actor,Alex Beaton,1,0,1
Actor,Robert David,1,0,1
Actor,Daniel Čech,1,1,0
Actor,Joanna Arida,1,0,1
Actor,Issara Veranitinunt,1,0,1
Actor,Jerome Ponce,1,1,0
Actor,Diana Chrisman,1,0,1
Actor,Claudia Riera,1,0,1
Actor,Angelica Blandon,1,0,1
Actor,Tom Fujita,1,1,0
Actor,Shenty Feliziana,1,1,0
Actor,Sumire,1,1,0
Actor,Goro Kishitani,1,1,0
Actor,Stefano Cassetti,1,0,1
Actor,David Chiang,1,1,0
Actor,Miles Jupp,1,0,1
Actor,Isabella Ferreira,1,0,1
Actor,Bimby Aquino-Yap,1,1,0
Actor,Susana Manchini,1,0,1
Actor,Mofe Duncan,1,0,1
Actor,Théo Costa-Marini,1,1,0
Actor,Dedi Soetomo,1,1,0
Actor,Ina Geraldine Guy,1,1,0
Actor,Yuma Yamoto,1,0,1
Actor,Nader Chowdhury,1,1,0
Actor,Yaphet Kotto,1,1,0
Actor,Maria Wawreniuk,1,0,1
Actor,Shwetambari Ghute,1,1,0
Actor,Gunawan Sudrajat,1,1,0
Actor,Carmen-Maja Antoni,1,0,1
Actor,Nika Futterman,1,1,0
Actor,Shankar Ashwath,1,1,0
Actor,Merit Leighton,1,0,1
Actor,Kyle Gass,1,1,0
Actor,Thime Pichitsurakit,1,0,1
Actor,Prashanth,1,1,0
Actor,Liu Hua,1,1,0
Actor,Baljinder Kaur,1,1,0
Actor,Rasheed Naz,1,1,0
Actor,Harrison Stone,1,0,1
Actor,Rhoda Griffis,1,1,0
Actor,Begüm Öner,1,1,0
Actor,Jaiden Smith,1,0,1
Actor,Karina Maruyama,1,0,1
Actor,Tommi Korpela,1,0,1
Actor,Veera Kapur Ee,1,1,0
Actor,Jacques Toukhmanian,1,0,1
Actor,Carson Lee Bradshaw,1,1,0
Actor,Oh Na-ra,1,0,1
Actor,Bo Derek,1,1,0
Actor,Emerald MacDonald,1,1,0
Actor,Doğaç Yildiz,1,1,0
Actor,Maria Hofstätter,1,1,0
Actor,Lynne Guaglione,1,0,1
Actor,Lan Wei-hua,1,1,0
Actor,Mark Derwin,1,1,0
Actor,Walter Jones,1,0,1
Actor,Hopper Penn,1,1,0
Actor,Andrew Bushell,1,1,0
Actor,Pamela Almanza,1,0,1
Actor,Randy Green,1,1,0
Actor,Bhakti,1,1,0
Actor,Alexandra Ayo,1,1,0
Actor,Justin Sheng,1,1,0
Actor,Miki Shum,1,1,0
Actor,Bhavna Chauhan,1,1,0
Actor,Isha Sharvani,1,1,0
Actor,Ese Lami George,1,1,0
Actor,Noah Huntley,1,0,1
Actor,Hussein Hijazi,1,1,0
Actor,Júlia Gomes,1,1,0
Actor,Shivam Patil,1,1,0
Actor,Balkaran Wadding,1,1,0
Actor,Moisés Arias,1,1,0
Actor,Chienna Filomeno,1,1,0
Actor,Muguet Franc,1,0,1
Actor,Yael Yurman,1,0,1
Actor,Carmen Navarro,1,0,1
Actor,Martin Rycroft,1,1,0
Actor,Ryo Narita,1,1,0
Actor,Claudia Ciesla,1,1,0
Actor,Ananya Melkote,1,1,0
Actor,Mauricio Vélez,1,0,1
Actor,Jeon Mi-do,1,0,1
Actor,Sophie Stevens,1,1,0
Actor,Peter Friedman,1,1,0
Actor,Morgan Paull,1,1,0
Actor,Kofi Siriboe,1,1,0
Actor,Ling Fei,1,0,1
Actor,Kim Hak-seon,1,0,1
Actor,Bharat Ganeshpure,1,1,0
Actor,Finn Carr,1,0,1
Actor,Sabina Sheema,1,1,0
Actor,Riley Wang,1,0,1
Actor,Luciana Vendramini,1,0,1
Actor,Kaede Hondo,1,0,1
Actor,Sébastien Libessart,1,1,0
Actor,Rockmond Dunbar,1,1,0
Actor,Ananya Khare,1,1,0
Actor,Maître Gims,1,1,0
Actor,Brian Yorkey,1,0,1
Actor,Brittany Furlan,1,1,0
Actor,Franz Drameh,1,0,1
Actor,Lu Huiting,1,0,1
Actor,Citi Bet Baydi,1,0,1
Actor,Troy Leigh-Anne Johnson,1,1,0
Actor,Abdel Nasser Maraqbi,1,1,0
Actor,Mabel Moreno,1,0,1
Actor,Venus Wong,1,1,0
Actor,Jeet,1,1,0
Actor,Richard C. Jones,1,1,0
Actor,August Melasz,1,1,0
Actor,Alexander Hodge,1,1,0
Actor,Simi Adejumo,1,0,1
Actor,Manoj Sabarwal,1,1,0
Actor,Jonathan Braylock,1,0,1
Actor,Max Fincham,1,0,1
Actor,Jessie Mueller,1,0,1
Actor,Joni Mitchell,1,1,0
Actor,Taline Stewart,1,1,0
Actor,Maximilian Mundt,1,0,1
Actor,Eldar Skar,1,0,1
Actor,Ahmad Abu Sal'oum,1,1,0
Actor,Ben York Jones,1,1,0
Actor,Andreas Lust,1,1,0
Actor,Bhuvan Arora,1,1,0
Actor,Aphiradi Phawaphutanon,1,0,1
Actor,Harsha Bhogle,1,1,0
Actor,Türkü Turan,1,0,1
Actor,Jackie van Beek,1,1,0
Actor,Samson Kayo,1,1,0
Actor,Levi Ferreira,1,1,0
Actor,Heidi Schanz,1,1,0
Actor,Sedky Sakhr,1,1,0
Actor,Anton Wichers,1,1,0
Actor,Jeong E-suh,1,0,1
Actor,Ina Soep,1,1,0
Actor,Germán Quintero,1,0,1
Actor,Chandana Koppisetti,1,1,0
Actor,Adrián Núñez,1,1,0
Actor,Meera Rohit Kumbhani,1,1,0
Actor,Wannasak Sirilar,1,0,1
Actor,Victoria Abril,1,0,1
Actor,Priscila Assum,1,0,1
Actor,Jim Curley,1,1,0
Actor,Noel Fielding,1,0,1
Actor,Ashley Jackson,1,1,0
Actor,Ana Hartmann,1,0,1
Actor,Prasanna Ketkar,1,1,0
Actor,Roque Ruíz,1,0,1
Actor,Terence Siufay,1,0,1
Actor,Matthieu Kacou,1,1,0
Actor,Lee Hong-nae,1,0,1
Actor,BJ Verot,1,1,0
Actor,Kevin Alejandro,1,0,1
Actor,Mariusz Ostrowski,1,0,1
Actor,César Vea,1,1,0
Actor,Monica Ray,1,0,1
Actor,Nikki Samonas,1,1,0
Actor,Misha Brooks,1,0,1
Actor,Reece Ritchie,1,1,0
Actor,María Noel Gutiérrez,1,1,0
Actor,Wang Yibo,1,0,1
Actor,Benjamin Sadler,1,0,1
Actor,Isabelle Kaif,1,1,0
Actor,David Goldman,1,1,0
Actor,Laura Baena,1,0,1
Actor,Eugene Lee,1,1,0
Actor,Bohang Moeko,1,1,0
Actor,Rebecca Henderson,1,0,1
Actor,Madisyn Shipman,1,1,0
Actor,Kamil McFadden,1,0,1
Actor,Kim Gyu-ri,1,0,1
Actor,Anh Dung,1,1,0
Actor,Hiro Masuda,1,0,1
Actor,Jammeh Diangana,1,1,0
Actor,Wang Herun,1,0,1
Actor,Alexis Sánchez,1,1,0
Actor,Javi Coll,1,0,1
Actor,Isobel Elsom,1,1,0
Actor,Ebenezer Eno,1,0,1
Actor,Pelin Acar,1,1,0
Actor,Bian Jiang,1,0,1
Actor,Célia Catalifo,1,1,0
Actor,Christopher Ragland,1,1,0
Actor,Hansal Mehta,1,1,0
Actor,Baek Sung-hyun,1,0,1
Actor,Sanket Mhatre,1,1,0
Actor,Sonny McDon,1,1,0
Actor,Daigo,1,1,0
Actor,Caraly Sánchez,1,0,1
Actor,Hani Abd Al Ghani,1,1,0
Actor,Prachakorn Piyasakulkaew,1,0,1
Actor,Beck,1,1,0
Actor,Maricor Canlas,1,1,0
Actor,Darshan Kumar,1,1,0
Actor,Hoang Dung,1,1,0
Actor,Shin Hye-sun,1,0,1
Actor,Aarna Sharma,1,0,1
Actor,Romy Weltman,1,0,1
Actor,Alfonso Cuarón,1,1,0
Actor,Ovidiu Niculescu,1,1,0
Actor,Kathleen York,1,0,1
Actor,Kevin DeCoste,1,1,0
Actor,Doğa Rutkay,1,1,0
Actor,Diana Neira,1,0,1
Actor,Saveliy Kudryashov,1,0,1
Actor,Vladimír Polívka,1,1,0
Actor,Rodney Grant,1,1,0
Actor,Ana Abad-Santos,1,1,0
Actor,Susan Strasberg,1,1,0
Actor,Simone Borelli,1,1,0
Actor,Małgorzata Rożniatowska,1,0,1
Actor,Shunji Fujimura,1,0,1
Actor,Tilo Nest,1,1,0
Actor,Ram Pothineni,1,1,0
Actor,Johnny Harris,1,1,0
Actor,Antoine Rodriguez,1,1,0
Actor,Jasmin Bart-Williams,1,0,1
Actor,Tanay Chheda,1,1,0
Actor,Andrea Brooks,1,1,0
Actor,Norman Chen,1,0,1
Actor,Georgina Sadler,1,0,1
Actor,Yani Tramod,1,0,1
Actor,Ben Nwosu,1,1,0
Actor,Lea Michele,1,0,1
Actor,Joséphine Draï,1,1,0
Actor,Jun Shison,1,1,0
Actor,Eleanor Rocha,1,1,0
Actor,Jhon Álex Toro,1,0,1
Actor,Meghna Erande Joshi,1,0,1
Actor,Jade Olieberg,1,0,1
Actor,Samrat Reddy,1,1,0
Actor,Muharrem Bayrak,1,1,0
Actor,Stephen Guarino,1,0,1
Actor,Ra Chapman,1,0,1
Actor,Patricia Wilson,1,1,0
Actor,Eli Iranzo,1,0,1
Actor,Paulina Álvarez Muñoz,1,1,0
Actor,Rakim Mayers,1,1,0
Actor,Avril Lavigne,1,1,0
Actor,María Izquierdo,1,1,0
Actor,Andy Berman,1,1,0
Actor,Peyton Meyer,1,1,0
Actor,Zeynep Koçak,1,1,0
Actor,Sarah Lambert,1,0,1
Actor,Chris Lilley,1,0,1
Actor,Lieselotte Voß,1,1,0
Actor,Shamilla Miller,1,0,1
Actor,Seiichiro Yamashita,1,0,1
Actor,Necar Zadegan,1,0,1
Actor,Emilie Neumeister,1,0,1
Actor,Pras,1,1,0
Actor,Jonay Pineda Skallak,1,1,0
Actor,Palash Kamble,1,0,1
Actor,Nicolas Sartous,1,1,0
Actor,Talitha Eliana Bateman,1,0,1
Actor,James Wilks,1,1,0
Actor,Oliver Nelson,1,0,1
Actor,Philip Pope,1,1,0
Actor,Madison Davis,1,1,0
Actor,Luke Arnold,1,0,1
Actor,9m88,1,1,0
Actor,Stephanie Linus,1,1,0
Actor,Shannyn Sossamon,1,1,0
Actor,Zhang Zhehan,1,0,1
Actor,Sergio Quiñonez Román,1,1,0
Actor,Summer Fontana,1,1,0
Actor,Yomi Fash-Lanso,1,1,0
Actor,Chun Chau Ha,1,1,0
Actor,Dorothy Fahn,1,0,1
Actor,Honoka Matsumoto,1,1,0
Actor,Judy Marshak,1,0,1
Actor,Zoë Verbil,1,0,1
Actor,Eva Meckbach,1,0,1
Actor,Anemone Valcke,1,0,1
Actor,Denny Dillon,1,1,0
Actor,Khaled El Sayed,1,0,1
Actor,Jason Lockhart,1,1,0
Actor,Luana Nastas,1,0,1
Actor,AlBloushi Mayed,1,1,0
Actor,Liu Yu Shan,1,0,1
Actor,Rudi Dharmalingam,1,1,0
Actor,Mitsuru Hirata,1,0,1
Actor,Demet Taner,1,1,0
Actor,Chris Okagbue,1,1,0
Actor,Kelvin Ikeduba,1,1,0
Actor,Stephen Barrington,1,1,0
Actor,Christiani Pitts,1,1,0
Actor,Maurice Bryrne,1,1,0
Actor,Todd Grinnell,1,0,1
Actor,Sara Casasnovas,1,1,0
Actor,RK Bagatsing,1,1,0
Actor,Philippe Akiki,1,1,0
Actor,Kanehira Yamamoto,1,1,0
Actor,Christopher Lloyd,1,1,0
Actor,Mintita Wattanakul,1,0,1
Actor,KaDee Strickland,1,0,1
Actor,Taiga Tsubaki,1,1,0
Actor,Pranay Pachauri,1,1,0
Actor,Carolina Noriega,1,1,0
Actor,Fungai Majaya,1,1,0
Actor,Ryo Horikawa,1,0,1
Actor,Brooklynn Prince,1,1,0
Actor,Kristin Braut-Solheim,1,0,1
Actor,Christina Meredith Lewall,1,1,0
Actor,Ibrahima Traore,1,1,0
Actor,Jozef Gjura,1,1,0
Actor,Rahma Hassan,1,1,0
Actor,Regé-Jean Page,1,0,1
Actor,Lolita Chatterjee,1,1,0
Actor,Kyung-hoon Min,1,0,1
Actor,Sydney Mikayla,1,0,1
Actor,Rehan Mudannayake,1,1,0
Actor,Kim Ameliia,1,0,1
Actor,Shilpa Mehta,1,1,0
Actor,Prajakta Koli,1,0,1
Actor,Mostafa Mitwali,1,1,0
Actor,Akihisa Shiono,1,1,0
Actor,Erica Malunguinho,1,0,1
Actor,Jin Xing,1,1,0
Actor,Everest Moe,1,0,1
Actor,Dakota Benjamin Taylor,1,0,1
Actor,Pascale Matar,1,1,0
Actor,Michael White,1,0,1
Actor,Eray Ertüren,1,1,0
Actor,Andreas Döhler,1,1,0
Actor,Björn Hlynur Haraldsson,1,0,1
Actor,Mabutho Sithole,1,1,0
Actor,Phiravich Attachitsataporn,1,0,1
Actor,Marcella Zalianty,1,1,0
Actor,Damayanti Quintanar,1,0,1
Actor,Choi Bo-bae,1,0,1
Actor,Stephanie Figueira,1,0,1
Actor,Kang Ye-won,1,0,1
Actor,Lin Ching-Tai,1,0,1
Actor,Stephen O'Rourke,1,0,1
Actor,Jennifer Pappas,1,0,1
Actor,Paul Nutarariaq,1,1,0
Actor,Mayuki Makiguchi,1,1,0
Actor,Lucia Mascino,1,1,0
Actor,Premgi Amaren,1,1,0
Actor,Mohimen Mahbuba,1,1,0
Actor,George Lam,1,1,0
Actor,Sol Gaschetto,1,1,0
Actor,Juanita de Villiers,1,1,0
Actor,Asmaa Abou El Yazeed,1,0,1
Actor,Mahabir Bhullar,1,1,0
Actor,Isabel Requena,1,1,0
Actor,Soo-geun Lee,1,0,1
Actor,Lee Jae-ryong,1,0,1
Actor,Bouchaib Essamak,1,1,0
Actor,Ellia English,1,1,0
Actor,Richard Spencer,1,1,0
Actor,Maik Solbach,1,0,1
Actor,Esat Polat Güler,1,1,0
Actor,Pimchanok Leuwisetpaiboon,1,1,0
Actor,Jeong He-in,1,0,1
Actor,Sefik Taylan,1,1,0
Actor,Güneş Hayat,1,1,0
Actor,Isaiah Givens,1,0,1
Actor,Orlando Brown,1,1,0
Actor,Sasin Chow,1,0,1
Actor,Charlotte McKinney,1,1,0
Actor,Michał Meyer,1,1,0
Actor,Eric Bell Jr.,1,0,1
Actor,Nicolas Berno,1,1,0
Actor,Bruno Miranda,1,0,1
Actor,Getmore Sithole,1,0,1
Actor,Choi Kang-hee,1,0,1
Actor,Ned Bellamy,1,1,0
Actor,Wang Bowen,1,0,1
Actor,Kylee Evans,1,0,1
Actor,Skand Thakur,1,0,1
Actor,Alphonso Romero Jones II,1,0,1
Actor,Steve Eastin,1,1,0
Actor,Tony Leung Chiu-wai,1,1,0
Actor,Ryan Malaty,1,0,1
Actor,Avijit Dutt,1,1,0
Actor,Tyler Crumley,1,0,1
Actor,Noxolo Dlamini,1,0,1
Actor,Lizzie Antony,1,1,0
Actor,Alex Meraz,1,1,0
Actor,Josie Leung,1,0,1
Actor,Sunny Pawar,1,1,0
Actor,Rup Magon,1,1,0
Actor,Henning Valin Jakobsen,1,0,1
Actor,İkra Külahlıoğlu,1,1,0
Actor,Barrett Doss,1,1,0
Actor,Justin Lee,1,0,1
Actor,Raymond Ablack,1,0,1
Actor,Asivak Koostachin,1,1,0
Actor,Dina Doronne,1,0,1
Actor,Àngels Bassas,1,1,0
Actor,Sigurður Skúlason,1,0,1
Actor,Letícia Lima,1,1,0
Actor,Carroll Baker,1,1,0
Actor,Adrián Suar,1,1,0
Actor,Ray Sahetapy,1,1,0
Actor,Sachin Sahel,1,0,1
Actor,Consuelo Holzapfel,1,1,0
Actor,Audrey,1,0,1
Actor,Shodai Fukuyama,1,0,1
Actor,Kagwe Mungai,1,1,0
Actor,Botho Molohloane,1,1,0
Actor,Yana Gupta,1,1,0
Actor,Ajay Friese,1,0,1
Actor,Ayaka Asai,1,1,0
Actor,John de Lancie,1,1,0
Actor,Victor Carvalho,1,1,0
Actor,Jessica Meraz,1,1,0
Actor,John Charles Njie,1,1,0
Actor,Anindita Bose,1,0,1
Actor,Masane Tsukayama,1,1,0
Actor,Alex Gonzaga,1,1,0
Actor,Puteri Aishah,1,1,0
Actor,James Whitmore Jr.,1,1,0
Actor,Coleman Domingo,1,1,0
Actor,Cathy Vu,1,0,1
Actor,Nick Gehlfuss,1,0,1
Actor,Celina Martin,1,1,0
Actor,Folarin Agunbiade,1,0,1
Actor,Angelababy,1,1,0
Actor,Guillaume Labbé,1,0,1
Actor,Shawn Pilot,1,0,1
Actor,Emilie-Claire Barlow,1,0,1
Actor,Elena Cotta,1,1,0
Actor,Marie-Josée Croze,1,1,0
Actor,Camilla Beeput,1,0,1
Actor,Ram Manjjonaath,1,1,0
Actor,Roland Riebeling,1,0,1
Actor,Nicole da Silva,1,0,1
Actor,Lin Yo-Wei,1,0,1
Actor,Peter Scanavino,1,0,1
Actor,Holly Near,1,1,0
Actor,Amber Marshall,1,0,1
Actor,Dragan Bakema,1,0,1
Actor,Tau Logo,1,1,0
Actor,Miyako Kobayashi,1,0,1
Actor,Kiño,1,0,1
Actor,Azman Zulkiply,1,0,1
Actor,Harvey Friedman,1,1,0
Actor,Alec Wilson,1,1,0
Actor,Roberto Bonacini,1,1,0
Actor,Brittany Garms,1,0,1
Actor,Merle Dandridge,1,0,1
Actor,Salim Baig,1,1,0
Actor,Richard Akinlade,1,1,0
Actor,Lama Alfard,1,0,1
Actor,A. Murat Özgen,1,1,0
Actor,Alwara Höfels,1,1,0
Actor,Phil Proctor,1,1,0
Actor,Anne Whitfield,1,1,0
Actor,Christopher Sommers,1,0,1
Actor,Victor Erabie,1,1,0
Actor,Gina Castel,1,1,0
Actor,Shakira Ja-nai Paye,1,1,0
Actor,Dawn Greenhalgh,1,1,0
Actor,Ian Peck,1,0,1
Actor,Najat Darwish,1,1,0
Actor,Lucien Morgan,1,1,0
Actor,Duma Ka Ndlovu,1,1,0
Actor,Alex O'Dogherty,1,1,0
Actor,Lou Castel,1,1,0
Actor,David Foster,1,1,0
Actor,L. Scott Caldwell,1,1,0
Actor,Elizabeth Bogush,1,1,0
Actor,Fezile Makhanya,1,1,0
Actor,Chris Lyon,1,0,1
Actor,Ninet Tayeb,1,0,1
Actor,Coco Chiarella,1,1,0
Actor,Emma Jayne Maas,1,0,1
Actor,Talha Arshad Reshi,1,1,0
Actor,Aboudou Sacko,1,1,0
Actor,Souad Abdullah,1,0,1
Actor,Josefina Ramírez,1,1,0
Actor,Han Ye-ri,1,1,0
Actor,Roberta Fox,1,1,0
Actor,Courtney Dietz,1,1,0
Actor,Anita Kanwal,1,1,0
Actor,Chinmay Patwardhan,1,1,0
Actor,Francis Onwochei,1,1,0
Actor,Jocelyne Béroard,1,1,0
Actor,Daniel Faraldo,1,1,0
Actor,Edith Fields,1,1,0
Actor,SR Leela,1,1,0
Actor,Souheir El Morshidy,1,1,0
Actor,Amy Aitken,1,1,0
Actor,Shin Gu,1,0,1
Actor,Randa Asmar,1,1,0
Actor,Cal Barnes,1,1,0
Actor,Makgano Mamabolo,1,0,1
Actor,Marcelo Valle,1,1,0
Actor,Sandra Ng Kwan Yue,1,1,0
Actor,Aslıhan Malbora,1,1,0
Actor,Clarence Avant,1,1,0
Actor,Langston Uibel,1,0,1
Actor,Enrico Macias,1,0,1
Actor,Dulce Maria Solis,1,1,0
Actor,Michael Ejoor,1,1,0
Actor,Zakariya Mowafi,1,1,0
Actor,Ski Carr,1,1,0
Actor,Malachy McCourt,1,1,0
Actor,Anne Celestino Mota,1,1,0
Actor,Paul Taylor,1,1,0
Actor,Samantha Acuña,1,0,1
Actor,Tammy MacIntosh,1,0,1
Actor,Anamaya Varma,1,1,0
Actor,Sabine Karsenti,1,1,0
Actor,Rhashan Stone,1,0,1
Actor,Boris Ruiz,1,1,0
Actor,Yemi Solade,1,1,0
Actor,Sammy Obeid,1,0,1
Actor,Magnus Millang,1,1,0
Actor,John D. Hickman,1,1,0
Actor,Ghadeer Zayid,1,1,0
Actor,Kreshna,1,1,0
Actor,Khemanit Jamikorn,1,0,1
Actor,Haley Reinhart,1,1,0
Actor,Gilbert Melki,1,0,1
Actor,Adeolu Adefarasin,1,1,0
Actor,Alexander Scheer,1,1,0
Actor,Thelma Buabeng,1,1,0
Actor,Camilla Jo-Ann Daries,1,1,0
Actor,Julianne Nicholson,1,1,0
Actor,Anthony Goss,1,1,0
Actor,Natasha Behnam,1,1,0
Actor,Evangelina Sosa,1,1,0
Actor,David Niven,1,1,0
Actor,Pierre Taki,1,1,0
Actor,Rebecca Smart,1,0,1
Actor,Aaron Guy,1,1,0
Actor,Eric Hicks,1,1,0
Actor,Atie Krisnawati,1,1,0
Actor,Tenkyu Fukuda,1,1,0
Actor,Selen Domaç,1,1,0
Actor,Tom Van Steenbergen,1,1,0
Actor,Lee Ki-chan,1,0,1
Actor,Rohan Khurana,1,1,0
Actor,Marco Méndez,1,1,0
Actor,Vijay,1,1,0
Actor,Choi Dae-chul,1,0,1
Actor,Sian Taylor,1,0,1
Actor,Fabrizio Santini,1,1,0
Actor,Magdalena Lamparska,1,1,0
Actor,Alano Miller,1,1,0
Actor,Alejandro Rodríguez,1,0,1
Actor,Ebru Akel,1,1,0
Actor,Jason R. Moore,1,0,1
Actor,Dieter Hallervorden,1,1,0
Actor,Lydia Rose Taylor,1,1,0
Actor,Arannya Kaur,1,0,1
Actor,Macy Drouin,1,0,1
Actor,Sandrinna M Skornicki,1,1,0
Actor,Jonathan Wilson,1,0,1
Actor,Kelvin Yu,1,0,1
Actor,Alia Almannai,1,1,0
Actor,D.C. Douglas,1,0,1
Actor,Diaan Lawrenson,1,1,0
Actor,Pedja Bjelac,1,1,0
Actor,Marije Zuurveld,1,1,0
Actor,Phellyx Moura,1,1,0
Actor,Anneliese Judge,1,0,1
Actor,Diallo Riddle,1,0,1
Actor,Eloise Lovell Anderson,1,1,0
Actor,Bhupendra Jadawat,1,1,0
Actor,Emad Al Youssef,1,1,0
Actor,Carl Gottlieb,1,1,0
Actor,Isaac Lupien,1,0,1
Actor,Anthony Azizi,1,1,0
Actor,Srishti Jain,1,1,0
Actor,Nicolás Poblete,1,0,1
Actor,Yoav Rotman,1,0,1
Actor,Monika Gossmann,1,1,0
Actor,Amgad Elsharqawy,1,1,0
Actor,Bob Rubin,1,0,1
Actor,Steven Lee Johnson,1,1,0
Actor,Meena,1,1,0
Actor,Milo Taboada,1,0,1
Actor,Hamza Yazıcı,1,1,0
Actor,Clare Durant,1,1,0
Actor,Roger Black,1,0,1
Actor,Daniel Dae Kim,1,1,0
Actor,Andersen Gabrych,1,1,0
Actor,Roget Ellis,1,1,0
Actor,Sanjeev Kohli,1,0,1
Actor,Cem Gelinoğlu,1,1,0
Actor,Matías Mayer,1,0,1
Actor,Abdulmohsen Alnemr,1,0,1
Actor,Marianne Schaller Romero,1,1,0
Actor,Pamela Chong Ven Teen,1,1,0
Actor,Waleed Alyasi,1,1,0
Actor,Raquel Garza,1,1,0
Actor,Christian Tafdrup,1,0,1
Actor,Amélia Bittencourt,1,1,0
Actor,Paula Newsome,1,1,0
Actor,Monal Gajjar,1,1,0
Actor,Cécile De France,1,1,0
Actor,Eliza Scanlen,1,1,0
Actor,Simon Cowell,1,0,1
Actor,Bo Yan,1,0,1
Actor,Iñigo de la Iglesia,1,1,0
Actor,Jackson Robert Scott,1,0,1
Actor,Mandakini Goswami,1,1,0
Actor,Raunaq Chopra,1,1,0
Actor,Jillian Marie,1,1,0
Actor,Carmen Flood,1,0,1
Actor,Aanchal Munjal,1,1,0
Actor,Masoom Shankar,1,1,0
Actor,Darío Valenzuela,1,0,1
Actor,Michaël Cohen,1,1,0
Actor,Yoshiko Sakuma,1,1,0
Actor,Bae Jin-hong,1,0,1
Actor,Nico Hiraga,1,1,0
Actor,Carmen Santamaría,1,0,1
Actor,Shruthi Haasan,1,0,1
Actor,Stephanie Turner,1,1,0
Actor,Napaphat Worraphuttanon,1,0,1
Actor,Kannada Kishore,1,1,0
Actor,Lucky Ali,1,1,0
Actor,Afi Ekulona,1,0,1
Actor,Zoë Tapper,1,0,1
Actor,Wasu Sansingkeaw,1,0,1
Actor,Helen Baxendale,1,0,1
Actor,Drew Powell,1,0,1
Actor,Leen Gherra,1,0,1
Actor,Frieda Barnhard,1,0,1
Actor,Isabella Castillo,1,0,1
Actor,Xyriel Manabat,1,1,0
Actor,Ady Sky,1,1,0
Actor,Kelly Slater,1,1,0
Actor,Brady Reiter,1,1,0
Actor,Sergio Mamberti,1,0,1
Actor,Jesse Pepe,1,1,0
Actor,Charlie Covell,1,0,1
Actor,Arie Untung,1,1,0
Actor,Ernanto Kusuma,1,1,0
Actor,Lauren Pegus,1,0,1
Actor,Mohit Gokhale,1,1,0
Actor,Marco Spronk,1,1,0
Actor,Alanoud Sajini,1,1,0
Actor,Xu Minghu,1,1,0
Actor,Michal Kavalčík,1,1,0
Actor,Maja Schöne,1,0,1
Actor,Genezio de Barros,1,1,0
Actor,Adrian Knight Jesly,1,1,0
Actor,Victor Mohale,1,0,1
Actor,Braelyn Kelly,1,1,0
Actor,King Bawa,1,0,1
Actor,Danny De La Paz,1,1,0
Actor,Ravel Cabral,1,0,1
Actor,Songha,1,1,0
Actor,Vedika,1,1,0
Actor,Xavier Lebel,1,1,0
Actor,Ahmet Olgun Sünear,1,1,0
Actor,Z. Hera,1,0,1
Actor,Lee Hak-ju,1,0,1
Actor,Lights,1,1,0
Actor,Sujaya Dasgupta,1,0,1
Actor,Reba Monica John,1,1,0
Actor,Park Won-sook,1,0,1
Actor,Snow Man,1,0,1
Actor,Park Ji-hyun,1,0,1
Actor,Sean Berdy,1,0,1
Actor,Roberto Quijano,1,1,0
Actor,Alessandra Mastronardi,1,0,1
Actor,Lee Soon-jae,1,0,1
Actor,Huang Shang-ho,1,1,0
Actor,Frédéric Meaux,1,0,1
Actor,Ritika Badiani,1,1,0
Actor,Aury Porto,1,0,1
Actor,Puma Robinson,1,0,1
Actor,Alison Lohman,1,1,0
Actor,Kelli O'Hara,1,1,0
Actor,"""Riley"" Lakdhar Dridi",1,1,0
Actor,Andrew Sabiston,1,0,1
Actor,Junko Miyashita,1,0,1
Actor,Judah Mackey,1,1,0
Actor,Swara Bhasker,1,0,1
Actor,Koji Ohkura,1,1,0
Actor,Poonam Kaur,1,1,0
Actor,Yana Marinova,1,1,0
Actor,Anson Chen,1,0,1
Actor,Muhammad Ali,1,1,0
Actor,Yongwoo Shin,1,0,1
Actor,Ronnie Coleman,1,1,0
Actor,Lee Tae-gon,1,0,1
Actor,Joey Villasenor,1,1,0
Actor,Craig Mack,1,1,0
Actor,Iseo,1,1,0
Actor,Dave East,1,1,0
Actor,Katiuscia Canoro,1,1,0
Actor,Hussein Fahmy,1,1,0
Actor,Ricci Chan,1,1,0
Actor,Rena Strober,1,0,1
Actor,Salah Bensalah,1,1,0
Actor,Barbara Eve Harris,1,1,0
Actor,Konomi Kohara,1,0,1
Actor,Kenny Rhodes,1,1,0
Actor,Shaji John,1,1,0
Actor,Ricky Merino,1,0,1
Actor,Lai Kuan-lin,1,0,1
Actor,Wang Runze,1,0,1
Actor,Khushbu Baid,1,0,1
Actor,Nicolás Illoro,1,0,1
Actor,Dian P. Ramlee,1,0,1
Actor,Dion Wiyoko,1,0,1
Actor,Khuong Le,1,1,0
Actor,Sinan Farhangmehr,1,0,1
Actor,Stephen Walters,1,0,1
Actor,Lila Downs,1,1,0
Actor,Zhang Yijie,1,0,1
Actor,Resham Tipnis,1,1,0
Actor,Neels Van Jaarsveld,1,1,0
Actor,Raury Rolander,1,0,1
Actor,Marco Zapata,1,0,1
Actor,Joy Mmezi,1,0,1
Actor,Marie Askehave,1,0,1
Actor,Prabal Panjabi,1,1,0
Actor,Adam Graf Turczyk,1,1,0
Actor,Ani Iyoho,1,0,1
Actor,Eva Grados,1,1,0
Actor,Jessica Taylor-Bearman,1,1,0
Actor,Kunal Sheth,1,1,0
Actor,Lev Gorn,1,1,0
Actor,Nkwah Kingsley,1,1,0
Actor,Moka Kamishiraishi,1,1,0
Actor,Yovie Widianto,1,1,0
Actor,Laura Wiggins,1,0,1
Actor,Elie Adabachi,1,1,0
Actor,Finn Scicluna-O'Prey,1,1,0
Actor,Son Tae-young,1,0,1
Actor,Mihai Smarandache,1,1,0
Actor,Taliah Webster,1,1,0
Actor,Lena Lapres,1,0,1
Actor,Juan Miguel Severo,1,1,0
Actor,Nil Mani,1,1,0
Actor,Lin Yu Hui,1,1,0
Actor,Mohammed Alalawi,1,0,1
Actor,Marianne Mörck,1,0,1
Actor,Francis Guinan,1,1,0
Actor,Yuto Kazama,1,0,1
Actor,Kanyaphak Pongsak,1,0,1
Actor,Terence Maynard,1,1,0
Actor,Patricia Drake,1,0,1
Actor,Ma Kuo-yao,1,0,1
Actor,Prabh Grewal,1,1,0
Actor,Maher Bsaibes,1,1,0
Actor,Jung Soo-jung,1,1,0
Actor,Harumi Sakurai,1,0,1
Actor,Kosar Ali,1,1,0
Actor,Diego Tinoco,1,0,1
Actor,Dan Blasko,1,1,0
Actor,Oliver Steer,1,1,0
Actor,Ayako Takeuchi,1,0,1
Actor,Anna Foglietta,1,1,0
Actor,Jang Young-nam,1,0,1
Actor,Ruby Ashbourne Serkis,1,0,1
Actor,Bea Santos,1,1,0
Actor,James Freedson-Jackson,1,1,0
Actor,Brandon Perea,1,0,1
Actor,Bob Morley,1,0,1
Actor,Vikas Bhalla,1,1,0
Actor,Miles Emmons,1,1,0
Actor,Joanne Vannicola,1,0,1
Actor,Jero Medina,1,0,1
Actor,Carlos Agassi,1,1,0
Actor,David Pendleton,1,1,0
Actor,Anja Kling,1,0,1
Actor,Ehab Shaaban,1,1,0
Actor,Michael Davis,1,1,0
Actor,Enrique Guzmán,1,1,0
Actor,Eduardo Paxeco,1,1,0
Actor,Yusuke Iseya,1,1,0
Actor,Shirley Setia,1,1,0
Actor,Ivana Wong,1,1,0
Actor,Youki Kudoh,1,1,0
Actor,Shin Ae-ra,1,0,1
Actor,Júlia Gibert,1,0,1
Actor,Pooja Bedi,1,0,1
Actor,Yoko Maki,1,1,0
Actor,Ronke Adekoluejo,1,1,0
Actor,Manuel Chua,1,1,0
Actor,Tommy Lee Baïk,1,1,0
Actor,Alberto Jo Lee,1,1,0
Actor,Talha Öztürk,1,1,0
Actor,Lotus Blossom,1,1,0
Actor,Kathrine Narducci,1,1,0
Actor,Josué Guerra,1,0,1
Actor,Simon Helberg,1,1,0
Actor,Dato Bakhtadze,1,1,0
Actor,Mike Mitchell,1,1,0
Actor,Kamber Hejlik,1,1,0
Actor,Perry Mattfeld,1,0,1
Actor,Rodney Haddad,1,0,1
Actor,Gu Jiangshan,1,0,1
Actor,Sayumi Watabe,1,0,1
Actor,Antonia Buresi,1,0,1
Actor,Sofiane Zermani,1,1,0
Actor,Claire van der Boom,1,1,0
Actor,Nicolas Bauwens,1,1,0
Actor,Solange Ojong,1,1,0
Actor,April Lawrence,1,1,0
Actor,Robyn Brophy,1,1,0
Actor,Jordi Cruyff,1,1,0
Actor,Bommie Catherine Han,1,0,1
Actor,Mariam El Khosht,1,0,1
Actor,Jyothika,1,1,0
Actor,Karim Afifi,1,1,0
Actor,Nugie,1,1,0
Actor,Norival Rizzo,1,0,1
Actor,Msabeh Bin Hashim,1,1,0
Actor,Michael Nathanson,1,0,1
Actor,Guz Khan,1,0,1
Actor,Lee Knight,1,1,0
Actor,María Rodríguez Soto,1,1,0
Actor,Kelly Curran,1,1,0
Actor,Tomáš Matonoha,1,1,0
Actor,Preeyada Sitthachai,1,0,1
Actor,Eileen Yáñez,1,1,0
Actor,Ivy Latimer,1,0,1
Actor,Deepak Damle,1,1,0
Actor,Hsieh Yi-hung,1,1,0
Actor,Emma Myles,1,0,1
Actor,Nalneesh Neel,1,1,0
Actor,Mauricio A. Jortack,1,1,0
Actor,Matías Recalt,1,0,1
Actor,Carolina Carlsson,1,1,0
Actor,Jen Richards,1,0,1
Actor,Narain,1,1,0
Actor,Rehana Sultan,1,1,0
Actor,Nicole Power,1,0,1
Actor,Corinne Valancogne,1,0,1
Actor,Damien Mander,1,1,0
Actor,Vayu Kessuvit,1,0,1
Actor,Julie Marcus,1,0,1
Actor,Sarvajith Santosh Sivan,1,1,0
Actor,Marie Blokhus,1,1,0
Actor,Amir Arison,1,0,1
Actor,Anand Sampath,1,1,0
Actor,Nawal Chamoun,1,1,0
Actor,Sugeeta Chandran,1,1,0
Actor,Ralph Seymour,1,1,0
Actor,CM Punk,1,1,0
Actor,Ronit Asheri,1,0,1
Actor,Edsson Morales,1,0,1
Actor,Antonio Bolívar,1,0,1
Actor,Ivonne Montero,1,0,1
Actor,Scott C. Roe,1,1,0
Actor,Hidetoshi Hoshida,1,1,0
Actor,Eugene Jensen,1,1,0
Actor,Rohan Vinod Mehra,1,1,0
Actor,Zaki Rostom,1,1,0
Actor,Uri Gavriel,1,1,0
Actor,Dèlia Brufau,1,0,1
Actor,Rupert Boneham,1,0,1
Actor,Anna Chambers,1,0,1
Actor,Younes Bouab,1,1,0
Actor,Markus Stubeier,1,1,0
Actor,Juliane Loffler,1,0,1
Actor,Michael Cavalieri,1,1,0
Actor,Fernando Bonilla,1,0,1
Actor,Zena Grey,1,1,0
Actor,Pasi Ruohonen,1,0,1
Actor,Mayhara Ribeiro,1,0,1
Actor,Sang-min Lee,1,0,1
Actor,Wayne Lynch,1,0,1
Actor,Wojciech Kalinowski,1,1,0
Actor,De'Adre Aziza,1,0,1
Actor,Ajoke Silva,1,1,0
Actor,Jenny Huang,1,0,1
Actor,Andrea Frankle,1,1,0
Actor,Alexia Landeau,1,0,1
Actor,Cecilia Choi,1,0,1
Actor,William Shewfelt,1,0,1
Actor,Jenovéfa Boková,1,1,0
Actor,Phua Yida,1,1,0
Actor,Alessio Praticò,1,1,0
Actor,Rosmeri Marval,1,0,1
Actor,Babrak Akbari,1,1,0
Actor,Katie Rich,1,0,1
Actor,Mariam Al-Ghadban,1,1,0
Actor,Sydney Egere,1,1,0
Actor,Skyler Stone,1,1,0
Actor,Angelina Fiordellisi,1,1,0
Actor,Jasbir Malik,1,1,0
Actor,Miyavi,1,1,0
Actor,Jon Lucas,1,1,0
Actor,Olivia DeJonge,1,0,1
Actor,David Gerber,1,1,0
Actor,Helga Krapf,1,1,0
Actor,Hisham Abdulrahman,1,1,0
Actor,Yuto Suzuki,1,0,1
Actor,Gao Yunxiang,1,1,0
Actor,Catelina Sopelana,1,0,1
Actor,Seyi Shay,1,1,0
Actor,Naomi Watanabe,1,0,1
Actor,Munivenkatapa,1,1,0
Actor,Rune Temte,1,0,1
Actor,Elanne Kong,1,0,1
Actor,Sayli Patil,1,1,0
Actor,Mace Coronel,1,0,1
Actor,Madhuri Sanjeev,1,1,0
Actor,Bryan Chang,1,0,1
Actor,Apiwit Reardon,1,0,1
Actor,Lola Dubini,1,0,1
Actor,Charlotte Lewis,1,1,0
Actor,Lee Ross,1,0,1
Actor,Derek Mio,1,0,1
Actor,Alice de Broqueville,1,1,0
Actor,Kuldeep Sodha,1,1,0
Actor,Michael Sirow,1,1,0
Actor,Constance Rousseau,1,1,0
Actor,Eve Sigall,1,1,0
Actor,Isis Hainsworth,1,0,1
Actor,Payal Rajput,1,1,0
Actor,Amber Stevens West,1,1,0
Actor,DJ Wati,1,1,0
Actor,Tomohiro Yamaguchi,1,0,1
Actor,Michael Benyaer,1,0,1
Actor,Justin Claiborne,1,0,1
Actor,Silje Torp,1,0,1
Actor,Ameena Khalil,1,0,1
Actor,Jarod Joseph,1,0,1
Actor,Junpei Morita,1,0,1
Actor,William Romain,1,0,1
Actor,Sullivan Jones,1,0,1
Actor,Jenna Lyng Adams,1,0,1
Actor,Sheila Moylette,1,0,1
Actor,Michael Angelis,1,0,1
Actor,Philaiwan Khamphirathat,1,1,0
Actor,Saskia Bernaola,1,1,0
Actor,Khalid Muthafar,1,1,0
Actor,Olan Montgomery,1,1,0
Actor,Hanna Ardéhn,1,0,1
Actor,Park Jeong-min,1,1,0
Actor,Yi Yang,1,1,0
Actor,Blaine Kern III,1,1,0
Actor,Angelica Ross,1,0,1
Actor,Amaraja Patil,1,1,0
Actor,Zosia Mamet,1,0,1
Actor,Jacob Scipio,1,1,0
Actor,Johan As'ari,1,0,1
Actor,Halima Yusuf,1,1,0
Actor,Selena-Marie Alphonse,1,1,0
Actor,Karan Johar,1,0,1
Actor,Han Ga-rim,1,0,1
Actor,Josh Emerson,1,1,0
Actor,Chiara Tantimonaco,1,0,1
Actor,Mark Cassius,1,1,0
Actor,Herb Hsu,1,0,1
Actor,Issei Takubo,1,0,1
Actor,Guilherme Piva,1,1,0
Actor,Rebecca Delgado Smith,1,1,0
Actor,Michael Brons,1,1,0
Actor,Rosie Reyes,1,0,1
Actor,Sukhwinder Sohi,1,1,0
Actor,Nicolas Martinez,1,0,1
Actor,Benjamin Haigh,1,1,0
Actor,Alain Uy,1,1,0
Actor,Ryan Nicodemus,1,1,0
Actor,Stephanie Okereke,1,1,0
Actor,Sanjay Bhatia,1,1,0
Actor,Ntuthuzelo Grootboom,1,0,1
Actor,Sumit Kaul,1,1,0
Actor,Federica Fracassi,1,0,1
Actor,Tasma Walton,1,0,1
Actor,Katherine Escobar,1,0,1
Actor,Indrajith,1,1,0
Actor,Emma Greenwell,1,1,0
Actor,Jessie Flower,1,0,1
Actor,Esther Smith,1,0,1
Actor,Liz Morris,1,1,0
Actor,Helena af Sandeberg,1,0,1
Actor,Mario Alberto Quiñones,1,0,1
Actor,Alexa Adeosun,1,1,0
Actor,Duangta Toongkamanee,1,0,1
Actor,Nathaniel Arcand,1,0,1
Actor,Tarsem Paul,1,1,0
Actor,James Black,1,1,0
Actor,Joe Inscoe,1,1,0
Actor,Johanna Gastdorf,1,0,1
Actor,Chatra Baude,1,0,1
Actor,Murray Bartlett,1,0,1
Actor,Yuri Amano,1,0,1
Actor,Chelsea Houska,1,0,1
Actor,Brigitte Kren,1,0,1
Actor,Chiaki Kobayashi,1,0,1
Actor,Bucek,1,1,0
Actor,Han Min,1,0,1
Actor,Jung Moon-sung,1,0,1
Actor,Pietro Mario,1,1,0
Actor,Miki Ito,1,0,1
Actor,Michalina Olszańska,1,0,1
Actor,Daniel J. Watts,1,0,1
Actor,Brian Hallisay,1,1,0
Actor,Fred Williamson,1,1,0
Actor,Lucas Gregorowicz,1,1,0
Actor,Marcela Carvajal,1,0,1
Actor,Cooper Barnes,1,0,1
Actor,Mamen Duch,1,1,0
Actor,Ebiye Victor,1,1,0
Actor,Quentin Krog,1,1,0
Actor,Vaibhav Raj Gupta,1,1,0
Actor,Mike Hill,1,0,1
Actor,Nobu,1,1,0
Actor,Tarynn Wyngaard,1,0,1
Actor,Yutaro Watanabe,1,0,1
Actor,Bassel Khaiat,1,0,1
Actor,Emma Thornett,1,0,1
Actor,Samir Youssef,1,1,0
Actor,Pawan Singh,1,1,0
Actor,Pablo Cano,1,1,0
Actor,Sam Dede,1,1,0
Actor,Angus McLaren,1,0,1
Actor,Adrienne C. Moore,1,0,1
Actor,Danilo Grangheia,1,0,1
Actor,Anthony Asbury,1,1,0
Actor,Carlo Calderone,1,0,1
Actor,Fatema Almansoori,1,1,0
Actor,Along Eyzendy,1,1,0
Actor,Claudia Gerini,1,0,1
Actor,Matthew Lawler,1,1,0
Actor,Mika Nakashima,1,0,1
Actor,Sam Gittins,1,1,0
Actor,Sacha Carlson,1,0,1
Actor,Zul Ariffin,1,1,0
Actor,Maïwenn,1,1,0
Actor,Emma Gregory,1,0,1
Actor,Cranston Johnson,1,0,1
Actor,Julio Marticorena,1,1,0
Actor,Chika Sakamoto,1,0,1
Actor,Ghida Nouri,1,1,0
Actor,Ivan Rodrigues,1,1,0
Actor,Nacho Sánchez,1,1,0
Actor,Jonathan Whitesell,1,1,0
Actor,Navia Nguyen,1,1,0
Actor,Margot Dufrene,1,1,0
Actor,Edmond O'Brien,1,1,0
Actor,Leonora Okien,1,1,0
Actor,Edyta Olszówka,1,0,1
Actor,Gi Alparone,1,1,0
Actor,Ajayi Akorede,1,1,0
Actor,Sadie Soverall,1,0,1
Actor,Nitin Sathyaa,1,1,0
Actor,Nabilah Ayu,1,1,0
Actor,Umeji Sasaki,1,1,0
Actor,Andrew McPhee,1,0,1
Actor,Jasmine Elfira Burhan,1,1,0
Actor,Idia Aisien,1,1,0
Actor,Matheus Moura,1,1,0
Actor,Paula Scher,1,0,1
Actor,Ravi Kapoor,1,1,0
Actor,Omi Sharma,1,1,0
Actor,George Keywood,1,0,1
Actor,Marwa Almassri,1,1,0
Actor,Waad Mohammed,1,1,0
Actor,Paul Basagoitia,1,1,0
Actor,Iván Álvarez de Araya,1,0,1
Actor,Adriana DeMeo,1,1,0
Actor,Wynn Everett,1,0,1
Actor,Carole Hajj,1,1,0
Actor,Mia Artemis,1,0,1
Actor,Monica Mok,1,1,0
Actor,Boris McGiver,1,1,0
Actor,Lluís Homar,1,1,0
Actor,Esra Kizildogan,1,0,1
Actor,Levi Ignacio,1,1,0
Actor,Matthias Klimsa,1,1,0
Actor,Praneet Bhatt,1,1,0
Actor,Rebecca Dayan,1,0,1
Actor,Max Malatesta,1,0,1
Actor,Valerie Arem,1,0,1
Actor,Julien Meurice,1,0,1
Actor,Ed Brody,1,1,0
Actor,Sello Sebotsane,1,0,1
Actor,Yaya DaCosta,1,0,1
Actor,Maurice Paige,1,1,0
Actor,Aurora Burghart,1,0,1
Actor,Ana González Bello,1,0,1
Actor,Kevin Hanssen,1,1,0
Actor,Katarzyna Bujakiewicz,1,1,0
Actor,Csongor Szalay,1,1,0
Actor,Gbenga Titiloye,1,1,0
Actor,Charity Collins,1,1,0
Actor,Sofia Andres,1,1,0
Actor,Preetika Chawla,1,1,0
Actor,Catherine Reitman,1,0,1
Actor,Yang Yang,1,0,1
Actor,Daniel Gagnon,1,1,0
Actor,Daniel K. Daniel,1,1,0
Actor,Basil Eidenbenz,1,1,0
Actor,Thaynara Og,1,1,0
Actor,Lou Veloso,1,1,0
Actor,Prasad Vanarse,1,1,0
Actor,Rytasha Rathore,1,0,1
Actor,Yvonne Hays,1,0,1
Actor,Timothy Radford,1,1,0
Actor,Terri Abney,1,1,0
Actor,Marco Treviño,1,0,1
Actor,Andrew Knowlton,1,0,1
Actor,Julie Christiansen,1,1,0
Actor,Iain Tucker,1,1,0
Actor,Cristina Warner,1,0,1
Actor,Karyn Parsons,1,1,0
Actor,Lee You-mi,1,0,1
Actor,Eskindir Tesfay,1,0,1
Actor,Klaudia Koścista,1,0,1
Actor,Tsulan Cooper,1,1,0
Actor,Georgia Rock,1,1,0
Actor,Sarah Podemski,1,0,1
Actor,Lee Sung-kyoung,1,0,1
Actor,Madeleine Sami,1,1,0
Actor,Fernando Barona,1,0,1
Actor,Arya Saloka,1,1,0
Actor,Nor Domingo,1,1,0
Actor,Krzysztof Wach,1,0,1
Actor,Eirik Risholm Velle,1,1,0
Actor,Alexis Loret,1,0,1
Actor,Sohail Malik,1,1,0
Actor,Nicholas Guest,1,1,0
Actor,Brody Rose,1,1,0
Actor,Gerónimo Pizzanelli,1,1,0
Actor,Sofia Boutella,1,1,0
Actor,Adreea Diac,1,1,0
Actor,Javier Díaz Dueñas,1,0,1
Actor,Rikke Lylloff,1,0,1
Actor,Shailene Garnett,1,0,1
Actor,Marcel Bouzige,1,1,0
Actor,Annie Thurman,1,1,0
Actor,Michael Ford-FitzGerald,1,0,1
Actor,Guillermo Olarte,1,0,1
Actor,Matthew Reese,1,1,0
Actor,Oh Young-soo,1,0,1
Actor,Dalí González,1,0,1
Actor,Joseph Kloska,1,1,0
Actor,Ferdinand Kingsley,1,1,0
Actor,Izabelle Leite,1,1,0
Actor,Stacy Haiduk,1,1,0
Actor,Jonathan Silverman,1,1,0
Actor,Anna Azcárate,1,1,0
Actor,Carolina Ramírez,1,0,1
Actor,Shadi Alfons,1,1,0
Actor,Gim Chae-ha,1,0,1
Actor,Azumi Asakura,1,0,1
Actor,Mazroa Almazroa,1,0,1
Actor,Michael Flynn,1,1,0
Actor,Ouchi Akane,1,0,1
Actor,Gianna Jun,1,1,0
Actor,Wade Randolph,1,0,1
Actor,Hussein Sbeity,1,1,0
Actor,Larry Charles,1,0,1
Actor,Sean Tyson,1,1,0
Actor,Park Hoon,1,0,1
Actor,Truc Anh,1,1,0
Actor,Ketty Lester,1,1,0
Actor,Deniz Şen Hamzaoğlu,1,0,1
Actor,Go Won-hee,1,0,1
Actor,Renaud Rutten,1,0,1
Actor,María de Nati,1,0,1
Actor,Showkar Janaki,1,1,0
Actor,Gary Rossington,1,1,0
Actor,Sonamoni Jayant Gadekar,1,1,0
Actor,Azzurra Iacone,1,0,1
Actor,Amalia Vitale,1,1,0
Actor,Manabendra Das,1,1,0
Actor,Jorja Fox,1,1,0
Actor,Samantha Isler,1,1,0
Actor,Hlubi Mboya,1,1,0
Actor,Hetal Gada,1,1,0
Actor,Saskia Hampele,1,1,0
Actor,Willem Rebergen,1,1,0
Actor,Melody Hurd,1,1,0
Actor,Tsao Yu-ning,1,0,1
Actor,Buffy Chen,1,1,0
Actor,Tory Devon Smith,1,0,1
Actor,Dallas Hart,1,0,1
Actor,Magdalena Walach,1,0,1
Actor,Park Gyu-young,1,0,1
Actor,Kaelen Ohm,1,0,1
Actor,Masasa Moyo,1,1,0
Actor,Marlon Boess,1,1,0
Actor,Martin Githinji,1,1,0
Actor,Moon Seong-hyun,1,0,1
Actor,Tonio Schneider,1,1,0
Actor,Deepika Amin,1,1,0
Actor,Takeshi Masu,1,1,0
Actor,Liu Kuo-shao,1,1,0
Actor,Meshal Al-Mujibel,1,1,0
Actor,Jennifer Zhang,1,1,0
Actor,Ryan Allen,1,0,1
Actor,Alessandro Giallocosta,1,1,0
Actor,Calvin Ka-Sing Chen,1,0,1
Actor,Henri Pagnoncelli,1,1,0
Actor,Punkie Johnson,1,1,0
Actor,Swanand Kirkire,1,1,0
Actor,Najiba Faiz,1,1,0
Actor,Young-hoon Kim,1,0,1
Actor,Damkerng Thitapiyasak,1,0,1
Actor,Kim Adis,1,0,1
Actor,Jon Morgan Woodward,1,1,0
Actor,Bergur Ebbi,1,0,1
Actor,Julia Terranova,1,1,0
Actor,Herb Caillouet,1,1,0
Actor,Brad Grusnick,1,1,0
Actor,Rezca Syam,1,1,0
Actor,Christian Potenza,1,0,1
Actor,Nicole Dubuc,1,0,1
Actor,Hung Yan-siang,1,0,1
Actor,Safinaz Sattar,1,0,1
Actor,Kaori Fukuhara,1,0,1
Actor,Malcolm-Jamal Warner,1,0,1
Actor,Seth Gilliam,1,0,1
Actor,Yany Prado,1,0,1
Actor,Roberto Sosa,1,0,1
Actor,Jasmine Guy,1,1,0
Actor,Karoline Hamm,1,0,1
Actor,Valentijn Dhaenens,1,1,0
Actor,Nejat İşler,1,1,0
Actor,Gretchen Palmer,1,1,0
Actor,Zweden Obias,1,1,0
Actor,Victor Silayan,1,1,0
Actor,Turki Al-Yusuf,1,1,0
Actor,Ahmad El Ghanem,1,1,0
Actor,Nazih Youssef,1,1,0
Actor,Keith Duffy,1,1,0
Actor,Brandon Salim,1,1,0
Actor,Thorsten Merten,1,0,1
Actor,Rachel Lascar,1,1,0
Actor,Korine Côté,1,1,0
Actor,Mika Kikuchi,1,1,0
Actor,Juliette Arrieta,1,0,1
Actor,Tony O'Dell,1,1,0
Actor,Elianis Garrido,1,0,1
Actor,Mark Strange,1,1,0
Actor,Fumi Nikaido,1,1,0
Actor,Zhang Chao,1,0,1
Actor,Claudio Gioè,1,0,1
Actor,Vitória Falcão,1,1,0
Actor,Cody McMains,1,1,0
Actor,Nizhalgal Ravi,1,1,0
Actor,Laure Calamy,1,0,1
Actor,Aaron Hilmer,1,0,1
Actor,Laila Zaid,1,1,0
Actor,Chris Iheuwa,1,1,0
Actor,Medhat Tekha,1,1,0
Actor,Ornella Fleury,1,0,1
Actor,Sveva Simeone,1,0,1
Actor,Şükran Ovalı,1,1,0
Actor,Arantxa Servín,1,1,0
Actor,Ticoon Kim,1,0,1
Actor,Mason Gamble,1,1,0
Actor,Bruna Mascarenhas,1,0,1
Actor,Hannah Levien,1,0,1
Actor,Dileep Raj,1,1,0
Actor,Lee Yeon-doo,1,0,1
Actor,Rosina Soto,1,0,1
Actor,Claudia Jessie,1,0,1
Actor,Lindsay Czarniak,1,0,1
Actor,Zyon Allen,1,0,1
Actor,Edward Chen,1,1,0
Actor,Parker Wierling,1,1,0
Actor,L.V.,1,1,0
Actor,Emir Ali Doğrul,1,1,0
Actor,Pradhuman Singh,1,1,0
Actor,Suhartini,1,1,0
Actor,Kuben Mahadevan,1,1,0
Actor,Padita Agu,1,1,0
Actor,Olga Lydia,1,1,0
Actor,Jeanne Mbenti,1,1,0
Actor,Chi Mhende,1,0,1
Actor,Hamisha Daryani Ahuja,1,1,0
Actor,Walter Jakob,1,1,0
Actor,Lucas Reiber,1,0,1
Actor,Na'im Lynn,1,0,1
Actor,Bruno Gouery,1,0,1
Actor,Varun Mehra,1,1,0
Actor,Yoji Ikuta,1,0,1
Actor,Troy Evans,1,1,0
Actor,Mohamed Boudouh,1,0,1
Actor,Ting Liu,1,0,1
Actor,Alba Baptista,1,0,1
Actor,Jack Kesy,1,1,0
Actor,Parvati Shallow,1,0,1
Actor,Ezgi Eyüboğlu,1,1,0
Actor,Roberta Lemons,1,0,1
Actor,Jessica Serna,1,1,0
Actor,Xinyi Zhang,1,1,0
Actor,Diwakar Pundir,1,1,0
Actor,Jui Huang,1,0,1
Actor,Aleck Bovick,1,1,0
Actor,Declan Hannigan,1,1,0
Actor,Chi-Ren Choong,1,0,1
Actor,Satomi Akesaka,1,0,1
Actor,Misato Morita,1,0,1
Actor,Graham Wagner,1,1,0
Actor,Letizia Denise Bloisi,1,0,1
Actor,Sean Ryan Fox,1,0,1
Actor,Kar Lok Chin,1,1,0
Actor,Fabrizio Sabatucci,1,1,0
Actor,Vladimir Burlakov,1,0,1
Actor,Jett Pangan,1,1,0
Actor,Rossana San Juan,1,0,1
Actor,Arian Moayed,1,1,0
Actor,Ambrish Saxena,1,1,0
Actor,Tikriti Shabudin,1,0,1
Actor,İdil Fırat,1,1,0
Actor,Kelvin Boateng,1,1,0
Actor,Jerom Canlas,1,0,1
Actor,Cody Christian,1,0,1
Actor,Raïa Haidar,1,1,0
Actor,Wang Yu-ping,1,1,0
Actor,Astrid Bergès-Frisbey,1,1,0
Actor,Tommy the Clown,1,1,0
Actor,Agot Isidro,1,1,0
Actor,Jack Polak,1,1,0
Actor,Riccardo Mandolini,1,0,1
Actor,Baljinder Darapuri,1,1,0
Actor,Ahn Hyo-seop,1,0,1
Actor,Kimora Lee Simmons,1,1,0
Actor,Yune Nogueiras,1,1,0
Actor,Tan Hau Yen,1,0,1
Actor,Diego Reinhold,1,1,0
Actor,William Levy,1,1,0
Actor,Anna-Maria Sieklucka,1,1,0
Actor,Alexa Martin,1,0,1
Actor,Lenita Susi,1,0,1
Actor,Ashleigh Sumner,1,1,0
Actor,Polo Morín,1,0,1
Actor,Vilma Santos,1,1,0
Actor,Anastasia Bampos,1,1,0
Actor,Shinei Ueki,1,0,1
Actor,Steven Afrikaner,1,1,0
Actor,Chris Thys,1,1,0
Actor,Pierre Baitelli,1,0,1
Actor,Oat Pasakorn Sanrattana,1,0,1
Actor,Apollonia Pratt,1,1,0
Actor,Donovan Pietersen,1,1,0
Actor,Melissa McBride,1,0,1
Actor,Suthada Jongjaiphar,1,0,1
Actor,Fayez Kazak,1,1,0
Actor,Uraysha Ramrachia,1,1,0
Actor,Uko,1,0,1
Actor,Kriti Malhotra,1,1,0
Actor,Ary França,1,0,1
Actor,Lewis Fitz-Gerald,1,0,1
Actor,Julian Farrieta,1,0,1
Actor,Ijlal Zaki,1,1,0
Actor,Pratap Pothan,1,1,0
Actor,Sota Fukushi,1,1,0
Actor,Silvetty Montilla,1,0,1
Actor,Fabienne Piolini-Castle,1,1,0
Actor,Nazriya Fahad,1,1,0
Actor,Aziza Helmy,1,1,0
Actor,Giselle Nieto,1,0,1
Actor,Romina Peluffo,1,1,0
Actor,Silje Drensgrud,1,1,0
Actor,Maria Louis,1,0,1
Actor,Tyne Daly,1,1,0
Actor,Guilherme Prates,1,0,1
Actor,Park Ye-ni,1,0,1
Actor,Mohit Bhaskar,1,1,0
Actor,Ledicia Sola,1,0,1
Actor,Mohammad Abu Diak,1,1,0
Actor,Ramon Thompson,1,1,0
Actor,Naomi Nishida,1,0,1
Actor,Renan Tenca,1,0,1
Actor,Laura Gordon,1,0,1
Actor,Freddie Stroma,1,0,1
Actor,Doval'e Glickman,1,0,1
Actor,Bukky Bakray,1,1,0
Actor,Sanjeev Vats,1,1,0
Actor,Sergio Dorado,1,1,0
Actor,Samuel González,1,1,0
Actor,Mariona Terés,1,0,1
Actor,Michelle Randolph,1,1,0
Actor,Sibylla Deen,1,0,1
Actor,Haruka Kubo,1,0,1
Actor,Drew Tanner,1,1,0
Actor,Salah El-Saadany,1,1,0
Actor,Bettina Devin,1,1,0
Actor,Carina Battrick,1,1,0
Actor,Mona Washbourne,1,1,0
Actor,Kathy Kiera Clarke,1,0,1
Actor,Kepa Amuchastegui,1,0,1
Actor,Skylar Gaertner,1,0,1
Actor,Matheus Costa,1,1,0
Actor,Brandon Wardell,1,0,1
Actor,Son Tung M-TP,1,1,0
Actor,Lara Jill Miller,1,1,0
Actor,Sisley Choi,1,0,1
Actor,Porntip Tipsiri,1,0,1
Actor,Øystein Martinsen,1,0,1
Actor,Daddi Tang,1,0,1
Actor,Moses Ingram,1,0,1
Actor,Joey Paras,1,1,0
Actor,Melina Kanakaredes,1,0,1
Actor,Larissa Murray,1,0,1
Actor,Sydney Wade,1,0,1
Actor,Chris Tordoff,1,0,1
Actor,Stephen Lord,1,0,1
Actor,Uğur Yücel,1,0,1
Actor,Jeffrey Postlethwaite,1,0,1
Actor,Tonya Pinkins,1,1,0
Actor,Imelda Therinne,1,1,0
Actor,Claire Julien,1,1,0
Actor,Ma Su,1,1,0
Actor,Lauren O'Rourke,1,0,1
Actor,Elsa Agemalm Reiland,1,0,1
Actor,Ashwani Kumar,1,1,0
Actor,Pushy Anand,1,1,0
Actor,Burcu Salihoğlu,1,1,0
Actor,Ravel Andrade,1,0,1
Actor,Brittany Allen,1,1,0
Actor,Federico Tocci,1,0,1
Actor,Charlotte Sullivan,1,1,0
Actor,Tomás Wahrmann,1,1,0
Actor,Terris Brown,1,0,1
Actor,Evelyn Edwards,1,1,0
Actor,Charmaine Sheh,1,1,0
Actor,Fabian Lojege,1,1,0
Actor,Kanae Oki,1,0,1
Actor,Bharani Shankar,1,1,0
Actor,Héctor Morales,1,1,0
Actor,Eike Weinreich,1,0,1
Actor,Delhi Ganesh,1,0,1
Actor,Peter Bogdanovich,1,1,0
Actor,Linda Gray,1,1,0
Actor,Meg DeLacy,1,1,0
Actor,Aimee Saras,1,1,0
Actor,Hwangwoo Seul-hye,1,0,1
Actor,On-on Yu,1,1,0
Actor,Takeshi Maeda,1,1,0
Actor,Jason Leong,1,1,0
Actor,Ying-Ying Yiu,1,1,0
Actor,Vicky Chen,1,0,1
Actor,Suhita Thatte,1,0,1
Actor,Laura Morgan,1,0,1
Actor,Phanuroj Chalermkijporntavee,1,0,1
Actor,Sibusiso Nxumalo,1,1,0
Actor,Daljeet Singh,1,1,0
Actor,B-Real,1,1,0
Actor,Hans Martínez,1,0,1
Actor,Elsa Öhrn,1,1,0
Actor,Salman Bokhari,1,1,0
Actor,Daniela Schmidt,1,0,1
Actor,Joanna Larequi,1,1,0
Actor,Omawumi,1,1,0
Actor,Amber Brkich,1,0,1
Actor,Dylan Llewellyn,1,0,1
Actor,Josse De Pauw,1,0,1
Actor,Dakota Lustick,1,1,0
Actor,Sunny Suljic,1,1,0
Actor,Seandrea Sledge,1,1,0
Actor,Li Muchen,1,0,1
Actor,Moji Bamtefa,1,0,1
Actor,Jules Wojciechowski,1,1,0
Actor,Dave Coulier,1,0,1
Actor,Darlanne Fluegel,1,1,0
Actor,Nastassia Villasana,1,0,1
Actor,Matías Desiderio,1,1,0
Actor,JeeJa Yanin,1,1,0
Actor,Lee Ving,1,1,0
Actor,Bryan Hibbard,1,0,1
Actor,Leanna Rachel,1,1,0
Actor,Sun Ning,1,0,1
Actor,Cecilia Dopazo,1,1,0
Actor,Harjap Singh Bhangal,1,1,0
Actor,Esther Goh,1,1,0
Actor,Sumiko Fuji,1,1,0
Actor,Courtney Henggeler,1,0,1
Actor,Kim You-mi,1,0,1
Actor,Jely Reátegui,1,1,0
Actor,Alessia Cara,1,1,0
Actor,Chance The Rapper,1,0,1
Actor,Vandana Hart,1,0,1
Actor,Miranda May,1,0,1
Actor,Carol Loback,1,0,1
Actor,Cici Wang,1,1,0
Actor,Saad Abdullah,1,1,0
Actor,Mario Gamma,1,0,1
Actor,Bryan Jackson,1,1,0
Actor,Kim So-jin,1,1,0
Actor,Petio Petkov,1,1,0
Actor,Lea Coco,1,1,0
Actor,Kim Hye-ja,1,0,1
Actor,Ingvar Sigurðsson,1,0,1
Actor,Huang Lu Tz-yin,1,1,0
Actor,Monaliza Marchi,1,1,0
Actor,Dutchess Lattimore,1,0,1
Actor,Pei Zitian,1,0,1
Actor,Çetin Altay,1,1,0
Actor,Konomi Suzuki,1,0,1
Actor,Anthony Quayle,1,1,0
Actor,Huang Peijia,1,0,1
Actor,Brett Gray,1,0,1
Actor,Anne Betancourt,1,1,0
Actor,Mahia Zrouki,1,1,0
Actor,Prathamesh Parab,1,1,0
Actor,Egi Fedly,1,1,0
Actor,Sara Serraiocco,1,1,0
Actor,Kaoru Mizuhara,1,0,1
Actor,Wilf Scolding,1,0,1
Actor,Harsha H S,1,1,0
Actor,Mark Pellegrino,1,0,1
Actor,Hanna Romanazzi,1,0,1
Actor,Ana Wills,1,0,1
Actor,Pokchat Thiamchai,1,0,1
Actor,Nelly Kariem,1,1,0
Actor,Satti Sembi,1,1,0
Actor,Andrew McFarlane,1,0,1
Actor,Vivien Lyra Blair,1,1,0
Actor,Marama Corlett,1,0,1
Actor,Mostafizur Noor Imran,1,1,0
Actor,Sibusiso Msimang,1,1,0
Actor,Kousei Amano,1,1,0
Actor,Neil Kaplan,1,0,1
Actor,Zhao Shunran,1,0,1
Actor,Michael Tourek,1,1,0
Actor,Sunder Ramu,1,1,0
Actor,Tinesh Sarathi Krishnan,1,1,0
Actor,Liu Kai-chi,1,1,0
Actor,Ali Sürmeli,1,1,0
Actor,Unique Priscilla,1,1,0
Actor,Ko Hyun-jung,1,0,1
Actor,Seiran Kobayashi,1,1,0
Actor,Natsuho Koda,1,0,1
Actor,Dan Schneider,1,1,0
Actor,Norm Mcleod,1,1,0
Actor,Slimane Dazi,1,1,0
Actor,Marcelo Serrado,1,0,1
Actor,Jaime Camil,1,0,1
Actor,Cha-Lee Yoon,1,1,0
Actor,Owen Miller,1,1,0
Actor,JayQ The Legend,1,1,0
Actor,Georgia-May Davis,1,0,1
Actor,Ashley Thomas,1,1,0
Actor,Fabio Capello,1,1,0
Actor,Huda El Khateib,1,0,1
Actor,Sonali Sachdev,1,1,0
Actor,Laila Lockhart Kraner,1,0,1
Actor,Luis Leonardo Zapata,1,1,0
Actor,Ankit Yadav,1,1,0
Actor,Chutki,1,1,0
Actor,Stanisław Cywka,1,1,0
Actor,Jason Simpson,1,0,1
Actor,Thomas Ian Griffith,1,1,0
Actor,Lee Joong-ok,1,0,1
Actor,Joanna Lewis,1,1,0
Actor,Mohamed al-Kilani,1,0,1
Actor,Sonja Sohn,1,1,0
Actor,Gaurav Rana,1,0,1
Actor,Richard Goulding,1,0,1
Actor,Alexandra Pfeifer,1,1,0
Actor,Aleksey Serebryakov,1,1,0
Actor,Yuri Chen,1,1,0
Actor,Tony Cavalero,1,1,0
Actor,Jeff Swarthout,1,1,0
Actor,Jamal Hamdan,1,1,0
Actor,Ace Bhatti,1,1,0
Actor,Hubert Miłkowski,1,0,1
Actor,Karla López,1,0,1
Actor,Tadashi Miyazawa,1,0,1
Actor,Lee Jae-wook,1,0,1
Actor,Li Tingting,1,0,1
Actor,Vincent Sze,1,1,0
Actor,Tian Yu,1,1,0
Actor,James Kyson,1,0,1
Actor,Adibah Noor,1,1,0
Actor,Takuya Kirimoto,1,0,1
Actor,Caledonia Burr,1,1,0
Actor,Grant Masters,1,1,0
Actor,K.C. Shankar,1,1,0
Actor,Daniel Ezra,1,0,1
Actor,Zell Steele Morrow,1,1,0
Actor,Eduard Buch,1,1,0
Actor,James Lafferty,1,1,0
Actor,Bradley Hamilton,1,1,0
Actor,Alperen Efe Esmer,1,1,0
Actor,Azwile Chamane,1,1,0
Actor,Joao Constancia,1,1,0
Actor,Alison Thornton,1,0,1
Actor,Bertrand Liebert,1,0,1
Actor,Natasza Urbańska,1,1,0
Actor,Kate McCafferty,1,0,1
Actor,Mikaela Ruegg,1,1,0
Actor,Billie Joe Armstrong,1,1,0
Actor,Rizky Hanggono,1,1,0
Actor,Ana Caetano,1,1,0
Actor,Avishma Lohith,1,0,1
Actor,Matteo Simoni,1,0,1
Actor,Matteo El Khodr,1,1,0
Actor,Penelope Rawlins,1,0,1
Actor,Koji Mukai,1,1,0
Actor,Kara Wai,1,1,0
Actor,Manny Montana,1,0,1
Actor,Joel Bramona,1,0,1
Actor,Kevin Shen,1,1,0
Actor,Prashant Chainani,1,1,0
Actor,Nedal El Shafey,1,1,0
Actor,Tainá Medina,1,0,1
Actor,Karina Suwandi,1,1,0
Actor,Lauren Leech,1,1,0
Actor,Louie Indriana,1,1,0
Actor,Gloria Sevilla,1,1,0
Actor,Chris Gibbs,1,1,0
Actor,Shanmugha Rajan,1,1,0
Actor,Mark Samual Bonanno,1,0,1
Actor,Adam Mayfield,1,0,1
Actor,Bilge Şen,1,1,0
Actor,Hye-sun Shin,1,0,1
Actor,Begoña Vargas,1,0,1
Actor,Hikaru Iwamoto,1,1,0
Actor,Leah Choudhry,1,0,1
Actor,Shernaza,1,1,0
Actor,Alok Chaturvedi,1,1,0
Actor,Munir Kabani,1,1,0
Actor,Darren Dunstan,1,0,1
Actor,Rina Sa,1,1,0
Actor,Leslie Odom Jr.,1,1,0
Actor,Lawrence Koh,1,1,0
Actor,Sandra Drzymalska,1,0,1
Actor,Li Junchen,1,0,1
Actor,Vincent Desagnat,1,1,0
Actor,Mahendra Bhatnagar,1,1,0
Actor,Dmitriy Chebotarev,1,1,0
Actor,Natalia Martínez,1,0,1
Actor,Vicky Hernández,1,0,1
Actor,Masato Wada,1,0,1
Actor,Sukhbir Singh,1,1,0
Actor,Lukas Engel,1,0,1
Actor,Maqbul Mohammed,1,1,0
Actor,Adlu Fahrezy,1,1,0
Actor,Sebastian Dela,1,1,0
Actor,Rebecca Silvera,1,1,0
Actor,Jeremy Brett,1,1,0
Actor,Christine Adams,1,0,1
Actor,Lucrezia Guidone,1,0,1
Actor,Amane Okayama,1,1,0
Actor,Antonio Velázquez,1,0,1
Actor,Rob Degnan,1,1,0
Actor,Kym Wilson,1,0,1
Actor,Bassel Alzaro,1,0,1
Actor,Chloé Jouannet,1,1,0
Actor,Ferenc Lengyel,1,1,0
Actor,Amina Merai,1,1,0
Actor,Songsit Roongnophakunsri,1,0,1
Actor,Brad Schmidt,1,1,0
Actor,Eiichiro Tokumoto,1,0,1
Actor,Ewa Kasprzyk,1,1,0
Actor,Boloram Das,1,1,0
Actor,Caroline Caliston,1,1,0
Actor,Mykel Shannon Jenkins,1,1,0
Actor,Nela Berg,1,1,0
Actor,Lila Salet,1,1,0
Actor,Mei Kayama,1,1,0
Actor,Montse Guallar,1,0,1
Actor,Valeria Schoneveld,1,1,0
Actor,Carlos Mencia,1,1,0
Actor,Tony Danza,1,0,1
Actor,Amos Tamam,1,1,0
Actor,Rajkiran,1,1,0
Actor,Aure Atika,1,1,0
Actor,Jermelle Simon,1,0,1
Actor,Léa Léviant,1,0,1
Actor,John Eby,1,1,0
Actor,Adam Neill,1,1,0
Actor,Larissa Andrade,1,1,0
Actor,Crystal Yu,1,1,0
Actor,Ameer Khlawe,1,1,0
Actor,James Richard Marshall,1,1,0
Actor,Erdogan Aydin,1,1,0
Actor,Chris O'Neal,1,0,1
Actor,Helena Englert,1,0,1
Actor,Aarushi Sharma,1,1,0
Actor,Elisa Lasowski,1,0,1
Actor,Theresa Frostad Eggesbø,1,0,1
Actor,Lata Sabharwal,1,1,0
Actor,Susan Peters,1,1,0
Actor,Julie Khaner,1,1,0
Actor,Mikkel Bratt Silset,1,0,1
Actor,Thabo Rametsi,1,1,0
Actor,Sebastián Zurita,1,1,0
Actor,Steven Prescod,1,1,0
Actor,İlayda Akdoğan,1,0,1
Actor,Jess Robinson,1,0,1
Actor,André Luiz Frambach,1,1,0
Actor,Sergi Lopez,1,1,0
Actor,Nikorn Sae Tang,1,0,1
Actor,León Larregui,1,1,0
Actor,Jordan Belfi,1,0,1
Actor,Nick Gomez,1,1,0
Actor,Emílio de Mello,1,0,1
Actor,Dylan Gage,1,1,0
Actor,Jairo Mattos,1,0,1
Actor,Leo McKern,1,1,0
Actor,Jon Plazaola,1,1,0
Actor,Olivier Rosemberg,1,0,1
Actor,Anthony Jacques,1,1,0
Actor,Leon Jay Williams,1,0,1
Actor,Sukollawat Kanarot,1,0,1
Actor,Serdar Gökhan,1,0,1
Actor,Olga Vinichenko,1,0,1
Actor,Irmak Örnek,1,1,0
Actor,Tokunbo Idowu,1,1,0
Actor,Ratthanant Janyajirawong,1,1,0
Actor,Jeffrey Thomas,1,1,0
Actor,Lizzy Greene,1,0,1
Actor,Logan Riley,1,1,0
Actor,Coral Puente,1,1,0
Actor,Mélanie Fouché,1,1,0
Actor,Cherif Hafez,1,0,1
Actor,Park Ji-bin,1,0,1
Actor,Douglas Lim,1,0,1
Actor,Sabeeka Imam,1,1,0
Actor,Siddartha Basu,1,1,0
Actor,McCoy De Leon,1,1,0
Actor,Junaid Zeineldine,1,1,0
Actor,Diego Iosif Pirvu,1,1,0
Actor,Phil Burgers,1,0,1
Actor,Arya Darbahani,1,0,1
Actor,Toru Watanabe,1,1,0
Actor,Aramis Knight,1,0,1
Actor,Anna Galvin,1,1,0
Actor,Gengher Gatti,1,1,0
Actor,Flex Alexander,1,0,1
Actor,Lili Bordán,1,1,0
Actor,Fulu Mugovhani,1,1,0
Actor,Kat Alano,1,1,0
Actor,AJ Michalka,1,0,1
Actor,Bradley Gordon,1,1,0
Actor,Kirill Zaitsev,1,1,0
Actor,Brooke Clagett,1,1,0
Actor,Kelly Kruger,1,1,0
Actor,Kushal Punjabi,1,1,0
Actor,Yuri Kolokolnikov,1,1,0
Actor,Zafer Diper,1,1,0
Actor,Angie Ferro,1,1,0
Actor,Lena Dörrie,1,0,1
Actor,Trae Robin,1,1,0
Actor,Brody Allen,1,0,1
Actor,Brady Brophy,1,1,0
Actor,Rodrigo Fernandez-Stoll,1,1,0
Actor,Tyler Joseph Campbell,1,1,0
Actor,Stephanie Panisello,1,0,1
Actor,Carlito,1,0,1
Actor,Jimmie Fails,1,1,0
Actor,Enaam Al-Gritly,1,0,1
Actor,Yoku Shioya,1,0,1
Actor,Drew Barber,1,1,0
Actor,Presciliana Esparolini,1,1,0
Actor,Vidya Shankar,1,1,0
Actor,Scott Keiji Takeda,1,0,1
Actor,Dheeresh Joshi,1,1,0
Actor,Paxton Singleton,1,0,1
Actor,Jonathan Higgins,1,0,1
Actor,Macey Howarth,1,0,1
Actor,Phoebe Dynevor,1,0,1
Actor,Samuel de Assis,1,0,1
Actor,Heo Joon-seok,1,0,1
Actor,Benny Vadakkan,1,1,0
Actor,Alan Trinca,1,0,1
Actor,Stephen McGann,1,0,1
Actor,Jerrod Carmichael,1,1,0
Actor,Thanawat Rattanakitpaisan,1,0,1
Actor,Carson Allen,1,0,1
Actor,Ji Sung,1,0,1
Actor,Bella Aboulhosn,1,1,0
Actor,Nina Kurup,1,1,0
Actor,Noel Schajris,1,1,0
Actor,Daniel Effiong,1,1,0
Actor,Tim Noonan,1,0,1
Actor,Telma Souza,1,0,1
Actor,Joseph Sikora,1,1,0
Actor,Jacqueline Scislowski,1,0,1
Actor,Ahmed Ramah,1,1,0
Actor,Kosuke Takaguchi,1,0,1
Actor,Geoffrey Palmer,1,1,0
Actor,Nick Sumida,1,0,1
Actor,Tetsuya Iwanaga,1,0,1
Actor,Katy Wix,1,0,1
Actor,Ashleigh Ross,1,1,0
Actor,Anmol Thakeria Dhillon,1,1,0
Actor,Gabriela Maria Schmeide,1,1,0
Actor,Kim Sang-jung,1,0,1
Actor,Mohamed Naimane,1,1,0
Actor,James Tupper,1,1,0
Actor,Anjali Rana,1,0,1
Actor,Veronica Webb,1,1,0
Actor,SeoJu Park,1,1,0
Actor,Kristina Clifford,1,1,0
Actor,Benjamin Bradley,1,0,1
Actor,Julien Courbey,1,1,0
Actor,Cynthia Capers,1,1,0
Actor,Bing Pimentel,1,1,0
Actor,Stevie Payne,1,1,0
Actor,Yuming Hey,1,0,1
Actor,Sigrid Thornton,1,0,1
Actor,Ninette Finch,1,0,1
Actor,Shiva,1,1,0
Actor,Evelyn Zheng Yu-tong,1,1,0
Actor,Yen Yi-wen,1,0,1
Actor,Chiqui Fernández,1,0,1
Actor,Sechaba Morojele,1,0,1
Actor,Gao Yuer,1,0,1
Actor,Ececan Gümeci,1,1,0
Actor,Kate Fahy,1,1,0
Actor,Imelda Corcoran,1,1,0
Actor,Chansung,1,0,1
Actor,Chealse Howell,1,1,0
Actor,Kevin Kilner,1,1,0
Actor,Issa Doumbia,1,0,1
Actor,Ella Gross,1,1,0
Actor,Michael MacRae,1,1,0
Actor,Simon Pryce,1,0,1
Actor,Maggie McCarthy,1,1,0
Actor,Paul Mason,1,1,0
Actor,Choi Ri,1,0,1
Actor,Ray Contreras,1,0,1
Actor,Jean-Michel Le Gal,1,1,0
Actor,Heavy D,1,1,0
Actor,Simran Natekar,1,0,1
Actor,Patrick Bachau,1,1,0
Actor,Xu Mengyuan,1,0,1
Actor,Peter Gantzler,1,0,1
Actor,Mark Forward,1,0,1
Actor,Colin Paradine,1,1,0
Actor,Maximus Evans,1,0,1
Actor,Robert Cormier,1,0,1
Actor,Lee Jin-wook,1,1,0
Actor,Tom Morton,1,0,1
Actor,Emmanuel Ikubese,1,0,1
Actor,Rebekka Johnson,1,0,1
Actor,Mathias Bloech,1,1,0
Actor,Chris Colfer,1,0,1
Actor,Matthew Josten,1,0,1
Actor,Nataya Chanrung,1,0,1
Actor,Go Joon-hee,1,0,1
Actor,Aubri Ibrag,1,0,1
Actor,Igor Meerson,1,1,0
Actor,Jiavani Linayao,1,1,0
Actor,Joshua Sinclair-Evans,1,1,0
Actor,Nolan Bateman,1,1,0
Actor,Lee Sang-yun,1,0,1
Actor,Julio Icasuriaga,1,1,0
Actor,Maia Morgenstern,1,1,0
Actor,Lisa Nicole Carson,1,1,0
Actor,Concha Galán,1,1,0
Actor,Jo Bok-rae,1,0,1
Actor,Anton Bogdanov,1,1,0
Actor,Greg McHugh,1,0,1
Actor,Elsa Bergström Terent,1,1,0
Actor,Stijn Fransen,1,1,0
Actor,Keith Allan,1,0,1
Actor,Andrea Carballo,1,0,1
Actor,Hailey Baldwin,1,1,0
Actor,Andrea Garrote,1,1,0
Actor,Hlengiwe Lushaba,1,0,1
Actor,Mayank Parakh,1,1,0
Actor,Toinette Laquiere,1,0,1
Actor,Michał Lupa,1,1,0
Actor,Santhiran Moonsamy,1,1,0
Actor,Olayode Juliana,1,1,0
Actor,Gamaharitz,1,1,0
Actor,Win Morisaki,1,1,0
Actor,Jahzir Bruno,1,1,0
Actor,Lachlan Riley Watson,1,0,1
Actor,Daniela Sandiford,1,1,0
Actor,Francesco Scianna,1,0,1
Actor,Um Tae-goo,1,1,0
Actor,Glauber Amaral,1,0,1
Actor,Bianca Ugo,1,1,0
Actor,Chal Inoue,1,1,0
Actor,Andrew Laws,1,1,0
Actor,Tachatorn Supanan,1,0,1
Actor,Kanika Batra,1,1,0
Actor,Gümeç Alpay Aslan,1,1,0
Actor,Jasmine Curtis-Smith,1,1,0
Actor,Oliver James,1,1,0
Actor,Joshua Dutrieux,1,1,0
Actor,Andrea Engelsmann Persson,1,0,1
Actor,Mohamed El Hemaly,1,1,0
Actor,Marianne Jonger,1,0,1
Actor,Katarzyna Sawczuk,1,1,0
Actor,Kao Yun-shuo,1,0,1
Actor,Tamara Smart,1,1,0
Actor,Brigitte Hobmeier,1,0,1
Actor,Mounir Malaeb,1,1,0
Actor,Lee Sung-wook,1,0,1
Actor,Nursel Köse,1,0,1
Actor,Elfriede Schüsseleder,1,1,0
Actor,Sunny Kaushal,1,1,0
Actor,Luciano Cáceres,1,1,0
Actor,Naif Althufairi,1,0,1
Actor,M. Rajoli,1,1,0
Actor,Jacob McCarthy,1,1,0
Actor,Nam Ji-hyun,1,0,1
Actor,Marc Barbé,1,1,0
Actor,Ijeoma Richards,1,0,1
Actor,Daphne Nije,1,1,0
Actor,Paul Alayo,1,1,0
Actor,Jeon Hae-ri,1,0,1
Actor,Teodora Duhovnikova,1,1,0
Actor,Rebecca Root,1,0,1
Actor,Carolyn Lawrence,1,1,0
Actor,Thanawin Teeraphosukarn,1,0,1
Actor,Burak Satıbol,1,1,0
Actor,Akira Yamamoto,1,1,0
Actor,Natasha Wanganeen,1,1,0
Actor,Patcha Kitchaicharoen,1,1,0
Actor,Izabela Vidovic,1,1,0
Actor,Dipti Sati,1,1,0
Actor,Michael Jace,1,1,0
Actor,Bsaku Sato,1,0,1
Actor,John Lata,1,1,0
Actor,Jamie-Lee O'Donnell,1,0,1
Actor,Selma Sonat,1,1,0
Actor,Dhay Nasser,1,1,0
Actor,Marcus LaVoi,1,0,1
Actor,Rajiv Gupta,1,1,0
Actor,Shubham Saraf,1,0,1
Actor,Rathaa Krishnan P.,1,1,0
Actor,Taron C. Hensley,1,1,0
Actor,Raimo Grönberg,1,0,1
Actor,Gitte Witt,1,1,0
Actor,James Yammouni,1,1,0
Actor,Uğur Bilgin,1,1,0
Actor,Claudia Sulewski,1,1,0
Actor,Kalyani Priyadarshan,1,1,0
Actor,Emily Callandrelli,1,0,1
Actor,Obinna Nwachukwu,1,1,0
Actor,Richard Gutierrez,1,1,0
Actor,Guillermo Iván,1,0,1
Actor,Ji-a Min,1,0,1
Actor,Ticha Wongthipkanont,1,0,1
Actor,Alina Berzunteanu,1,1,0
Actor,Moon Sung-ho,1,0,1
Actor,Ifeanyi Williams,1,1,0
Actor,Ludivine Sagnier,1,0,1
Actor,Jacob Fortune-Lloyd,1,0,1
Actor,Billy Powell,1,1,0
Actor,Owen Vaccaro,1,1,0
Actor,Maliq & D'Essentials,1,1,0
Actor,Tina Haller,1,1,0
Actor,Stephanie Nogueras,1,0,1
Actor,Gigi De Lana,1,1,0
Actor,Sandrine Pinna,1,0,1
Actor,Kristen Connolly,1,0,1
Actor,Ícaro Silva,1,0,1
Actor,Carmen Gutiérrez,1,0,1
Actor,Hidaayath Hazeer,1,1,0
Actor,Valerie Tian,1,1,0
Actor,Shin Ha-kyun,1,0,1
Actor,Bheki Mkwane,1,1,0
Actor,David Lynch,1,1,0
Actor,Amila Terzimehic,1,1,0
Actor,Dawson Ehlke,1,1,0
Actor,Momodu Musa Ceesay,1,1,0
Actor,Dave Merheje,1,0,1
Actor,Tyler Sanders,1,1,0
Actor,Jonathan Taylor,1,1,0
Actor,Claude De Demo,1,0,1
Actor,Cung Le,1,1,0
Actor,Júlio Andrade,1,1,0
Actor,Rodrigo Oviedo,1,0,1
Actor,Bogdan Nechifor,1,1,0
Actor,Emilio Vodanovich,1,1,0
Actor,Joelle Farrow,1,1,0
Actor,Jean Maggi,1,1,0
Actor,Miguel J. Pimentel,1,1,0
Actor,Lui Manansala,1,1,0
Actor,Diane Craig,1,0,1
Actor,Lazar Ristovski,1,1,0
Actor,Parakh Madan,1,1,0
Actor,Anton von Lucke,1,0,1
Actor,Alon Williams,1,0,1
Actor,Shruthy Menon,1,0,1
Actor,Ammar Rahma,1,1,0
Actor,Wu Ting-chien,1,0,1
Actor,Kungtap Saelim,1,0,1
Actor,Toshiro Yanagiba,1,1,0
Actor,Marc Riso,1,1,0
Actor,Tedd Chan,1,1,0
Actor,Amparo Moreno,1,1,0
Actor,Juan José Arjona,1,0,1
Actor,Sitang Punnapob,1,0,1
Actor,Tewfik Jallab,1,1,0
Actor,Saniyya Sidney,1,1,0
Actor,Liliana Moreno,1,0,1
Actor,Marc-Antoine Duquenne,1,1,0
Actor,Sharmin Segal,1,1,0
Actor,Monique Hore,1,0,1
Actor,Kieran Walton,1,0,1
Actor,Park Sung-jun,1,0,1
Actor,Aurélien Wiik,1,0,1
Actor,Lee Dong-ha,1,1,0
Actor,Sejal Kumar,1,0,1
Actor,Luisa Vides,1,0,1
Actor,Taheya Cariocca,1,1,0
Actor,Ramón Medína,1,0,1
Actor,Johnny McDaid,1,1,0
Actor,Susanne Wuest,1,0,1
Actor,Elshahat Mabrouk,1,1,0
Actor,Zhao Yiqin,1,0,1
Actor,Ok Ja-yeon,1,0,1
Actor,Sabrina Nonata,1,0,1
Actor,Stephen Dupont,1,0,1
Actor,John Putch,1,1,0
Actor,Patrycja Widlak,1,1,0
Actor,Roberto De Francesco,1,0,1
Actor,Thomás Aquino,1,0,1
Actor,Tony Law,1,1,0
Actor,Bobby Sandhu,1,1,0
Actor,Chanyapuk Numprasop,1,0,1
Actor,Choi Sung-eun,1,0,1
Actor,Greg Harris,1,1,0
Actor,Maya Sarao,1,1,0
Actor,Yemi Blaque,1,1,0
Actor,Fatma Murat,1,1,0
Actor,Casson Chinepoh,1,1,0
Actor,William Knight,1,1,0
Actor,Deepak Gheewala,1,1,0
Actor,María Fernanda Matus,1,0,1
Actor,Andrzej Konopka,1,0,1
Actor,Chandini Tamilarasan,1,1,0
Actor,Wu Jing,1,1,0
Actor,AJ Rivera,1,0,1
Actor,Nana Mori,1,1,0
Actor,Roma Maffia,1,1,0
Actor,Amal Assaf,1,1,0
Actor,Sarah Troyer,1,1,0
Actor,John Cleland,1,0,1
Actor,Rodrigo Palacios,1,0,1
Actor,Hemangi Kavi,1,1,0
Actor,Cristi Puiu,1,1,0
Actor,Idris Md Diah,1,0,1
Actor,Martin Bats Bradford,1,1,0
Actor,Paulina Garcia,1,1,0
Actor,Patricia Kihoro,1,1,0
Actor,Kwok-Pong Chan,1,0,1
Actor,Nadow Lin,1,1,0
Actor,Arushi Talwar,1,1,0
Actor,Claudia Santiago,1,1,0
Actor,Patricia Tamayo,1,0,1
Actor,Natoo,1,0,1
Actor,Andrei Indreies,1,1,0
Actor,KOM_I,1,0,1
Actor,Youssef Dawood,1,1,0
Actor,Romola Garai,1,1,0
Actor,Eso Okolocha DIke,1,0,1
Actor,Susanne Böwe,1,0,1
Actor,Ann Njemanze,1,1,0
Actor,Peter McRobbie,1,1,0
Actor,Ewa Błaszczyk,1,0,1
Actor,Chen Wen-shan,1,0,1
Actor,Adriana Arango,1,0,1
Actor,Rupa Ganguly,1,1,0
Actor,Regina Spektor,1,1,0
Actor,Li Huan,1,0,1
Actor,Sopitnapa Choompanee,1,0,1
Actor,Steven Sean Garland,1,1,0
Actor,Parveen Kaur,1,0,1
Actor,Janine Turner,1,1,0
Actor,Ion Fiscuteanu,1,1,0
Actor,Danielle Rose Russell,1,0,1
Actor,Luke Coutts,1,1,0
Actor,Vlasta Vrana,1,1,0
Actor,Miriam Makeba,1,1,0
Actor,Reut Alush,1,0,1
Actor,Sophie Landresse,1,0,1
Actor,Leif Steinert,1,1,0
Actor,Madalen Mills,1,1,0
Actor,Zandile Lujabe,1,1,0
Actor,Artjom Gilz,1,0,1
Actor,Serge Cockburn,1,1,0
Actor,Dan Chiriac,1,1,0
Actor,Brandon Ingram,1,1,0
Actor,Susan Backlinie,1,1,0
Actor,Abel Ferrara,1,1,0
Actor,Johan Ulveson,1,0,1
Actor,Suzanna Papian,1,0,1
Actor,Candy Tolentino,1,1,0
Actor,Benjamin Barrett,1,0,1
Actor,Chris Stafford,1,1,0
Actor,Gunnar Sizemore,1,0,1
Actor,Vargus Mason,1,0,1
Actor,TJ,1,1,0
Actor,Ebele Okaro,1,1,0
Actor,Jeff Pope,1,0,1
Actor,Susana Dans,1,0,1
Actor,Marek Kalita,1,0,1
Actor,Egidio Mercurio,1,0,1
Actor,Briar Grace-Smith,1,1,0
Actor,Laly Goyzueta,1,0,1
Actor,Andy Mackenzie,1,1,0
Actor,Güler Ökten,1,0,1
Actor,Gerry Skilton,1,1,0
Actor,Henry Prempeh,1,1,0
Actor,Oktay Kaynarca,1,1,0
Actor,Eddie Sandifolo,1,1,0
Actor,Piers Taylor,1,0,1
Actor,Tai Berdinner-Blades,1,0,1
Actor,Su Douglas,1,0,1
Actor,Filippo Nigro,1,0,1
Actor,Liu Xiaoyi,1,1,0
Actor,Tucker Chandler,1,0,1
Actor,Talal El-Jordi,1,1,0
Actor,Madonna Sebastian,1,1,0
Actor,Li Geyang,1,0,1
Actor,Matthias Schweighöfer,1,1,0
Actor,Tom Jones,1,1,0
Actor,András Faragó,1,1,0
Actor,Roshdy El Shamy,1,0,1
Actor,Cansu Kurgun,1,1,0
Actor,Paula Burrows,1,0,1
Actor,Jason Alan Smith,1,1,0
Actor,Jacinte Blankenship,1,1,0
Actor,Saeed Mohammed,1,1,0
Actor,Marta Aledo,1,0,1
Actor,André Gordon,1,0,1
Actor,Benjamin Kyalo,1,1,0
Actor,Valeria Golino,1,1,0
Actor,Shim Dal-gi,1,0,1
Actor,Li Yi Feng,1,1,0
Actor,Kuan Lin,1,0,1
Actor,Kanako Miyashita,1,0,1
Actor,Yameen Shah,1,1,0
Actor,Gregory Peck,1,1,0
Actor,Jordan Pettle,1,1,0
Actor,Abdullah Moshref,1,1,0
Actor,Moin Khan,1,1,0
Actor,Connor Weil,1,0,1
Actor,Sindbad Phgura,1,1,0
Actor,Naglaa Fathi,1,1,0
Actor,Freddie Thorp,1,0,1
Actor,Deepika Bhide Bhagwat,1,1,0
Actor,Robert Kelly,1,1,0
Actor,Youn Yuh-jung,1,0,1
Actor,Grandmaster Caz,1,1,0
Actor,Jhonen Vasquez,1,1,0
Actor,Daddy Showkey,1,1,0
Actor,Adam Taylor,1,1,0
Actor,Cecilia Gómez,1,0,1
Actor,Mike He,1,0,1
Actor,Tetta Sugimoto,1,0,1
Actor,Evans Johnson,1,0,1
Actor,Kim Dong-jun,1,0,1
Actor,Manish Anand,1,1,0
Actor,Nick Zedd,1,1,0
Actor,Lois Chimimba,1,0,1
Actor,Nuttanicha Dungwattanawanich,1,1,0
Actor,Norman Foster,1,1,0
Actor,Giuseppe Dave Seke,1,0,1
Actor,Celia Au,1,0,1
Actor,Matilda De Angelis,1,1,0
Actor,Tiger Chung Lee,1,1,0
Actor,Van Veronica Ngo,1,1,0
Actor,Musskan Sethi,1,1,0
Actor,Wilfred Lee,1,0,1
Actor,Richard Elfyn,1,1,0
Actor,Bedia Ener,1,0,1
Actor,Hannah Bergemann,1,1,0
Actor,Jeff Hephner,1,1,0
Actor,Kim Waddoup,1,1,0
Actor,Carla Ribas,1,0,1
Actor,Veena Malik,1,1,0
Actor,Małgorzata Hajewska,1,1,0
Actor,Samantha Win,1,1,0
Actor,Jeon So-min,1,0,1
Actor,Regina Van Helvert,1,1,0
Actor,Nathan Darrow,1,0,1
Actor,Ross Bickell,1,1,0
Actor,Tallulah Milligan,1,0,1
Actor,Letícia Pedro,1,1,0
Actor,Pius Fatoke,1,1,0
Actor,Koki Osamura,1,0,1
Actor,Rhys Nicholson,1,1,0
Actor,Yoshika Verma,1,1,0
Actor,Zandy Hartig,1,0,1
Actor,Rodney El Haddad,1,1,0
Actor,Billy Porter,1,0,1
Actor,Winai Kraibutr,1,1,0
Actor,Jesús Báez,1,1,0
Actor,Andreas Pietschmann,1,0,1
Actor,Robert Hansen,1,0,1
Actor,Selim Bayraktar,1,1,0
Actor,Mark O'Dea,1,1,0
Actor,Nickola Shreli,1,1,0
Actor,Cynthia Ruffin,1,1,0
Actor,Krrish Chhabria,1,1,0
Actor,Sümeyye Aydoğan,1,1,0
Actor,Kweku Elliot,1,1,0
Actor,Marco Canadea,1,1,0
Actor,Bader Haddad,1,1,0
Actor,Ayumi Mano,1,0,1
Actor,Damon J. Gillespie,1,0,1
Actor,Noel Trinidad,1,1,0
Actor,Louis Greatorex,1,0,1
Actor,Christophe Reymond,1,1,0
Actor,Karen Prell,1,1,0
Actor,Clara Rugaard,1,1,0
Actor,John Lapus,1,1,0
Actor,Sivan Alyra Rose,1,0,1
Actor,Isabella Iannelli,1,1,0
Actor,Jill Bennett,1,1,0
Actor,Maximilian Schmidt,1,1,0
Actor,Peter Campion,1,0,1
Actor,Romane Bohringer,1,1,0
Actor,Melanie Hutsell,1,1,0
Actor,Guri Alfi,1,0,1
Actor,Stafford Perry,1,0,1
Actor,Lorenza Indovina,1,0,1
Actor,Teddy Chen,1,0,1
Actor,Mulie Jarju,1,1,0
Actor,Genoveva Umeh,1,1,0
Actor,David Kibuuka,1,1,0
Actor,Zaria Degenhardt,1,0,1
Actor,Jade Cardozo,1,1,0
Actor,Dotsie Bausch,1,1,0
Actor,Freddy Miyares,1,0,1
Actor,Jack Kehoe,1,1,0
Actor,Madhumalti Kapoor,1,1,0
Actor,Seo Kang-jun,1,0,1
Actor,Ariana DeBose,1,1,0
Actor,Samar Sami,1,0,1
Actor,Alejandro Gutiérrez,1,0,1
Actor,Wesam Hanna,1,0,1
Actor,Sukki Singapora,1,0,1
Actor,Katsunosuke Hori,1,0,1
Actor,Chelsea Rendon,1,1,0
Actor,Mamadou Samaké,1,1,0
Actor,Deepti Lele,1,1,0
Actor,Fumi Hirano,1,1,0
Actor,Andrea Moor,1,0,1
Actor,Jaime Ray Newman,1,0,1
Actor,Mrunal Oak,1,1,0
Actor,Suzu Hirose,1,1,0
Actor,Elias Gergi,1,1,0
Actor,Pamela Rabe,1,0,1
Actor,Eva Llorach,1,1,0
Actor,Minne Koole,1,0,1
Actor,Is'haq Elias,1,1,0
Actor,Chitra Lakshmanan,1,1,0
Actor,Kachi Nnochiri,1,0,1
Actor,Iman Husein,1,1,0
Actor,Allauddin Khan,1,1,0
Actor,Li Xiaoran,1,1,0
Actor,Will Buie Jr.,1,1,0
Actor,Nadine Ellis,1,0,1
Actor,Matt Winston,1,1,0
Actor,Devyani Shorey,1,0,1
Actor,Saul Nanni,1,1,0
Actor,Bjarne Mädel,1,0,1
Actor,Kyle Soller,1,1,0
Actor,Yoko Asagami,1,1,0
Actor,Trilok Patel,1,1,0
Actor,Isabella Licht Delgado,1,1,0
Actor,Nathalie Love,1,1,0
Actor,Jessica Elaina Eason,1,0,1
Actor,Maia Landaburu,1,0,1
Actor,Park Jin-joo,1,0,1
Actor,Paul P. Card IV,1,1,0
Actor,Mariana de Matos,1,0,1
Actor,Amaia Aberasturi,1,1,0
Actor,Minto,1,1,0
Actor,Elizabeth Ashley,1,0,1
Actor,Diego Casanueva,1,1,0
Actor,Tonia Chukwurah,1,0,1
Actor,Sayyid El Alami,1,0,1
Actor,Pavel Vorontsov,1,0,1
Actor,Naomi Higgins,1,0,1
Actor,Richard Balin,1,1,0
Actor,Cameron Ocasio,1,0,1
Actor,Olwenya Maina,1,1,0
Actor,Kenta Suga,1,1,0
Actor,Malte Gårdinger,1,0,1
Actor,Ilenia Zanfardino,1,0,1
Actor,Yuko Sanpei,1,0,1
Actor,Arashi,1,0,1
Actor,Kailash Waghmare,1,1,0
Actor,Collins Pennie,1,1,0
Actor,John P. Ryan,1,1,0
Actor,Sabriye Günüç,1,1,0
Actor,Elysia Rotaru,1,1,0
Actor,Iben Hjejle,1,1,0
Actor,Camila Perez,1,0,1
Actor,Joey Gaydos Jr.,1,1,0
Actor,Georgie Flores,1,1,0
Actor,Edmay Solaiman,1,1,0
Actor,Guillermo Gil,1,1,0
Actor,Zaria,1,1,0
Actor,Leila Hoffman,1,0,1
Actor,Zeppi Borromeo,1,1,0
Actor,Shawn Thompson,1,0,1
Actor,Enzo Barone,1,0,1
Actor,Masaba Gupta,1,0,1
Actor,Sharifah Aleya,1,1,0
Actor,Piotr Biedron,1,1,0
Actor,Christel Das,1,1,0
Actor,Abboudy Mallah,1,1,0
Actor,Remas Mansoor,1,1,0
Actor,Son Dam-bi,1,0,1
Actor,Ayça Ayşin Turan,1,0,1
Actor,Christina Hecke,1,1,0
Actor,Christine Marzano,1,1,0
Actor,Rodrigo Fagundes,1,1,0
Actor,Dita von Teese,1,0,1
Actor,Alin Florea,1,1,0
Actor,Maeve Larkin,1,0,1
Actor,Kristyl Tift,1,1,0
Actor,Marci T. House,1,0,1
Actor,Melissa Uscanga,1,1,0
Actor,Yi-Wen Yen,1,0,1
Actor,Ji Seung-hyeon,1,1,0
Actor,Choi Jae-hyun,1,0,1
Actor,Kim Si-a,1,1,0
Actor,Anneke Kim Sarnau,1,1,0
Actor,Angela Cremonte,1,0,1
Actor,Ju Xiaowen,1,1,0
Actor,An Seok-hwan,1,0,1
Actor,Mittal Chouhan,1,1,0
Actor,Cinta Laura Kiehl,1,1,0
Actor,Reem Abdullah,1,1,0
Actor,PJ Madam,1,0,1
Actor,Jorge Román,1,0,1
Actor,Hend Taher,1,1,0
Actor,Soraya Khoury,1,1,0
Actor,Praveen Tej,1,1,0
Actor,Elizabeth Hanna,1,0,1
Actor,Ana Katz,1,1,0
Actor,Nimai Delgado,1,1,0
Actor,Nomboniso Paile,1,1,0
Actor,Taim Hasan,1,0,1
Actor,Benjamin Pronsky,1,1,0
Actor,Fiorella Faltoyano,1,0,1
Actor,Jung Jun Won,1,0,1
Actor,Lee Soo-kyung,1,0,1
Actor,Musthafa,1,1,0
Actor,Chris Galust,1,1,0
Actor,Reshma Rajan,1,1,0
Actor,Shen Lin,1,1,0
Actor,Nicole Rossi,1,1,0
Actor,Chadi Haddad,1,1,0
Actor,Bernard D. Jones,1,1,0
Actor,Doug Rao,1,0,1
Actor,Francesca Smith,1,1,0
Actor,Panji Zoni,1,1,0
Actor,Ady Putra,1,0,1
Actor,Martiño Rivas,1,0,1
Actor,Thelonius Serrell-Freed,1,0,1
Actor,Dilnaz Irani,1,1,0
Actor,Wang Likun,1,1,0
Actor,Hinaki Yano,1,0,1
Actor,Marilyn Lima,1,1,0
Actor,Raphaëlle Agogué,1,0,1
Actor,Peter Eastway,1,0,1
Actor,Hilal Azman,1,1,0
Actor,Desus Nice,1,0,1
Actor,Jonas Bloquet,1,1,0
Actor,Ruby Akubueze,1,1,0
Actor,Tereza Srbová,1,1,0
Actor,Meibh Campbell,1,0,1
Actor,Josh Lai,1,1,0
Actor,Amy Manson,1,1,0
Actor,Hunter Clowdus,1,1,0
Actor,LilRel Howery,1,0,1
Actor,Ji Su-won,1,0,1
Actor,Buddy Vedder,1,1,0
Actor,Miss Pooja,1,1,0
Actor,Tayam Amar,1,0,1
Actor,Kyoko Hikami,1,0,1
Actor,Lee Pil-mo,1,0,1
Actor,Shan George,1,1,0
Actor,Sharisse Baker-Bernard,1,1,0
Actor,Krittanai Arsalprakit,1,0,1
Actor,Peanut Omatsola,1,0,1
Actor,Francisca Imboden,1,1,0
Actor,Jeong Hye-won,1,0,1
Actor,Shwetha,1,1,0
Actor,Ashton Frank,1,0,1
Actor,Bela Padilla,1,1,0
Actor,Louise Grinberg,1,1,0
Actor,Bruce Thomas,1,0,1
Actor,Marcel Ruiz,1,0,1
Actor,Jenny Zhang,1,0,1
Actor,Kunwar Aziz,1,1,0
Actor,Kensuke Sato,1,0,1
Actor,Dan Styles,1,1,0
Actor,Vera Panfilova,1,0,1
Actor,Ahmed Saif,1,1,0
Actor,Ryan Devlin,1,0,1
Actor,Hugh Wilson,1,0,1
Actor,Carlo Alban,1,1,0
Actor,Gabriella Wright,1,1,0
Actor,Fasha Sandha,1,0,1
Actor,Yuriko Yamamoto,1,0,1
Actor,Zhuang Kebi,1,0,1
Actor,Ananya Nagalla,1,1,0
Actor,Aakshath Das,1,1,0
Actor,Bommu Lakshmi,1,1,0
Actor,Scott Gibbs,1,1,0
Actor,Clayton Snyder,1,1,0
Actor,Funmi Eko,1,0,1
Actor,Osman Soykut,1,0,1
Actor,Hamilton Dias,1,1,0
Actor,Moses Chan,1,1,0
Actor,Yin Chao-te,1,0,1
Actor,Anna Della Rosa,1,1,0
Actor,Muhammad Al Dousari,1,0,1
Actor,Thalaivasal Vijay,1,1,0
Actor,Andrew Lloyd Webber,1,1,0
Actor,NeNe Leakes,1,1,0
Actor,Jace Chapman,1,0,1
Actor,Miyu Yoshimoto,1,1,0
Actor,Hedi Bouchenafa,1,1,0
Actor,Takenori Goto,1,0,1
Actor,Tomasz Oświeciński,1,1,0
Actor,Yan An,1,0,1
Actor,Luke Treadaway,1,0,1
Actor,Suat Sungur,1,1,0
Actor,Abishek K.S.,1,1,0
Actor,Antonio Saboia,1,0,1
Actor,Lars Bitterlich,1,1,0
Actor,Siria Simeoni,1,1,0
Actor,Nasri Sayegh,1,1,0
Actor,Santinatornkul Chanon,1,0,1
Actor,Burak Topaloglu,1,1,0
Actor,Gotzon Sánchez,1,1,0
Actor,Nellie Thalbach,1,1,0
Actor,Yee Tong,1,1,0
Actor,Michael Fox,1,0,1
Actor,Harry Carey Jr.,1,1,0
Actor,Sergei Goroshko,1,1,0
Actor,Abdul’ Usman Zada,1,1,0
Actor,Peggy Ann Blow,1,0,1
Actor,Aparna Nancherla,1,0,1
Actor,Michael Rivas,1,0,1
Actor,Freddie Gaminara,1,1,0
Actor,Michelle McKinney Hammond,1,1,0
Actor,Emma Roche,1,0,1
Actor,Aghniny Haque,1,1,0
Actor,Clint James,1,1,0
Actor,JoeDon Rooney,1,1,0
Actor,Scott Evans,1,1,0
Actor,Clem Cheung,1,1,0
Actor,Rythvika Suriya,1,0,1
Actor,Valeriya Polyanychko,1,1,0
Actor,Yasuaki Takumi,1,0,1
Actor,Jung Ga-ram,1,0,1
Actor,Tyler Coppin,1,1,0
Actor,Pairoj Sangwariboot,1,0,1
Actor,Priyanka Chopra Jonas,1,1,0
Actor,Son Hyun-joo,1,0,1
Actor,Guillaume Kerbush,1,0,1
Actor,Helin Kandemir,1,1,0
Actor,Kathy-Ann Hart,1,1,0
Actor,Takaaki Torashima,1,0,1
Actor,Andile Gumbi,1,1,0
Actor,Guy Boyd,1,1,0
Actor,Felix Maria Zeppenfeld,1,1,0
Actor,David St. Louis,1,0,1
Actor,Rena Tanaka,1,1,0
Actor,Ryan Doyle,1,1,0
Actor,Noemi Gonzalez,1,0,1
Actor,Sarah Sechan,1,1,0
Actor,Verónica Terán,1,0,1
Actor,Park Na-rae,1,1,0
Actor,Shaneigha-Monik Greyson,1,1,0
Actor,Keythe Farley,1,1,0
Actor,Sun Sung-wook,1,0,1
Actor,Niamh Wilson,1,1,0
Actor,Shinnosuke Ogami,1,0,1
Actor,John Franklin III,1,0,1
Actor,Henriette Confurius,1,0,1
Actor,Sarah Cooper,1,1,0
Actor,Marc Martínez,1,0,1
Actor,Jeremy Bobb,1,0,1
Actor,Dennis Herrmann,1,0,1
Actor,Chirag Malhotra,1,1,0
Actor,Kawin Manonukul,1,0,1
Actor,Ong Yi-hing,1,0,1
Actor,Shek Sau,1,1,0
Actor,Ayame Misaki,1,0,1
Actor,Time Winters,1,0,1
Actor,Park Ran,1,0,1
Actor,Dean Geyer,1,1,0
Actor,Renee Olstead,1,1,0
Actor,Brett Zimmerman,1,1,0
Actor,Eduardo Yáñez,1,0,1
Actor,Şevket Çoruh,1,1,0
Actor,James Clement,1,0,1
Actor,Eudald Font,1,0,1
Actor,Marine Vacth,1,1,0
Actor,Amanda Sohrabi,1,0,1
Actor,Udo Samel,1,1,0
Actor,Kevin Julio,1,1,0
Actor,Tim Connolly,1,1,0
Actor,Tarra Budiman,1,1,0
Actor,David Masajnik,1,1,0
Actor,Rakeen Sa'ad,1,0,1
Actor,Hermione Corfield,1,1,0
Actor,Gilles Lellouche,1,1,0
Actor,Zoe Robins,1,0,1
Actor,Daniel Sunjata,1,1,0
Actor,Micah Solusod,1,0,1
Actor,Pınar Deniz,1,0,1
Actor,Smeep Kang,1,1,0
Actor,Ellen Hollman,1,1,0
Actor,Niloy Sankar Gupta,1,1,0
Actor,Sanjay Gurbaxani,1,1,0
Actor,Justin Chu Cary,1,0,1
Actor,Rick Rossovich,1,1,0
Actor,Isabella Vazquez Morales,1,0,1
Actor,Ryan Harrison,1,0,1
Actor,Dorian Popa,1,1,0
Actor,Jill Killington,1,1,0
Actor,Hussien Elgohary,1,1,0
Actor,David Chen,1,0,1
Actor,Carlo Rota,1,1,0
Actor,Shin Jae-ha,1,0,1
Actor,Symera Jackson,1,0,1
Actor,Suhaas Khandke,1,1,0
Actor,Loudon Wainwright III,1,1,0
Actor,Sandeep Kulkarni,1,1,0
Actor,Chabeli Sastre Gonzalez,1,0,1
Actor,Khalid Bounouar,1,1,0
Actor,Pierre Cartonnet,1,1,0
Actor,Amer Chadha-Patel,1,1,0
Actor,Pushkar Goggiaa,1,0,1
Actor,Miquel García Borda,1,0,1
Actor,Ynairaly Simo,1,1,0
Actor,Luisa Rubino,1,0,1
Actor,Marinda Halpin,1,1,0
Actor,Cho Hyun-chul,1,0,1
Actor,Carmen Bsaibes,1,0,1
Actor,Song Jae-ryong,1,1,0
Actor,Sofia Deler,1,1,0
Actor,Sara Crowe,1,0,1
Actor,Elaine Welteroth,1,0,1
Actor,Filippo Gili,1,1,0
Actor,Tommy Kuan,1,1,0
Actor,Schemci Lauth,1,1,0
Actor,Madeleine Knight,1,0,1
Actor,Sanaa Younes,1,1,0
Actor,Ning Chang,1,1,0
Actor,Aoi Okuyama,1,0,1
Actor,Jearnest Corchado,1,0,1
Actor,Anna Louw,1,1,0
Actor,Hassan Ibrahim,1,0,1
Actor,Benaissa Lamroubal,1,1,0
Actor,Rawan Mahdi,1,0,1
Actor,Katlyn Carlson,1,1,0
Actor,Michael Pink,1,1,0
Actor,Khaled Amin,1,0,1
Actor,Marion Van Cuyck,1,1,0
Actor,Mohit Nain,1,1,0
Actor,Batekoo,1,0,1
Actor,Chris Nuñez,1,0,1
Actor,Bayardo De Murguia,1,0,1
Actor,Ana Valeria Becerril,1,0,1
Actor,Eliza Pryor,1,0,1
Actor,Aura Cristina Geithener,1,1,0
Actor,Ira del Río,1,0,1
Actor,Greet Verstraete,1,0,1
Actor,Bryce Durfee,1,1,0
Actor,Shiori Mikami,1,0,1
Actor,Magdalena Zawadzka,1,0,1
Actor,Leon Ford,1,0,1
Actor,Mike Godson,1,1,0
Actor,Broden Kelly,1,0,1
Actor,Mylene Dizon,1,1,0
Actor,Pell James,1,1,0
Actor,Rudolf Martin,1,1,0
Actor,Mohammed Al Dosari,1,0,1
Actor,Aishan Jawaid Malik,1,1,0
Actor,Citra Prima,1,1,0
Actor,Fina Rius,1,1,0
Actor,Christina Tannous,1,1,0
Actor,Laeticia Semaan,1,1,0
Actor,H.E.R.,1,0,1
Actor,Choi Yeo-jin,1,0,1
Actor,Veronica Osorio,1,1,0
Actor,Kornrawich Sungkitbool,1,0,1
Actor,Lee Jae-yoon,1,0,1
Actor,Shayle Simons,1,0,1
Actor,Cameron McCaul,1,1,0
Actor,Vishwa Badola,1,1,0
Actor,Aaryansh Malviya,1,0,1
Actor,Katsuya Kobayashi,1,1,0
Actor,Stephen Curry,1,0,1
Actor,Enhle Mbali,1,1,0
Actor,Koji Yamamoto,1,1,0
Actor,Elisa Matilla,1,0,1
Actor,Ariel Vaysman,1,1,0
Actor,Lee Hae-yeong,1,0,1
Actor,Jane Hallaren,1,1,0
Actor,Joseph Jovanovic,1,1,0
Actor,Ragıp Savaş,1,1,0
Actor,Kadan Rockett,1,1,0
Actor,Laila Elwi,1,1,0
Actor,Abdo Chahine,1,0,1
Actor,Kyra Custodio,1,1,0
Actor,Kevin Brophy,1,1,0
Actor,Malik Yoba,1,0,1
Actor,Atsushi Tamura,1,0,1
Actor,Mary Mouser,1,0,1
Actor,Yuan Francisco,1,1,0
Actor,Tamara Canosa,1,1,0
Actor,César Cambeiro,1,0,1
Actor,Kim Sook,1,0,1
Actor,Odd-Magnus Williamson,1,0,1
Actor,Hsu Lichi,1,1,0
Actor,Barbara Weber-Scaff,1,0,1
Actor,Sornam,1,1,0
Actor,Nel Kaczmarek,1,0,1
Actor,Xolo Maridueña,1,0,1
Actor,Constanza Duque,1,0,1
Actor,Ray Cordova,1,0,1
Actor,Vinod Rawat,1,1,0
Actor,Hwang Yeong-hee,1,0,1
Actor,Roy Brocksmith,1,1,0
Actor,Thandi Modise,1,1,0
Actor,Jung Il-woo,1,0,1
Actor,Seo Eun-ah,1,0,1
Actor,William Sanderson,1,1,0
Actor,Antoinette Turk,1,1,0
Actor,Gisselle Kuri,1,0,1
Actor,Mariama Gassama,1,1,0
Actor,Caio Vegatti,1,1,0
Actor,Belen Blanco,1,1,0
Actor,Maya Gilbert,1,1,0
Actor,Mine Teber,1,1,0
Actor,Wole Olowomojuore,1,1,0
Actor,Mitsuki Yayoi,1,1,0
Actor,Laura Chiatti,1,1,0
Actor,Oja Kodar,1,1,0
Actor,Zachary S. Williams,1,0,1
Actor,Nadine Lustre,1,1,0
Actor,Karina Jordán,1,1,0
Actor,Markice Moore,1,1,0
Actor,Pacho Rueda,1,0,1
Actor,Laura Bilgeri,1,1,0
Actor,Silvestre Rasuk,1,1,0
Actor,Nicoline Sharma Rubow,1,0,1
Actor,Ana Julia Yeyé,1,0,1
Actor,Hannah Ladesma,1,1,0
Actor,Marca Leigh,1,0,1
Actor,Abdel Aziz El Mountassir,1,1,0
Actor,Teiyu Ichiryusai,1,1,0
Actor,Ty Wood,1,0,1
Actor,Nishanti,1,1,0
Actor,Bianca Brigitte VanDamme,1,1,0
Actor,Miwa Matsumoto,1,0,1
Actor,Lee Hye-yeong,1,0,1
Actor,Cathy Baron,1,1,0
Actor,Rosanna Roces,1,1,0
Actor,Faris Fadjar Munggaran,1,1,0
Actor,Omar Al Hafidh,1,1,0
Actor,Sandro Demaio,1,0,1
Actor,Kiyono Yasuno,1,0,1
Actor,Djibril Pavadé,1,1,0
Actor,Annie Ilonzeh,1,1,0
Actor,Seda Türkmen,1,1,0
Actor,Asheesh Kapur,1,1,0
Actor,Kim Do-wan,1,0,1
Actor,Robert Lopez,1,0,1
Actor,Yui Imaizumi,1,0,1
Actor,Charlotte Roche,1,0,1
Actor,Artyom Tkachenko,1,0,1
Actor,Alisson Santiago,1,1,0
Actor,David Fielding,1,0,1
Actor,Owen Asztalos,1,1,0
Actor,Bembol Roco,1,1,0
Actor,Renan Prévot,1,1,0
Actor,Suppapong Udomkaewkanjana,1,0,1
Actor,Shari Weiser,1,1,0
Actor,Vajèn van den Bosch,1,1,0
Actor,Nomalanga Shabane,1,1,0
Actor,Ozan Kaya Oktu,1,1,0
Actor,Michael Beach,1,1,0
Actor,Sergio Acosta,1,1,0
Actor,Deana Carter,1,1,0
Actor,Michael Chang,1,0,1
Actor,Wang Jingchun,1,1,0
Actor,Alejandra Yañez Reynoso,1,1,0
Actor,Irán Castillo,1,1,0
Actor,Tsholofelo Matshaba,1,0,1
Actor,Àgata Roca,1,0,1
Actor,Giulia Schiavo,1,1,0
Actor,Jacob Tillman,1,0,1
Actor,Cameron Britton,1,0,1
Actor,Satyaraj,1,1,0
Actor,Yocelin Coronado,1,1,0
Actor,Ademola Amoo,1,0,1
Actor,Mary Thornton,1,1,0
Actor,Bolly Lomo,1,1,0
Actor,Aia Kruse,1,1,0
Actor,Vela Ramamoorthy,1,1,0
Actor,Şebnem Sönmez,1,1,0
Actor,Aishwarya Lekshmi,1,1,0
Actor,Gonzalo Vivanco,1,1,0
Actor,Bernat Quintana,1,1,0
Actor,Liang Tian,1,1,0
Actor,Khalid Mengah,1,1,0
Actor,Ada Nicodemou,1,0,1
Actor,Shaghayegh Beheshti,1,1,0
Actor,Dion Johnstone,1,0,1
Actor,Adrianna Di Liello,1,0,1
Actor,Yuki Arimoto,1,0,1
Actor,Imran Aslam,1,1,0
Actor,Alia Nemry,1,1,0
Actor,Ferdoos Mohammed,1,1,0
Actor,Michael MacKenzie,1,1,0
Actor,Sam Eliad,1,0,1
Actor,Kenichi Matsuyama,1,1,0
Actor,Maitreyi Ramakrishnan,1,0,1
Actor,Clara Wilsey,1,1,0
Actor,Luisa-Céline Gaffron,1,1,0
Actor,Luke Roessler,1,0,1
Actor,Zhigang Jiang,1,1,0
Actor,Lauren Laverne,1,1,0
Actor,Adi Khalefa,1,0,1
Actor,Demba Diaw,1,1,0
Actor,Jarred Blakiston,1,0,1
Actor,Lisi Linder,1,0,1
Actor,Synnøve Macody Lund,1,0,1
Actor,Alejandra Urdiaín,1,1,0
Actor,Öner Ateş,1,1,0
Actor,Charbel Iskandar,1,1,0
Actor,Keong Sim,1,1,0
Actor,Yun Sang-jeong,1,0,1
Actor,Jere Burns,1,1,0
Actor,Julia Kouakou,1,1,0
Actor,Shatina Chen,1,1,0
Actor,Parzan Dastur,1,1,0
Actor,Luca Bogdan,1,1,0
Actor,Ravi Goswami,1,1,0
Actor,Manu Gavassi,1,0,1
Actor,Eliza Ong,1,0,1
Actor,Alex Calleja,1,1,0
Actor,Philip Rosenthal,1,0,1
Actor,Ayhan Taş,1,1,0
Actor,Cristian Bota,1,1,0
Actor,Braedyn Bruner,1,1,0
Actor,Harssh Singh,1,1,0
Actor,Gregory Kasyan,1,0,1
Actor,Angie Saba,1,1,0
Actor,Jip van den Dool,1,0,1
Actor,Benjamin Abras,1,0,1
Actor,Mayur Mahendra Patole,1,1,0
Actor,Jaaved Jaaferi,1,0,1
Actor,Chiaki Omigawa,1,0,1
Actor,Andrea Leigh,1,1,0
Actor,Ashiqa Salvan,1,1,0
Actor,Gavin Leatherwood,1,0,1
Actor,Céline Ronté,1,1,0
Actor,Urszula Dudziak,1,1,0
Actor,Ryota Miyadate,1,1,0
Actor,Nasser Memarzia,1,1,0
Actor,Emma Sloan Jacobs,1,1,0
Actor,Jyoti Pawar,1,1,0
Actor,Timothy F. Crowley,1,0,1
Actor,Anahit Setian,1,1,0
Actor,Mcfly,1,0,1
Actor,Bo Martyn,1,0,1
Actor,Raymond Anthony Thomas,1,0,1
Actor,Nailia Harzoune,1,0,1
Actor,Merritt Patterson,1,1,0
Actor,Todsapol Maisuk,1,0,1
Actor,Laila Berzins,1,1,0
Actor,Raluca Aprodu,1,1,0
Actor,Sumeet Thakur,1,1,0
Actor,Anke Engelke,1,0,1
Actor,Shannon Kook,1,1,0
Actor,Ian Bliss,1,0,1
Actor,Selen Öztürk,1,1,0
Actor,Lee Ha-na,1,0,1
Actor,Agni Scott,1,1,0
Actor,Olga Pakalović,1,0,1
Actor,Anil Gawas,1,1,0
Actor,Brooklyn Beckham,1,1,0
Actor,Max Salgado,1,1,0
Actor,Noom Diawara,1,0,1
Actor,Yoko Ono,1,1,0
Actor,Pushkar Jog,1,1,0
Actor,Ahmed El Sobky,1,1,0
Actor,Flame Monroe,1,0,1
Actor,Amanda C. Miller,1,0,1
Actor,Ariane Pellicer,1,1,0
Actor,Elias Toufexis,1,0,1
Actor,Amy Jackson,1,1,0
Actor,Naina Sareen,1,1,0
Actor,Jenny Yokobori,1,0,1
Actor,Albert Hall,1,1,0
Actor,Suzuki Matsuo,1,1,0
Actor,Norah Jones,1,1,0
Actor,Marwan Azab,1,1,0
Actor,Hans-Jochen Wagner,1,1,0
Actor,Mack 10,1,1,0
Actor,Melinda Mo,1,0,1
Actor,Elizaveta Maximová,1,1,0
Actor,Natalie Palamides,1,1,0
Actor,Matt Zeremes,1,0,1
Actor,Kohei Takeda,1,0,1
Actor,Amal Mohammed,1,1,0
Actor,Martin Feifel,1,0,1
Actor,Gabourey Sidibe,1,0,1
Actor,Brian Chan,1,0,1
Actor,Ian Mattthews,1,1,0
Actor,Halit Ergenç,1,1,0
Actor,Kiray Celis,1,1,0
Actor,Kate Fitzpatrick,1,0,1
Actor,Brian Keith Gamble,1,1,0
Actor,Vanetta Smith,1,1,0
Actor,Pilita Corrales,1,1,0
Actor,Anima Misa,1,1,0
Actor,Kwon Na-ra,1,0,1
Actor,Oaklee Pendergast,1,1,0
Actor,Abdul Mohsen Alnimer,1,0,1
Actor,Antonio Gaona,1,0,1
Actor,Aaron Chen,1,0,1
Actor,Felix Lobrecht,1,1,0
Actor,Ünal Yeter,1,1,0
Actor,Matthew Dellapina,1,0,1
Actor,Stéphane De Groodt,1,1,0
Actor,Goran Markovic,1,0,1
Actor,Dhruv Lohumi,1,1,0
Actor,Henriette Steenstrup,1,0,1
Actor,Tommy Davidson,1,1,0
Actor,Paulo André,1,1,0
Actor,Kıvanç Baran Arslan,1,1,0
Actor,Chermarn Boonyasak,1,0,1
Actor,Viktoriya Isakova,1,0,1
Actor,Berta Garcia,1,0,1
Actor,Son Khoury,1,0,1
Actor,Sophie Fletcher,1,0,1
Actor,Tsuyoshi Abe,1,0,1
Actor,Özlem Çakar,1,1,0
Actor,Lizze Broadway,1,1,0
Actor,Socratis Otto,1,0,1
Actor,Finley Jacobsen,1,1,0
Actor,Sophia Latjuba,1,1,0
Actor,Folusho Durojaiye,1,1,0
Actor,Suchaya Saenkhot,1,0,1
Actor,Naël Rabia,1,1,0
Actor,Debrianna Mansini,1,1,0
Actor,Suhaas Ahuja,1,1,0
Actor,Judyann Elder,1,1,0
Actor,Kerry Walker,1,1,0
Actor,Huyng Kien An,1,1,0
Actor,Panos Koronis,1,1,0
Actor,Redouane Bougheraba,1,1,0
Actor,Olivia Draguicevich,1,1,0
Actor,Florence Longpré,1,0,1
Actor,Nifemi Lawal,1,1,0
Actor,Greer Grammer,1,1,0
Actor,Teo García,1,1,0
Actor,Opeyemi Ayeola,1,1,0
Actor,Stéphane Guillon,1,0,1
Actor,Juan Manuel Diaz,1,0,1
Actor,Kang Quintus,1,1,0
Actor,Ilan Muallem,1,0,1
Actor,Patty Wirtz,1,0,1
Actor,Michael Kranz,1,0,1
Actor,Jim Muñoz,1,0,1
Actor,Italia Ricci,1,0,1
Actor,Liang Hsiu-shen,1,0,1
Actor,Gloria Carovana,1,0,1
Actor,Mizuki Yoshida,1,0,1
Actor,Richard Nedvěd,1,1,0
Actor,Lucian Msamati,1,0,1
Actor,Luigi Maria Burruano,1,0,1
Actor,Pete Seeger,1,1,0
Actor,Blanca Lewin,1,0,1
Actor,Nikolas Antunes,1,1,0
Actor,Lorinska Merrington,1,0,1
Actor,JR Reed,1,1,0
Actor,Lucy Loken,1,1,0
Actor,Isak Férriz,1,1,0
Actor,Suon Kan,1,1,0
Actor,Tatchapol Thitiapichai,1,0,1
Actor,Lina Renna,1,0,1
Actor,Logan Allen,1,0,1
Actor,Rex Linn,1,1,0
Actor,Bruce Khan,1,1,0
Actor,Nicolas Giraud,1,1,0
Actor,David Iacono,1,0,1
Actor,Daisy Haggard,1,0,1
Actor,Ned Beatty,1,1,0
Actor,Savannah Baker,1,0,1
Actor,Danitza Athanassiadis,1,0,1
Actor,Abdel Aziz Khalil,1,1,0
Actor,Bronisław Wrocławski,1,1,0
Actor,Cut Ashifa,1,1,0
Actor,Lim Han-bin,1,0,1
Actor,Tom Turner,1,0,1
Actor,Shelby Leverington,1,1,0
Actor,Mónica Cruz,1,0,1
Actor,Mu Xuan Cheng,1,0,1
Actor,Lloyd Zaragoza,1,1,0
Actor,Victoria Yeates,1,0,1
Actor,Victor Allen,1,1,0
Actor,Steve Daron,1,1,0
Actor,Michael Maize,1,0,1
Actor,Aixa Villagrán,1,1,0
Actor,Saycon Sengbloh,1,0,1
Actor,David Edwards,1,1,0
Actor,Ashraf Farah,1,1,0
Actor,Rasha Amin,1,1,0
Actor,Trapa Majumder,1,1,0
Actor,Adnan Haskovic,1,1,0
Actor,Joy Gorman,1,0,1
Actor,Hortnarong Teng,1,0,1
Actor,Xana Tang,1,0,1
Actor,Danilo Kamperidis,1,0,1
Actor,Ryuji Sato,1,1,0
Actor,Kudzai Sevenzo,1,1,0
Actor,Tamir Kapelian,1,1,0
Actor,Traci Lords,1,1,0
Actor,Patrick Gagnon,1,1,0
Actor,Minoru Inaba,1,0,1
Actor,Celia Ireland,1,0,1
Actor,Dirk Roofthooft,1,0,1
Actor,Babajide Alimison,1,1,0
Actor,Renata del Castillo,1,0,1
Actor,Merlisa Determined,1,1,0
Actor,Julia Levy-Boeken,1,1,0
Actor,Earl Cameron,1,1,0
Actor,Hajira Yamin,1,1,0
Actor,Tasuku Emoto,1,1,0
Actor,Teddy Sears,1,1,0
Actor,Seiro Ogino,1,0,1
Actor,Tai-Lo Ma,1,1,0
Actor,Shirine Boutella,1,0,1
Actor,Ryan Tarran,1,1,0
Actor,Navneet Kaur Dhillon,1,1,0
Actor,Feng Yuanzheng,1,1,0
Actor,Sharvil Patel,1,1,0
Actor,Leo Martinez,1,1,0
Actor,Julia Vera,1,1,0
Actor,Alberto Di Stasio,1,1,0
Actor,Demet Özdemir,1,1,0
Actor,Sanjay Jadhav,1,1,0
Actor,Este Haim,1,1,0
Actor,Pía Sanz,1,0,1
Actor,Rajendran,1,1,0
Actor,Matthias Brandt,1,0,1
Actor,Wang Ou,1,0,1
Actor,Anna Maria Horsford,1,1,0
Actor,Owen Patrick Joyner,1,0,1
Actor,Vyacheslav Kataev,1,0,1
Actor,Antonio Miano,1,0,1
Actor,Claire Chitham,1,1,0
Actor,Amrit Arora,1,1,0
Actor,Blue Chapman,1,0,1
Actor,Rawia Elchab,1,1,0
Actor,Jalyn Hall,1,0,1
Actor,Grego Rossello,1,1,0
Actor,Wang Yuwei,1,0,1
Actor,Monika Krzywkowska,1,1,0
Actor,Nayef Naji,1,1,0
Actor,Mikael Birkkjær,1,0,1
Actor,Angeline Ball,1,1,0
Actor,Lois Chiles,1,1,0
Actor,Leslie Bellair,1,1,0
Actor,Michael J. Willett,1,0,1
Actor,Torrey DeVitto,1,0,1
Actor,Damon Younger,1,0,1
Actor,Katey Hoffman,1,1,0
Actor,Emi Takei,1,1,0
Actor,Steele Stebbins,1,1,0
Actor,Claire Margaret Corlett,1,1,0
Actor,Daiken Okudaira,1,1,0
Actor,Conrad Ricamora,1,1,0
Actor,Thibault De Montalembert,1,0,1
Actor,Lucas Blas,1,1,0
Actor,NEWS,1,0,1
Actor,Joke Muyiwa,1,0,1
Actor,Sal Velez Jr.,1,0,1
Actor,Jazz Baduwalia,1,0,1
Actor,Chandini Chowdary,1,1,0
Actor,Senthil Kumaran Muniandy,1,1,0
Actor,Dishi Duggal,1,1,0
Actor,Lucie Memba Boss,1,1,0
Actor,Howard Charles,1,1,0
Actor,Seo Yea-ji,1,0,1
Actor,Patrick Robinson,1,1,0
Actor,Jone Laspiur,1,1,0
Actor,Silvio Rodas,1,1,0
Actor,Astrid Whettnall,1,1,0
Actor,Aslam Abad,1,1,0
Actor,Isabelle Giroux,1,1,0
Actor,Manie Malone,1,0,1
Actor,Howie Mandel,1,1,0
Actor,Mark Sheppard,1,0,1
Actor,Dileep Rao,1,1,0
Actor,Mishal Al-Mutairi,1,1,0
Actor,Fede Pérez,1,0,1
Actor,Billy Crystal,1,1,0
Actor,Christopher Severio,1,1,0
Actor,Parvathy Omanakuttan,1,1,0
Actor,Siva Ananth,1,1,0
Actor,Carla Tous,1,0,1
Actor,Ritu Arya,1,0,1
Actor,Harii Kaneko,1,1,0
Actor,Tonita Castro,1,1,0
Actor,Britney Young,1,0,1
Actor,Malu Galli,1,1,0
Actor,Elyfer Torres,1,0,1
Actor,Michael Harney,1,0,1
Actor,Annette O'Toole,1,0,1
Actor,D.C. Young Fly,1,1,0
Actor,Shaad Randhawa,1,1,0
Actor,Elizabeth Lavender,1,1,0
Actor,Marcin Czarnik,1,0,1
Actor,Anthony Wong Chau-sang,1,1,0
Actor,Erin Karpluk,1,0,1
Actor,Shehzad Khan,1,1,0
Actor,Selma Ergeç,1,0,1
Actor,Gabriel Williams,1,1,0
Actor,Brune Renault,1,0,1
Actor,Emily Cox,1,0,1
Actor,Léonie Souchaud,1,1,0
Actor,Mish Boyko,1,1,0
Actor,Philippe Koo,1,0,1
Actor,Natasha Zaborski,1,0,1
Actor,Kadir Polatçi,1,1,0
Actor,Pauline Egan,1,1,0
Actor,PJ Boudousqué,1,1,0
Actor,Shinsuke Kato,1,0,1
Actor,Jayde Adams,1,0,1
Actor,Dustin Demri-Burns,1,0,1
Actor,Cleo Massey,1,0,1
Actor,Lorea Ibarra,1,1,0
Actor,Jovan Adepo,1,0,1
Actor,Jamy Lentz,1,1,0
Actor,Patricia Nammour,1,1,0
Actor,Sun Chenjun,1,1,0
Actor,Hayato Isomura,1,1,0
Actor,Becca Lish,1,0,1
Actor,Aaron Chow,1,0,1
Actor,Kaya Yanar,1,0,1
Actor,Óscar Rabadán,1,0,1
Actor,Scottie Ray,1,0,1
Actor,Shoukath Ansari,1,0,1
Actor,Jai Vyas,1,1,0
Actor,Lisa Cheng,1,1,0
Actor,Mahnaz Damania,1,1,0
Actor,Fadia Abdel Ghany,1,1,0
Actor,Kafin Sulthan,1,1,0
Actor,Stephon Marbury,1,1,0
Actor,Pablo Rago,1,0,1
Actor,Will Oldham,1,1,0
Actor,John Walton,1,0,1
Actor,Seth Carr,1,1,0
Actor,Juan Carlos Remolina,1,0,1
Actor,Adamo Dionisi,1,0,1
Actor,Marco Antônio Pâmio,1,0,1
Actor,Lidia Biondi,1,1,0
Actor,Brando Pacitto,1,0,1
Actor,Roxanne McKee,1,1,0
Actor,Janna Nick,1,1,0
Actor,Jaylin Hall,1,1,0
Actor,Mix,1,0,1
Actor,Mohammad Samad,1,0,1
Actor,Summer Glau,1,0,1
Actor,Baik Ji-won,1,0,1
Actor,Malin Buska,1,1,0
Actor,Prince Sontoye,1,1,0
Actor,Isabel Sandoval,1,1,0
Actor,Radha Blank,1,1,0
Actor,Kang Mina,1,0,1
Actor,Lee Ho-won,1,0,1
Actor,Francesco Russo,1,1,0
Actor,Ronald Ollie,1,0,1
Actor,Taiga Nakano,1,1,0
Actor,Cory Hart,1,1,0
Actor,Ferran Rañé,1,1,0
Actor,Imaaduddin Shah,1,0,1
Actor,Rina Endo,1,1,0
Actor,Chinedu Ikedieze,1,1,0
Actor,Eyebe Beniamin,1,1,0
Actor,Sendy Febrina,1,1,0
Actor,Ishika Gurung,1,1,0
Actor,Chinawut Indracusin,1,0,1
Actor,Kalidas Jayaram,1,0,1
Actor,J.J. Totah,1,0,1
Actor,Jaimee Joe Gonzaga,1,0,1
Actor,Roger Kwok,1,0,1
Actor,Javier Gómez,1,0,1
Actor,Ranjan Raj,1,0,1
Actor,Ole Lemmeke,1,1,0
Actor,Daniela Aita,1,1,0
Actor,Anna Radwan,1,1,0
Actor,Mireia Oriol,1,0,1
Actor,Bienvenu Neba,1,1,0
Actor,Twinkle Jaiswal,1,0,1
Actor,Rex Nosa,1,1,0
Actor,Sara Isabel Quintero,1,0,1
Actor,Shawankorn Wanthanapisitkul,1,0,1
Actor,Joyce Chao,1,0,1
Actor,Juliette Crosbie,1,0,1
Actor,Magaji Mijinyawa,1,1,0
Actor,Vidya Karanjikar,1,1,0
Actor,Shirley Souagnon,1,0,1
Actor,Khushboo Upadhyay,1,1,0
Actor,Grant Piro,1,1,0
Actor,Yoo Teo,1,0,1
Actor,Rebecca Rittenhouse,1,1,0
Actor,Craig Stevenson,1,1,0
Actor,Glenn Kohan,1,1,0
Actor,Mikołaj Kubacki,1,1,0
Actor,Branka Katić,1,0,1
Actor,Wongsakorn Rassamitat,1,1,0
Actor,Fran Ryan,1,1,0
Actor,Seo Ye-ji,1,0,1
Actor,Peter Bryant,1,0,1
Actor,Carlos Miranda,1,1,0
Actor,Gok Wan,1,0,1
Actor,Bárbara Goenaga,1,1,0
Actor,Eden Marryshow,1,0,1
Actor,Hiiro Ishibashi,1,1,0
Actor,Tan Jin Chor,1,0,1
Actor,Christian Sugiono,1,1,0
Actor,Katarzyna Warnke,1,1,0
Actor,Salamina Mosese,1,1,0
Actor,Nicolas Anelka,1,1,0
Actor,Ahmad Khamis Ali,1,1,0
Actor,Robin Harris,1,1,0
Actor,Doron Ben-David,1,0,1
Actor,Susanna Thompson,1,0,1
Actor,Jacque Gray,1,1,0
Actor,Kellen Goff,1,0,1
Actor,Masako Isobe,1,0,1
Actor,Jeremy Akerman,1,1,0
Actor,Habibullah Panezai,1,1,0
Actor,Sylvia Rands,1,1,0
Actor,Hee-chul Kim,1,0,1
Actor,Elozonam Ogbolu,1,1,0
Actor,Daniele DaMata,1,0,1
Actor,Ted Sutherland,1,1,0
Actor,Greg Serano,1,1,0
Actor,Christiane Seidel,1,0,1
Actor,Hisako Kyoda,1,1,0
Actor,Max Jabs,1,1,0
Actor,Sasha Compère,1,1,0
Actor,Higor Campagnaro,1,1,0
Actor,Pedro Suárez,1,0,1
Actor,Johnny Van Zant,1,1,0
Actor,Raúl Villegas,1,1,0
Actor,Julia Kamińska,1,1,0
Actor,Diana Condurache,1,1,0
Actor,Aleksandra Grabowska,1,1,0
Actor,Kevin Cheng,1,1,0
Actor,Ibrahim Al Shami,1,0,1
Actor,Sajid Hasan,1,1,0
Actor,Pádraic Delaney,1,0,1
Actor,Rushad Rana,1,1,0
Actor,Damien Bonnard,1,1,0
Actor,Petra Mede,1,0,1
Actor,Veronique Sandler,1,1,0
Actor,Hasan Kami,1,1,0
Actor,Hadi El-Gayyar,1,1,0
Actor,Darío Barassi,1,1,0
Actor,Maizura,1,1,0
Actor,Ususmango,1,1,0
Actor,Diahann Carroll,1,0,1
Actor,Rodrigo Cachero,1,0,1
Actor,Salvador Sánchez,1,1,0
Actor,Kyle Velino,1,0,1
Actor,Carlos Manuel Díaz,1,0,1
Actor,Leighton Cardno,1,1,0
Actor,Park Sin-un,1,0,1
Actor,Hideyuki Hori,1,0,1
Actor,Tichina Arnold,1,1,0
Actor,Tia Carrere,1,0,1
Actor,James Saunders,1,0,1
Actor,Jordi Webber,1,0,1
Actor,Adam Croasdell,1,0,1
Actor,Michael Ren,1,0,1
Actor,Maddy Curley,1,1,0
Actor,Alejandro Saab,1,1,0
Actor,Miranda Gas,1,1,0
Actor,Laquino Fonseca,1,1,0
Actor,Jo Hye-joo,1,0,1
Actor,Lee Ga-ryoung,1,0,1
Actor,Sreejith Ravi,1,1,0
Actor,Sohaila Kapoor,1,1,0
Actor,Shushu Abubakar,1,1,0
Actor,Kaan Taşaner,1,0,1
Actor,Fabrizio Guido,1,0,1
Actor,Jang-hoon Seo,1,0,1
Actor,Mustafa Alabssi,1,0,1
Actor,Kinuo Yamada,1,0,1
Actor,Ye Chengcheng,1,0,1
Actor,Matthew Postlethwaite,1,0,1
Actor,Imraan Abbas,1,1,0
Actor,Ylva Thedin Bjørkaas,1,0,1
Actor,He Jiang,1,1,0
Actor,Adrian Bouchet,1,1,0
Actor,Mhamed Arezki,1,0,1
Actor,Ramya Nambeeshan,1,1,0
Actor,Dara Hanfman,1,0,1
Actor,Hayato Kimura,1,0,1
Actor,Ringgo Agus Rahman,1,1,0
Actor,Sangili Murugan,1,1,0
Actor,Sabrina Revelle,1,1,0
Actor,Satya Priya Chakraborty,1,1,0
Actor,Bimen Zartar,1,1,0
Actor,Boris Kutnevich,1,0,1
Actor,Felicitas Woll,1,1,0
Actor,Juan Caballero,1,0,1
Actor,Vinod Sharawat,1,0,1
Actor,Putri Marino,1,1,0
Actor,Andy Zou,1,0,1
Actor,Jeremy Miliker,1,0,1
Actor,Ginger Daniels,1,1,0
Actor,Gloria Garcia,1,1,0
Actor,Marley Shelton,1,0,1
Actor,Shin Koyanagi,1,1,0
Actor,William Jackson Harper,1,0,1
Actor,Harvind Raj,1,1,0
Actor,Joanne Crawford,1,1,0
Actor,Lin Kai-ling,1,0,1
Actor,Mickey River,1,1,0
Actor,Omar Leyva,1,1,0
Actor,Rajeev Anand,1,1,0
Actor,Hank Stone,1,1,0
Actor,Freddie Benedict,1,1,0
Actor,Makiko Watanabe,1,1,0
Actor,Hannah Sheehan,1,0,1
Actor,Karan Tiwana,1,1,0
Actor,Dan Aaron Ramnarong,1,1,0
Actor,Briana Lane,1,0,1
Actor,Lara Rain,1,1,0
Actor,Kalled Mustonen,1,1,0
Actor,Alexandra Breckenridge,1,0,1
Actor,Im Soo-jung,1,0,1
Actor,John Hensley,1,1,0
Actor,Juan Daniel García,1,1,0
Actor,Irene Azuela,1,0,1
Actor,Anna Katarina,1,1,0
Actor,Rasmus Bjerg,1,1,0
Actor,Dexter Doria,1,1,0
Actor,Daniel Jumillas,1,1,0
Actor,Andreea Vasile,1,1,0
Actor,Warisara Jitpreedasakul,1,1,0
Actor,Thitipoom Techaapaikhun,1,0,1
Actor,Paolo Bonacelli,1,1,0
Actor,Hasinatu Camara,1,1,0
Actor,Taku Yashiro,1,0,1
Actor,Yaser Hassan,1,1,0
Actor,Louis Peres,1,1,0
Actor,Scarlett Estevez,1,0,1
Actor,Yang Se-Jong,1,0,1
Actor,Clay Gribble,1,1,0
Actor,Walker Borba,1,1,0
Actor,Ariel López Padilla,1,0,1
Actor,Christopher Farrar,1,0,1
Actor,Kim Yo-han,1,0,1
Actor,Yuuki Takada,1,0,1
Actor,Healing Marcus Udor,1,1,0
Actor,Turgay Tanülkü,1,1,0
Actor,Aaron Tveit,1,1,0
Actor,Kuang Muye,1,0,1
Actor,Michael Oosterom,1,0,1
Actor,Peter Yu,1,1,0
Actor,Tegan Moss,1,1,0
Actor,Ai Tominaga,1,0,1
Actor,Hayley Arceneaux,1,1,0
Actor,Ruthie Ann Miles,1,1,0
Actor,BNK48,1,1,0
Actor,Mckell David,1,0,1
Actor,Jojo Macari,1,0,1
Actor,Pakwan Noijaiboon,1,0,1
Actor,Paloma Ker,1,0,1
Actor,Ayberk Atilla,1,1,0
Actor,Rika Ishige,1,0,1
Actor,June Maliah,1,1,0
Actor,Kotaro Nishiyama,1,0,1
Actor,Biel Montoro,1,1,0
Actor,Sanya Arora,1,1,0
Actor,Karrie Martin,1,0,1
Actor,Samantha Smith,1,0,1
Actor,Tuna Çevik,1,1,0
Actor,Garett Buehler,1,1,0
Actor,Rukshar Dhillon,1,1,0
Actor,Daniel Watterson,1,1,0
Actor,Tanvi Ram,1,1,0
Actor,José Manuel Ospina,1,1,0
Actor,Noor Maghout,1,1,0
Actor,Laura Main,1,0,1
Actor,Christian Banas,1,0,1
Actor,Isla Johnston,1,0,1
Actor,Juliette Cardinski,1,0,1
Actor,Miguel de Lira,1,1,0
Actor,Ellen DeGeneres,1,0,1
Actor,Michelle Zamora,1,0,1
Actor,Samia Said,1,1,0
Actor,Nicolás Quiroga,1,0,1
Actor,Troy Curvey III,1,1,0
Actor,Keenan Coogler,1,1,0
Actor,Buchi Ojei,1,1,0
Actor,Jeff Pierre,1,1,0
Actor,Anthony Field,1,0,1
Actor,Yukitoshi Tokumoto,1,0,1
Actor,Thandeka Nodada,1,1,0
Actor,Cem Yiğit Üzümoğlu,1,0,1
Actor,Vincent Wei,1,0,1
Actor,Venita Akpofure,1,1,0
Actor,Dania Ramirez,1,0,1
Actor,Beren Saat,1,0,1
Actor,Kim Hye-su,1,0,1
Actor,Park Ju-hyun,1,0,1
Actor,Sharwani Ns,1,1,0
Actor,Jefferson Quiñones,1,0,1
Actor,Si Nguyen,1,1,0
Actor,Chansangavej Chayanit,1,0,1
Actor,Anurin Nwunembom,1,1,0
Actor,Yanin Opassathaworn,1,0,1
Actor,Tony D. Head,1,1,0
Actor,Martyna Nowakowska,1,0,1
Actor,Jason Day,1,0,1
Actor,Nasty C,1,1,0
Actor,Caito Mainier,1,1,0
Actor,Satyen Kappu,1,1,0
Actor,Cameron Monaghan,1,0,1
Actor,Antonio Grassi,1,0,1
Actor,Cynthia Addai-Robinson,1,0,1
Actor,Marita Ballesteros,1,1,0
Actor,Michelle Morgan,1,0,1
Actor,Marcus Bessa,1,1,0
Actor,Dennenesch Zoudé,1,0,1
Actor,Zhang Hao Ming,1,0,1
Actor,Ken Lawson,1,0,1
Actor,Charity Cervantes,1,0,1
Actor,Lara Cox,1,0,1
Actor,Nathaniel J. Potvin,1,1,0
Actor,Marco León,1,0,1
Actor,Tarlochan Singh,1,1,0
Actor,Christine Allado,1,1,0
Actor,Gong Rui,1,0,1
Actor,Pawan Chopra,1,1,0
Actor,Fair Xing,1,0,1
Actor,Reine Brynolfsson,1,0,1
Actor,Joyce Ann Burton,1,1,0
Actor,Vijilesh,1,1,0
Actor,Fredrik Quiñones,1,1,0
Actor,Carlos Paca,1,1,0
Actor,Kim Beop-rae,1,1,0
Actor,André Chiang,1,1,0
Actor,Aida Cabiyeva,1,1,0
Actor,Minato Matsui,1,1,0
Actor,Osama Munir,1,1,0
Actor,Soon-Tek Oh,1,1,0
Actor,Heather Langenkamp,1,1,0
Actor,Simbiatu Ajikawo,1,0,1
Actor,DJ Amorim,1,0,1
Actor,Fedor Teyml,1,1,0
Actor,Matthew Cottle,1,0,1
Actor,Saba Zaidi Abdi,1,0,1
Actor,Nishesh,1,1,0
Actor,James Jagger,1,1,0
Actor,Matilda Lutz,1,1,0
Actor,Hiyori Kono,1,0,1
Actor,Seo Jae-hee,1,0,1
Actor,Derek Chang,1,0,1
Actor,Chang Shu-wei,1,0,1
Actor,Aaron Hernandez,1,0,1
Actor,Debo Andryos,1,1,0
Actor,Parigna Pandya,1,1,0
Actor,William Hickey,1,1,0
Actor,David Steen,1,1,0
Actor,Matt Mercer,1,1,0
Actor,Katia Gomez,1,1,0
Actor,Andrew Hodwitz,1,0,1
Actor,Calum Gittins,1,0,1
Actor,Mohammed Alhamdan,1,0,1
Actor,Xuan Lu,1,0,1
Actor,Alvin Abayomi,1,1,0
Actor,Eve Mauro,1,1,0
Actor,Jonathan Berlin,1,0,1
Actor,Sophia Morrison,1,0,1
Actor,Ali Al-Hamdaan,1,1,0
Actor,Ibrahima Mbaye,1,1,0
Actor,Blake Burt,1,1,0
Actor,Sakiko Tamagawa,1,0,1
Actor,Leonardo Alonso,1,0,1
Actor,Ashima Narwal,1,0,1
Actor,Sally McDaid,1,0,1
Actor,Salman Alfarizi,1,1,0
Actor,Pat Nebo,1,1,0
Actor,Ciro Nacca,1,1,0
Actor,Adjis Doaibu,1,0,1
Actor,Debo Oguns,1,1,0
Actor,Ṣọpẹ́ Dìrísù,1,1,0
Actor,Olive Keane,1,0,1
Actor,Miao Pu,1,1,0
Actor,Waleed Algadi,1,1,0
Actor,Yuji Okumoto,1,1,0
Actor,Kim Jae-young,1,0,1
Actor,Atharva,1,0,1
Actor,Pauline Etienne,1,0,1
Actor,Kaliayh Rhambo,1,1,0
Actor,Jerri Manthey,1,0,1
Actor,Ira Ilva Sari,1,1,0
Actor,Chen Yu-kuan,1,0,1
Actor,Elimu Nelson,1,1,0
Actor,Ellie Taylor,1,0,1
Actor,Adam Jezierski,1,1,0
Actor,Carson Storch,1,1,0
Actor,Laura Dreyfuss,1,0,1
Actor,Wallis Currie-Wood,1,0,1
Actor,Yuval Segal,1,0,1
Actor,Sabrina Rochelle Kalangie,1,1,0
Actor,Kate Seftel,1,1,0
Actor,Erica Wessels,1,1,0
Actor,Elena Irureta,1,0,1
Actor,Nicholas Hamilton,1,1,0
Actor,Welile Nzuza,1,1,0
Actor,Philippine Martinot,1,0,1
Actor,Martufello,1,1,0
Actor,Ralph Amoussou,1,0,1
Actor,Koen Kondo,1,0,1
Actor,Nicoletta Carbonara,1,1,0
Actor,Tony Benn,1,1,0
Actor,Viet Anh Do,1,0,1
Actor,Axelle Laffont,1,1,0
Actor,Sawanya Paisarnpayak,1,0,1
Actor,Rosdeen Suboh,1,1,0
Actor,Li Junhao,1,0,1
Actor,Boriboon Chanrueng,1,0,1
Actor,Akalyadevi B.,1,1,0
Actor,Ara Mina,1,1,0
Actor,Viviana Santos,1,0,1
Actor,Ray Sitoresmi,1,1,0
Actor,Roos Dickmann,1,0,1
Actor,Thitirat Rojsangrat,1,0,1
Actor,Juan Martín Jauregui,1,1,0
Actor,Malak Ermileh,1,1,0
Actor,Dejumo Lewis,1,1,0
Actor,Michał Zbroja,1,1,0
Actor,Wafaa Sadeq,1,0,1
Actor,Alaina Huffman,1,1,0
Actor,Andrea Aboagye,1,0,1
Actor,Ratnawati Sutandar,1,1,0
Actor,David Anzuelo,1,1,0
Actor,James Bloor,1,1,0
Actor,Eniola Ajao,1,1,0
Actor,Jon Barinholtz,1,0,1
Actor,Hiroki Iijima,1,0,1
Actor,Monic Hendrickx,1,1,0
Actor,Jung Hye-in,1,0,1
Actor,Dan Bucatinsky,1,0,1
Actor,Jakob Dylan,1,1,0
Actor,Ganesan Kaliamoorthy,1,1,0
Actor,Jeong Ho-bin,1,0,1
Actor,Valeria Cotto,1,1,0
Actor,Jang Do-youn,1,0,1
Actor,Thomas Chaanhing,1,0,1
Actor,Wilson Radjou-Pujalte,1,0,1
Actor,Jeremy Levy,1,0,1
Actor,Christopher Evan Welch,1,1,0
Actor,Kim Kang-hoon,1,0,1
Actor,Emmanuella,1,1,0
Actor,Thapelo Mokoena,1,1,0
Actor,Yuuki Hirose,1,0,1
Actor,Sebastian Fabijański,1,0,1
Actor,Nasser Kermani,1,0,1
Actor,Aurora Perrineau,1,1,0
Actor,Len Chandler,1,1,0
Actor,Anish Jethmalani,1,1,0
Actor,Bo Hopkins,1,1,0
Actor,Wyatt White,1,0,1
Actor,Shama Sikander,1,1,0
Actor,Adam Nagaitis,1,1,0
Actor,May Hong,1,0,1
Actor,Maciej Stuhr,1,1,0
Actor,Aidan Wojtak-Hissong,1,0,1
Actor,Shane Dean,1,1,0
Actor,Tony Caprari,1,1,0
Actor,Barry Martin,1,0,1
Actor,Michael Gordon Shore,1,1,0
Actor,Christopher Krieg,1,1,0
Actor,Caroline Anglade,1,1,0
Actor,Louise De Los Reyes,1,1,0
Actor,Donna Rusch,1,1,0
Actor,Olivier Bony,1,1,0
Actor,Gaurika Bhatt,1,1,0
Actor,Bidya Sinha Mim,1,1,0
Actor,Vincent Cassel,1,1,0
Actor,David Fridman,1,1,0
Actor,Emir Kusturica,1,1,0
Actor,Riley O'Donnell,1,0,1
Actor,Kanichiro,1,1,0
Actor,Mohammed Sefer,1,0,1
Actor,Alice Pagani,1,0,1
Actor,Mostafa Abbas,1,1,0
Actor,Justin Cornwell,1,1,0
Actor,Injy El Mokkaddem,1,0,1
Actor,James Carrey,1,0,1
Actor,Alfonso Bassave,1,1,0
Actor,Dilan Çiçek Deniz,1,1,0
Actor,Edwin Morales,1,0,1
Actor,Deedar GIll,1,1,0
Actor,Nicolas Trevijano,1,0,1
Actor,Thembi Seete,1,0,1
Actor,Jack Barton,1,0,1
Actor,Jeff Clarke,1,1,0
Actor,Aditya Modak,1,1,0
Actor,Jamila Velazquez,1,1,0
Actor,Terrence Little Gardenhigh,1,1,0
Actor,Lise Lomi,1,1,0
Actor,Kittisak Patomburana,1,0,1
Actor,Yoon Kye-sang,1,0,1
Actor,Jason Zheng,1,0,1
Actor,Faith Fidel,1,1,0
Actor,Ben Moor,1,1,0
Actor,Hadas Jade Sakori,1,0,1
Actor,Can Yılmaz,1,1,0
Actor,Robert Townsend,1,0,1
Actor,Rouel Beukes,1,1,0
Actor,Mahamadou Sangaré,1,1,0
Actor,Thirawat Ngosawang,1,1,0
Actor,Manohar Pandey,1,1,0
Actor,Ritika Singh,1,1,0
Actor,Mariana Sena,1,0,1
Actor,María Hervás,1,0,1
Actor,Lorena Comparato,1,0,1
Actor,Aaron Altaras,1,0,1
Actor,Nichole Robinson,1,1,0
Actor,Kristin Herrera,1,1,0
Actor,Nick Lathouris,1,0,1
Actor,Damian de Montemas,1,1,0
Actor,Ken Tremblett,1,1,0
Actor,Tony Leondis,1,0,1
Actor,Jimena Pagaza,1,0,1
Actor,Barry Brewer,1,1,0
Actor,Masayoshi Haneda,1,0,1
Actor,Kim Na-yeon,1,1,0
Actor,Anupama Parameswaran,1,1,0
Actor,Kate Nash,1,0,1
Actor,Mia Lloyd,1,1,0
Actor,Jourdy Pranata,1,1,0
Actor,Melissa Schuman,1,1,0
Actor,Becky Takang,1,1,0
Actor,Melanie Putria,1,1,0
Actor,Louis Kretz,1,0,1
Actor,Jo Han-sun,1,0,1
Actor,Dinesh Mehta,1,0,1
Actor,Kittiphoom Wongpentak,1,0,1
Actor,Barry Coe,1,1,0
Actor,Yuzuha Kobayashi,1,0,1
Actor,Rachid El Adouani,1,1,0
Actor,Ralph Herforth,1,1,0
Actor,Ernest R. Dickerson,1,0,1
Actor,Gerry Bednob,1,1,0
Actor,George Faughnan,1,1,0
Actor,Soliman Cruz,1,1,0
Actor,Sawako Yoshida,1,0,1
Actor,Andrea Avery,1,1,0
Actor,Amy Ruffle,1,0,1
Actor,Michelle Manterola,1,0,1
Actor,Lestonja Diaz,1,1,0
Actor,Shardul Rana,1,1,0
Actor,Momo Yeung,1,1,0
Actor,Edward Herrmann,1,0,1
Actor,Maya Hawke,1,1,0
Actor,Finola Hughes,1,1,0
Actor,Danny Kim,1,0,1
Actor,Vanessa Chaplot,1,0,1
Actor,Youcef Hosni,1,1,0
Actor,Nia Peeples,1,1,0
Actor,Aqi Singgih,1,1,0
Actor,Kelli Goss,1,0,1
Actor,Ebru Cündübeyoğlu,1,1,0
Actor,Devon Hales,1,0,1
Actor,Mahreen Kaleka,1,1,0
Actor,Stan Carp,1,1,0
Actor,Novie Edwards,1,0,1
Actor,Renato Quattordio,1,1,0
Actor,Kedrick Brown,1,1,0
Actor,Inderjit Grewal,1,1,0
Actor,Aman Sutdhar,1,1,0
Actor,Ankit Arora,1,0,1
Actor,Cleopatra Coleman,1,1,0
Actor,Diane Lima,1,0,1
Actor,Jasmine Akakpo,1,1,0
Actor,Royce D. Applegate,1,1,0
Actor,Maryam Kamiel Basha,1,1,0
Actor,Stephen Conroy,1,1,0
Actor,Deb Mukherjee,1,1,0
Actor,Nambitha Ben-Mazwi,1,0,1
Actor,Kyla Deaver,1,1,0
Actor,Mariel Hemingway,1,1,0
Actor,Taiga Suzuki,1,1,0
Actor,Niamh Algar,1,1,0
Actor,Saravajeet Tiwari,1,1,0
Actor,Manoranjan Das,1,1,0
Actor,Giovana Cordeiro,1,1,0
Actor,Tim DeKay,1,0,1
Actor,Vincent Scarito,1,1,0
Actor,Brett O'Gorman,1,1,0
Actor,Maya Lynne Robinson,1,0,1
Actor,Nishant Dahiya,1,1,0
Actor,Miss Li,1,1,0
Actor,Sally Phillips,1,1,0
Actor,Christopher O'Shea,1,1,0
Actor,Anas Elbaz,1,1,0
Actor,Ji-won Eun,1,0,1
Actor,Dennis Haskins,1,0,1
Actor,Antonio Leyba,1,1,0
Actor,Hernán Cattáneo,1,1,0
Actor,Hung Vo,1,1,0
Actor,Pablo Tate,1,1,0
Actor,Suman Talwar,1,1,0
Actor,Carolina Cuervo,1,0,1
Actor,Dinora Walcott,1,1,0
Actor,Tj Isa,1,1,0
Actor,Amelia Curtis,1,0,1
Actor,Zoey Siewert,1,0,1
Actor,Audra McDonald,1,0,1
Actor,Nya Cofie,1,0,1
Actor,Hans Kesting,1,0,1
Actor,Rajkumar Pitchumani,1,1,0
Actor,Justin Doran,1,1,0
Actor,Adetomiwa Edun,1,1,0
Actor,Felix Medina,1,1,0
Actor,Sarah McVie,1,0,1
Actor,Funky Tu,1,0,1
Actor,PADI Reborn,1,1,0
Actor,Achintya Bose,1,1,0
Actor,Dylan Tuomy-Wilhoit,1,0,1
Actor,Shinji Saito,1,0,1
Actor,Mehdi Meskar,1,0,1
Actor,Agnese Graziani,1,1,0
Actor,Krystle Wright,1,0,1
Actor,Mick Ignis,1,0,1
Actor,Bessie Carter,1,0,1
Actor,Shelley Calene-Black,1,0,1
Actor,Aarubala,1,1,0
Actor,Soso Rungqu,1,0,1
Actor,Anri Katsu,1,0,1
Actor,Abe Vigoda,1,1,0
Actor,Khaled Talaat,1,1,0
Actor,Marie Mottet,1,1,0
Actor,Kevin Leo,1,1,0
Actor,Sergey Sosnovskiy,1,0,1
Actor,Alexander Grant,1,0,1
Actor,John Bedford Lloyd,1,1,0
Actor,Katrina Michelle Legaspi,1,1,0
Actor,Patchanan Jiajirachote,1,0,1
Actor,Keerati Sivakuae,1,0,1
Actor,Guilherme Fontes,1,0,1
Actor,Shareefa Daanish,1,1,0
Actor,Radha Bessy,1,1,0
Actor,Maxime Pambet,1,1,0
Actor,Christian Paul,1,1,0
Actor,Moon Jung-hee,1,0,1
Actor,Niveditha Prakasam,1,0,1
Actor,Jeon So-nee,1,1,0
Actor,Anil Datt,1,1,0
Actor,Daniel Schorr,1,1,0
Actor,Tracy Gotoas,1,0,1
Actor,Ramesh Thilak,1,1,0
Actor,Felipe Calero,1,0,1
Actor,Jan Sosniok,1,1,0
Actor,Jenny Beacraft,1,0,1
Actor,Tom Canton,1,1,0
Actor,Enado Odigie,1,1,0
Actor,Sebastian Rudolph,1,0,1
Actor,Tom Stokes,1,1,0
Actor,Aude-Laurence Clermont Biver,1,1,0
Actor,Phillip Boyd,1,1,0
Actor,Jonathan Avildsen,1,1,0
Actor,Eva Verena Müller,1,0,1
Actor,George Konner,1,0,1
Actor,Niko Foster,1,1,0
Actor,Jimi the Quiff,1,1,0
Actor,Paulo Sanchez Lima,1,0,1
Actor,Armando Said,1,0,1
Actor,Salvatore Pelliccia,1,1,0
Actor,Angie Martinez,1,1,0
Actor,Yijuan Li,1,1,0
Actor,Luellem de Castro,1,0,1
Actor,Amy Maghera,1,1,0
Actor,Liu Shumin,1,0,1
Actor,Samia Asaad,1,1,0
Actor,Marcel McCalla,1,0,1
Actor,Olive Emodi,1,1,0
Actor,Sean Amsing,1,1,0
Actor,Duane Lawrence,1,1,0
Actor,Bharti Singh,1,1,0
Actor,Mike Minogue,1,1,0
Actor,Shauna Shim,1,0,1
Actor,Guillaume Cyr,1,1,0
Actor,John Alexander,1,1,0
Actor,Bruno Guéraçague,1,0,1
Actor,"Turabi ""Turbo"" Çamkıran",1,0,1
Actor,Lutfur Rahman George,1,1,0
Actor,Carol Cheng,1,0,1
Actor,Surapol Poonpiriya,1,0,1
Actor,Rafael Rojas Doria,1,1,0
Actor,Sonal Chauhan,1,1,0
Actor,Pongsathon Laiwrakoran,1,0,1
Actor,Henry Douthwaite,1,0,1
Actor,Kotaro Shiga,1,0,1
Actor,Harsh Vasisht,1,1,0
Actor,John Huston,1,1,0
Actor,Art Wolfe,1,0,1
Actor,Omar Rajeh,1,1,0
Actor,Sofian Khammes,1,1,0
Actor,Bethany Antonia,1,0,1
Actor,Kamron,1,1,0
Actor,Chia-Chia Peng,1,1,0
Actor,Emma D'Arcy,1,0,1
Actor,James Blight,1,0,1
Actor,Tony Finnegan,1,0,1
Actor,Dmitri Davidovich,1,0,1
Actor,Chukwudi Iwuji,1,1,0
Actor,Hideaki Ito,1,0,1
Actor,Jani Volanen,1,0,1
Actor,Christian Hutcherson,1,1,0
Actor,Saahil Prem,1,1,0
Actor,Emily Corcoran,1,1,0
Actor,Michael Vlamis,1,0,1
Actor,Wojciech Dolatowski,1,0,1
Actor,Cotter Smith,1,0,1
Actor,Ethan Zohn,1,0,1
Actor,Sierra Capri,1,0,1
Actor,Jen-Shuo Cheng,1,0,1
Actor,Michael Salmon,1,0,1
Actor,Yuina Kuroshima,1,0,1
Actor,Ban Ma,1,0,1
Actor,Joyce Guy,1,0,1
Actor,Amitabh Srivastava,1,1,0
Actor,Darius Amarfio-Jefferson,1,1,0
Actor,Achita Pramoj Na Ayudhya,1,1,0
Actor,Oh Eui-sik,1,0,1
Actor,Sachiko Kojima,1,1,0
Actor,Connie Ferguson,1,0,1
Actor,Sebastian Goldspink,1,0,1
Actor,Larissa Bonesi,1,1,0
Actor,Danny Morgan,1,1,0
Actor,Ahu Türkpençe,1,0,1
Actor,Nabhaan Rizwan,1,1,0
Actor,Esperanza Elipe,1,1,0
Actor,Ned Martel,1,1,0
Actor,Shekar Shukla,1,1,0
Actor,Adam Pak,1,0,1
Actor,Luke Mitchell,1,0,1
Actor,Diego Lombardi,1,0,1
Actor,Johnny Nguyen,1,1,0
Actor,Brenda Fricker,1,1,0
Actor,Naima Sundiata,1,1,0
Actor,Vanessa Pose,1,0,1
Actor,Ellay Khule,1,1,0
Actor,Jibrayl Ahmed Rajput,1,1,0
Actor,Zoe Kanters,1,1,0
Actor,Cailan Laine Punnewaert,1,0,1
Actor,Natalia Cigliuti,1,1,0
Actor,Chase Ellison,1,1,0
Actor,Gaia Weiss,1,0,1
Actor,Brandon Johnson,1,1,0
Actor,David Ames,1,1,0
Actor,Svetlana Tsimokhina,1,0,1
Actor,Kych Minemoto,1,0,1
Actor,Mohamed Yaghy,1,0,1
Actor,Dave Annable,1,0,1
Actor,Ahmad Zaki,1,1,0
Actor,Huda Al Ghanim,1,1,0
Actor,Jasmin Hamid,1,0,1
Actor,Natsumi Ishibashi,1,0,1
Actor,Kandemir Konduk,1,1,0
Actor,Jorge Pinarello,1,0,1
Actor,Juliana Velásquez,1,0,1
Actor,Jang Jin-hee,1,0,1
Actor,Shailyn Pierre-Dixon,1,0,1
Actor,Tom Paolino,1,1,0
Actor,Anagha LK,1,1,0
Actor,Brian Bloom,1,0,1
Actor,Floriana Lima,1,0,1
Actor,Anna Ruiz,1,0,1
Actor,Josiane Balasko,1,0,1
Actor,Samia Kuzmoz Bakri,1,1,0
Actor,Haruka Imou,1,1,0
Actor,Brenda Wairimu,1,1,0
Actor,Alien Huang,1,0,1
Actor,Deddy Mahendra Desta,1,1,0
Actor,Na Moon-hee,1,0,1
Actor,Kim Si-eun,1,0,1
Actor,Phyllis Logan,1,0,1
Actor,Lim Hye-young,1,0,1
Actor,Allison McAtee,1,1,0
Actor,Ilfanesh Hadera,1,0,1
Actor,Litzy,1,0,1
Actor,Nil Cardoner,1,1,0
Actor,Nono Konopka,1,1,0
Actor,Abba Ali Zaky,1,1,0
Actor,Ana Maria Orozco,1,0,1
Actor,Tom Bateman,1,0,1
Actor,Brandon Weaver,1,0,1
Actor,Emmanuel Edunjobi,1,1,0
Actor,Bassam Moughneih,1,0,1
Actor,Jiiva,1,1,0
Actor,Spencer Sutherland,1,1,0
Actor,Zhang Jungyi,1,1,0
Actor,Shane Bartle,1,0,1
Actor,Malvika Sharma,1,1,0
Actor,Petchpatchara Kitkrairaj,1,0,1
Actor,Masatoh Ibu,1,1,0
Actor,Peter Skagen,1,1,0
Actor,Pierfrancesco Poggi,1,0,1
Actor,Senen Reyes,1,1,0
Actor,Ludovica Francesconi,1,1,0
Actor,Shaleen Surtie,1,1,0
Actor,Ricardo Abarca,1,0,1
Actor,Zhao Chulun,1,0,1
Actor,Ju Wu-jae,1,0,1
Actor,Surasak Vongthai,1,1,0
Actor,John Leary,1,0,1
Actor,Rob van Vuuren,1,0,1
Actor,Katya Santos,1,1,0
Actor,Aidan Dee,1,1,0
Actor,Karen Woditsch,1,1,0
Actor,Jamil Smyth-Secka,1,0,1
Actor,François Bellefeuille,1,0,1
Actor,Heather Headley,1,0,1
Actor,Bruno Clairefond,1,0,1
Actor,Kamlesh Gill,1,1,0
Actor,Caio Horowicz,1,0,1
Actor,Alexandra Pomales,1,0,1
Actor,Bogdan Iancu,1,1,0
Actor,Izumi Inamori,1,1,0
Actor,Joelle Lu,1,0,1
Actor,Kim Young-ah,1,0,1
Actor,Ryo,1,1,0
Actor,Gökçe Özyol,1,1,0
Actor,Rio Locsin,1,1,0
Actor,Keenan Tracey,1,1,0
Actor,Jeniffer Dias,1,1,0
Actor,Sanah Kapur,1,1,0
Actor,Imran Hasnee,1,1,0
Actor,Ken Chang,1,0,1
Actor,Sönke Möhring,1,1,0
Actor,Nyla Masood,1,1,0
Actor,He Xiaofeng,1,0,1
Actor,Cara Horgan,1,0,1
Actor,Muhanad Al-Hamdi,1,0,1
Actor,Yemi Eberechi Alade,1,1,0
Actor,Robert Schupp,1,0,1
Actor,Nathalie Roy,1,0,1
Actor,Bradley Bissett,1,0,1
Actor,Hanne Hedelund,1,0,1
Actor,Teresa Rabal,1,1,0
Actor,Jeffrey Bowyer-Chapman,1,1,0
Actor,Mark Ishii,1,0,1
Actor,Frida-Lovisa Hamann,1,0,1
Actor,Viktor Axelsson,1,1,0
Actor,Héctor Segura,1,0,1
Actor,Jeong Do-won,1,0,1
Actor,Aditya Jain,1,1,0
Actor,Sukhwinder Chahal,1,1,0
Actor,Samantha Grecchi,1,0,1
Actor,Omar Rudberg,1,0,1
Actor,Jeremias Amoore,1,0,1
Actor,Katharina Schüttler,1,0,1
Actor,Sanjeev Tiwari,1,1,0
Actor,John DeSantis,1,1,0
Actor,Krishna Abhishek,1,1,0
Actor,Ben Batt,1,0,1
Actor,Masahiro Motoki,1,0,1
Actor,Tran Nghia,1,1,0
Actor,Shane Brolly,1,1,0
Actor,Audrey Pirault,1,0,1
Actor,Shikoo,1,1,0
Actor,Antonio Ortiz,1,1,0
Actor,Jack Waldouck,1,0,1
Actor,Sarathbabu,1,1,0
Actor,Jaloo,1,1,0
Actor,Juan Carlos Vellido,1,0,1
Actor,Gabriela Zamora,1,0,1
Actor,Andrés Crespo,1,0,1
Actor,Izzy Bee,1,0,1
Actor,Michelle Deco,1,1,0
Actor,Betty Gabriel,1,0,1
Actor,Laura Guzman,1,1,0
Actor,Larry Sullivan,1,0,1
Actor,Heath Freeman,1,1,0
Actor,Ana Lucia Dominguez,1,0,1
Actor,Yoo In-na,1,0,1
Actor,Becca Gardner,1,1,0
Actor,Chonlakarn Puangnoy,1,1,0
Actor,Roberto Vallejos,1,0,1
Actor,Shuri Tanaka,1,1,0
Actor,Maryam Booth,1,1,0
Actor,Kéfera Buchmann,1,0,1
Actor,Brian Anderson,1,0,1
Actor,Daniel Washington,1,1,0
Actor,Oreka Godis,1,1,0
Actor,Enzo Romani,1,0,1
Actor,Tae Hang-ho,1,0,1
Actor,Matthew Yang King,1,0,1
Actor,Khaled Kouka,1,0,1
Actor,Zheng Yawen,1,0,1
Actor,Gregory Diaz IV,1,1,0
Actor,Aybüke Pusat,1,0,1
Actor,Larry Gaaga,1,1,0
Actor,Femi Branch,1,1,0
Actor,Nemo Schiffman,1,0,1
Actor,Melanie Ebanks,1,1,0
Actor,Sara Cravens,1,1,0
Actor,Yesh Burce,1,1,0
Actor,David Chocarro,1,0,1
Actor,Lindsay Watson,1,1,0
Actor,Manish Chauhan,1,1,0
Actor,Jake Kidwell,1,1,0
Actor,Antonio Birabent,1,1,0
Actor,Durai Ramesh,1,1,0
Actor,Terri Kwan,1,0,1
Actor,Yo Aoi,1,1,0
Actor,Sam Smith,1,1,0
Actor,Luke Goss,1,1,0
Actor,Christopher Dempsey,1,1,0
Actor,Wumi Toriola,1,1,0
Actor,Lenard Vanderaa,1,0,1
Actor,Alki David,1,1,0
Actor,Brittany Perrineau,1,1,0
Actor,Han Jin-hee,1,0,1
Actor,Abella Wyss,1,1,0
Actor,Fadi Rifaai,1,1,0
Actor,Thana Srisuke,1,0,1
Actor,Parna Pethe,1,1,0
Actor,Paula Beer,1,1,0
Actor,Elaine Tan,1,0,1
Actor,Efecan Şenolsun,1,0,1
Actor,Amarjeet Amle,1,1,0
Actor,Ari Brickman,1,0,1
Actor,Iwona Bielska,1,1,0
Actor,Stuart Martin,1,0,1
Actor,Austin Swift,1,1,0
Actor,Johann Dionnet,1,1,0
Actor,Kengo Takanashi,1,0,1
Actor,Mahmood Bin Shamsan,1,1,0
Actor,Yoshinori Okada,1,0,1
Actor,Pallavi Sastry,1,1,0
Actor,María José Martínez,1,0,1
Actor,Melissa Bonne,1,1,0
Actor,Brian D Costa,1,1,0
Actor,Rashi Khanna,1,1,0
Actor,Humberto Carrão,1,1,0
Actor,Choi Ji-woo,1,0,1
Actor,Angelo Spagnoletti,1,0,1
Actor,Serkan Çayoğlu,1,0,1
Actor,Fares Landoulsi,1,0,1
Actor,Maria Sundbom,1,0,1
Actor,Arlette Torres,1,1,0
Actor,Geoff McGivern,1,1,0
Actor,Al Kooper,1,1,0
Actor,Hong So-young,1,0,1
Actor,Florence Hall,1,1,0
Actor,Johan Rockström,1,1,0
Actor,Nozomi Kameda,1,0,1
Actor,Maria Luisa De Crescenzo,1,1,0
Actor,Krystal Rodriguez,1,1,0
Actor,Konrad Żygadło,1,1,0
Actor,Nacho Gadano,1,0,1
Actor,Luisa Merelas,1,1,0
Actor,Ramiro Blas,1,0,1
Actor,Shrikant Naidu,1,1,0
Actor,Mohamad Yones,1,1,0
Actor,Nuttawut Jenmana,1,1,0
Actor,Nandita Patkar,1,1,0
Actor,Junichi Kanemaru,1,0,1
Actor,Samriddhi Shukla,1,0,1
Actor,Megan Cavanagh,1,1,0
Actor,Cardi B,1,0,1
Actor,Luis Alberto Saavedra,1,1,0
Actor,Siddharth Boro,1,1,0
Actor,Adriano Zendejas,1,0,1
Actor,Niena Baharun,1,0,1
Actor,Hánssel Casillas,1,1,0
Actor,Ismael Martínez,1,1,0
Actor,Mahal Pita,1,0,1
Actor,Mayumi Yoshida,1,0,1
Actor,Mary Jane Wells,1,1,0
Actor,Sarika Sartsilpsupa,1,1,0
Actor,Wang Si Ping,1,0,1
Actor,Abhimanyu Dassani,1,1,0
Actor,Miggy Jimenez,1,0,1
Actor,Julian Vergov,1,1,0
Actor,Andrey Gorlenko,1,1,0
Actor,Maestro Harrell,1,1,0
Actor,Seven Tan,1,1,0
Actor,Jacob Gregory,1,1,0
Actor,Leonardo Lidi,1,1,0
Actor,Giulia de Souza Merigo,1,1,0
Actor,Joana Ribeiro,1,1,0
Actor,Abigail Cruttenden,1,1,0
Actor,Anton Shagin,1,1,0
Actor,Ajinkya Bhosale,1,1,0
Actor,Nancy Fish,1,1,0
Actor,Khushboo Atre,1,1,0
Actor,Paulo Tiefenthaler,1,0,1
Actor,Maria Muldaur,1,1,0
Actor,Marina San José,1,0,1
Actor,Chloe Chaidez,1,0,1
Actor,Bernd Siefert,1,0,1
Actor,Steve Hicks,1,1,0
Actor,Nigel Coppen,1,1,0
Actor,Sarah Lynn Strange,1,0,1
Actor,Monique Moses,1,0,1
Actor,Lidia Nené,1,1,0
Actor,George Blagden,1,0,1
Actor,Kim Hye-eun,1,0,1
Actor,Detlev Buck,1,1,0
Actor,Nil Günal,1,1,0
Actor,Zeynep Oral,1,1,0
Actor,Ke Huy Quan,1,1,0
Actor,Casper Uncal,1,0,1
Actor,Joaquin Cosio,1,0,1
Actor,Yoko Young,1,1,0
Actor,Burjor Patel,1,1,0
Actor,Trevor Gretzky,1,1,0
Actor,Simon Paisley-day,1,1,0
Actor,Xenia França,1,0,1
Actor,DJ Premier,1,1,0
Actor,Paulina Chapko,1,0,1
Actor,Mark Kandborg,1,1,0
Actor,Reshad Strik,1,0,1
Actor,Anthony Ippolito,1,0,1
Actor,Luis Larrodera,1,0,1
Actor,Didem İnselel,1,0,1
Actor,Ronald Cheng,1,1,0
Actor,Khairiah Abulaban,1,0,1
Actor,Eleonore Weisgerber,1,1,0
Actor,Mohamed Makhtoumi,1,1,0
Actor,Róbert Bolla,1,1,0
Actor,Anelis Assumpção,1,0,1
Actor,Josh Heuston,1,0,1
Actor,Toby Lee,1,1,0
Actor,Jeremy Holm,1,1,0
Actor,Ala' Hanani,1,1,0
Actor,Kyan Khojandi,1,1,0
Actor,Etinosa Idemudia,1,1,0
Actor,Abraham Lim,1,0,1
Actor,Adhitya Alkatiri,1,1,0
Actor,Ras Kass,1,1,0
Actor,Damian Maffei,1,1,0
Actor,Jefri Nichol,1,1,0
Actor,Yuri Fujiwara,1,0,1
Actor,Josh Paddock,1,1,0
Actor,Sam Concepcion,1,1,0
Actor,Mari Mashiba,1,0,1
Actor,Andria Tayeh,1,0,1
Actor,Angellie Saño,1,1,0
Actor,Bassima Hamada,1,0,1
Actor,Iñigo Azpitarte,1,1,0
Actor,Kshama Santosh Rai,1,1,0
Actor,Alonzo Muhlach,1,1,0
Actor,Spencer Neville,1,1,0
Actor,Miori Ohkubo,1,0,1
Actor,Daniela Estrada,1,0,1
Actor,Furkan Bayraktar,1,1,0
Actor,Yang Hye-ji,1,0,1
Actor,Igor Kujawski,1,1,0
Actor,Anumegha Banerjee,1,1,0
Actor,Damian Alexander D'Souza,1,1,0
Actor,Michael Shaowanasai,1,0,1
Actor,Lai Yumeng,1,0,1
Actor,Safira Ratu,1,1,0
Actor,Peter Lohmeyer,1,1,0
Actor,Gopal Dutt Tiwari,1,0,1
Actor,Tan Quan,1,0,1
Actor,Kapil Jhaveri,1,1,0
Actor,Rosa Blasi,1,0,1
Actor,Stephanie Sy,1,1,0
Actor,Jean-Luc Bideau,1,0,1
Actor,Vicente Vergara,1,1,0
Actor,Vitthal Kale,1,1,0
Actor,Angel Funto Johnson,1,0,1
Actor,Phillipa Soo,1,1,0
Actor,Shima Anuar,1,0,1
Actor,Diego Camargo,1,0,1
Actor,Juan Luis Orendain,1,0,1
Actor,Tariq Almuhairi,1,1,0
Actor,Reggie Carter,1,1,0
Actor,Luis Aguirre,1,1,0
Actor,Manoj Kumar Pramanik,1,1,0
Actor,Bhushan Vikas,1,1,0
Actor,Angad Mhaskar,1,1,0
Actor,Caress Bashar,1,1,0
Actor,Alex Carroll,1,1,0
Actor,Nikita Willy,1,1,0
Actor,Robert Krantz,1,1,0
Actor,Patrick O'Neal,1,1,0
Actor,Zaid Zoubi,1,0,1
Actor,Eunice Lin,1,1,0
Actor,Dominic Lam,1,1,0
Actor,Valérie Damidot,1,0,1
Actor,Giselle Boueiz,1,1,0
Actor,Amadeus Serafini,1,0,1
Actor,Amy Birnbaum,1,0,1
Actor,Wendy Craig,1,0,1
Actor,Lee Kyoo-hyung,1,0,1
Actor,Lily D. Moore,1,0,1
Actor,Vincent Vermignon,1,1,0
Actor,Spike Lee,1,1,0
Actor,Samin Nosrat,1,0,1
Actor,Simran Choudhary,1,1,0
Actor,Jung Kyung-ho,1,0,1
Actor,Jiang Luxia,1,1,0
Actor,Nikola Stojanovic,1,1,0
Actor,Paul Eilers,1,1,0
Actor,Hache-P,1,1,0
Actor,Vaneza Oliveira,1,0,1
Actor,Tarana Marwah,1,1,0
Actor,Tomiwa Kukoyi,1,1,0
Actor,Oakley Bull,1,1,0
Actor,Lee Hyo-chun,1,0,1
Actor,Jason Done,1,0,1
Actor,Shweta Mehendale,1,1,0
Actor,Lekhraj Thakur,1,1,0
Actor,Soni Bringas,1,0,1
Actor,Juan Valdivia,1,1,0
Actor,Deepak Subramanya,1,1,0
Actor,Jon Galanis,1,1,0
Actor,Russ Walko,1,0,1
Actor,Rubén Yuste,1,1,0
Actor,Pedro Caetano,1,0,1
Actor,Phillip Rhee,1,1,0
Actor,Divya Palat,1,1,0
Actor,Vanessa Aleksander,1,1,0
Actor,Kristina Ho,1,0,1
Actor,Rodrigo Romero,1,1,0
Actor,Martin Anugrah,1,1,0
Actor,Magdyel Ugaz,1,1,0
Actor,Karis Paige Bryant,1,1,0
Actor,Mohamed Shahin,1,1,0
Actor,Adam Andrianopolous,1,0,1
Actor,Amy Jo Johnson,1,0,1
Actor,Lee Su-kyoung,1,0,1
Actor,Amparo Noguera,1,1,0
Actor,Jaren Lewison,1,0,1
Actor,Griffin Robert Faulkner,1,1,0
Actor,Vivienne Tseng,1,1,0
Actor,Dawn Thandeka Kang,1,1,0
Actor,Yoshimasa Kondo,1,1,0
Actor,Martin Trudel,1,1,0
Actor,Teniola Aladese,1,1,0
Actor,Chen Shu-fang,1,1,0
Actor,Ulises Soto,1,0,1
Actor,Irina Ivkina,1,1,0
Actor,Fırat Tanış,1,1,0
Actor,Joe Diaz,1,1,0
Actor,Anmol Limbu,1,1,0
Actor,Sandershika Tamang,1,1,0
Actor,Debby Felix,1,0,1
Actor,Rinkle Chopde,1,1,0
Actor,Zachary Booth,1,0,1
Actor,Hayley Scherpenisse,1,1,0
Actor,Johnnas Oliva,1,0,1
Actor,Kikín Fernández,1,1,0
Actor,Markus Krojer,1,0,1
Actor,Juan Carlos Viana Prieto,1,1,0
Actor,Graciela Tenenbaum,1,0,1
Actor,B.B. Verma,1,1,0
Actor,Kim Guk-hee,1,1,0
Actor,Tasha & Tracie Okereke,1,0,1
Actor,Nasir Bilal Khan,1,1,0
Actor,Mollee Gray,1,1,0
Actor,Zion Moreno,1,0,1
Actor,Pearle Maaney,1,1,0
Actor,Eric Schweig,1,1,0
Actor,Silvio Muccino,1,1,0
Actor,Nutnicha Lueanganankhun,1,0,1
Actor,TK Sebothoma,1,0,1
Actor,Ariel Staltari,1,0,1
Actor,Mutabaruka,1,1,0
Actor,Roda Fawaz,1,0,1
Actor,Natalia Belitski,1,0,1
Actor,Ethan Herisse,1,0,1
Actor,Charles Baudin,1,1,0
Actor,Celeste Barber,1,0,1
Actor,Chris McGarry,1,1,0
Actor,Neil Gaiman,1,1,0
Actor,Yi Sha,1,0,1
Actor,Richard David-Caine,1,0,1
Actor,Krutika Bolaki,1,1,0
Actor,Dominic Deutscher,1,0,1
Actor,Ilenia Antonini,1,0,1
Actor,Hidekazu Mashima,1,0,1
Actor,Matilda Lawler,1,1,0
Actor,Arelí González,1,0,1
Actor,Nicholas Logan,1,1,0
Actor,Subba Rao Vepada,1,1,0
Actor,Jenelle Evans,1,0,1
Actor,Güven Hokna,1,1,0
Actor,Dozie Onyiriuka,1,1,0
Actor,Lincoln Palomeque,1,0,1
Actor,Ervin Bejleri,1,1,0
Actor,Jimit Trivedi,1,1,0
Actor,Isabel Schosnig,1,0,1
Actor,Erin Sanders,1,0,1
Actor,Myfanwy Waring,1,1,0
Actor,Demetrius Shipp Jr.,1,1,0
Actor,Shafin Karim,1,1,0
Actor,Rona-Lee Shim'on,1,0,1
Actor,Jessica Serfaty,1,1,0
Actor,Necro,1,1,0
Actor,Manny Mahen,1,1,0
Actor,Ahmed Benaissa,1,1,0
Actor,Lil Baby,1,1,0
Actor,Jenna von Oÿ,1,0,1
Actor,Ross Breen,1,0,1
Actor,Martín Rocco,1,1,0
Actor,Sara Derzawy,1,1,0
Actor,Antony,1,1,0
Actor,Amit Rahav,1,0,1
Actor,Yang Dong-geun,1,0,1
Actor,Nicole Lyn,1,1,0
Actor,Charmaine Mujeri,1,1,0
Actor,Marisa Brown,1,1,0
Actor,Prabhu Lakshman,1,1,0
Actor,Kang Seung-hyeon,1,0,1
Actor,Lee Jong-nam,1,0,1
Actor,Bahle Mashinini,1,1,0
Actor,Ida Engvoll,1,0,1
Actor,Li Ma,1,0,1
Actor,John Anderson,1,1,0
Actor,Charli XCX,1,0,1
Actor,Matt Lauria,1,0,1
Actor,Giovanna Ewbank,1,0,1
Actor,Su Li-hsin,1,0,1
Actor,Valerie Bertinelli,1,1,0
Actor,Prem Kathir,1,1,0
Actor,Chai Romruen,1,0,1
Actor,Lee David,1,0,1
Actor,Pranav Vaidya,1,1,0
Actor,Suave,1,1,0
Actor,Dayanand Reddy,1,0,1
Actor,Hanane Hajj Ali,1,1,0
Actor,Wu Shuangyi,1,0,1
Actor,Atul Khatri,1,0,1
Actor,Chen Chien-chou,1,0,1
Actor,Monica Bârlădeanu,1,1,0
Actor,Idris Sultan,1,1,0
Actor,Ray Lui,1,1,0
Actor,Georgina Cates,1,1,0
Actor,Jordan Black,1,1,0
Actor,Russell Dykstra,1,0,1
Actor,Liz DaSilva,1,1,0
Actor,Karim Hajee,1,1,0
Actor,Roland Manookian,1,1,0
Actor,Myrna Velasco,1,0,1
Actor,Karla Estrada,1,1,0
Actor,Tricia Helfer,1,0,1
Actor,Tawheda Begum,1,1,0
Actor,Rhys Gannon,1,0,1
Actor,Marta Belmonte,1,0,1
Actor,Zoe Elora Ebai Mayohchu,1,1,0
Actor,Navia Ziraili Robinson,1,0,1
Actor,Zainab Johnson,1,0,1
Actor,Alberto San Juan,1,1,0
Actor,Simi Raheal,1,1,0
Actor,Janella Salvador,1,1,0
Actor,Esther Coles,1,0,1
Actor,Julia Möller,1,0,1
Actor,Nathan Moore,1,1,0
Actor,Kim Hyo-jin,1,0,1
Actor,Aarya DharmChand Kumar,1,0,1
Actor,John Marshall Jones,1,1,0
Actor,Carl Lumbly,1,1,0
Actor,Addison Holley,1,0,1
Actor,Nathan Connolly,1,1,0
Actor,Lee Hwang-eui,1,0,1
Actor,Anarkali Marikar,1,1,0
Actor,Sakura Ando,1,0,1
Actor,Tachakorn Boonlupyanun,1,0,1
Actor,Morgana Robinson,1,0,1
Actor,Jack Murdock,1,1,0
Actor,Jack Doolan,1,0,1
Actor,Yamini Singh,1,1,0
Actor,Hayato Ichihara,1,1,0
Actor,Roshini,1,1,0
Actor,Masami Kosaka,1,0,1
Actor,Agnieszka Grochowska,1,0,1
Actor,Jamie Carter,1,0,1
Actor,Lukram Smil,1,1,0
Actor,Laurence Rupp,1,0,1
Actor,Coco Grayson,1,0,1
Actor,Agnes Wang,1,0,1
Actor,David Eagleman,1,1,0
Actor,Austin Enabulele,1,1,0
Actor,Khusboo,1,1,0
Actor,Ayo Ewebiyi,1,0,1
Actor,John Holland,1,1,0
Actor,Denny Huang,1,0,1
Actor,Rotimi Salami,1,1,0
Actor,Malaika Wakoli-Abigaba,1,1,0
Actor,Mohamed Morshed,1,1,0
Actor,Mayu Udono,1,0,1
Actor,Tess Meyer,1,0,1
Actor,Michael De Mesa,1,1,0
Actor,Veronica Falcón,1,0,1
Actor,Dhumal,1,1,0
Actor,Cecilia Freire,1,0,1
Actor,Sasha Rosoff,1,1,0
Actor,Toby Truslove,1,0,1
Actor,Amaka Mgbor,1,1,0
Actor,Brian Angels,1,1,0
Actor,Pierre-Alain de Garrigues,1,0,1
Actor,Park Hye-su,1,0,1
Actor,Rajisha Vijayan,1,1,0
Actor,Giulio Lopes,1,0,1
Actor,Reina Hardesty,1,0,1
Actor,Sven De Ridder,1,1,0
Actor,Arman Saribekyan,1,1,0
Actor,Jacob Grodnik,1,1,0
Actor,Steve Oram,1,0,1
Actor,Alex Lam,1,1,0
Actor,Edgar Costas,1,1,0
Actor,Nazim Sharawy,1,1,0
Actor,Casey Cott,1,0,1
Actor,Jae-myung Yoo,1,0,1
Actor,Kimberly Chia,1,1,0
Actor,Krit Jeerapattananuwong,1,1,0
Actor,Nabila Bounad,1,1,0
Actor,Gabriela Toscano,1,1,0
Actor,Uğur Demirpehlivan,1,1,0
Actor,Shosei Oda,1,1,0
Actor,Thanya López,1,0,1
Actor,Teresa Loyzaga,1,1,0
Actor,Nicky Andersen,1,0,1
Actor,Hirofumi Arai,1,0,1
Actor,Cody Kearsley,1,0,1
Actor,T.J. Atoms,1,1,0
Actor,Jasmine Kaur,1,1,0
Actor,Cheung Tat-ming,1,1,0
Actor,Varun Khettry,1,1,0
Actor,Dave Pender,1,0,1
Actor,Bjørnar Teigen,1,0,1
Actor,Mawin Taweephol,1,0,1
Actor,Werner Schünemann,1,0,1
Actor,Shaanthala,1,1,0
Actor,Kim Sung-gon,1,0,1
Actor,Pallas Prajapati,1,1,0
Actor,Amy Sturdivant,1,1,0
Actor,Gong Jun,1,0,1
Actor,Aneesha Shah,1,1,0
Actor,Bada Oh Deniz,1,1,0
Actor,Tori Osborn,1,1,0
Actor,Yasser Al Zankalouni,1,1,0
Actor,Nanna Blondell,1,1,0
Actor,Yun Ji-on,1,0,1
Actor,Dr. Dean Ornish,1,1,0
Actor,Yuya Matsuura,1,0,1
Actor,Dilip Joglekar,1,1,0
Actor,Patrick Médioni,1,1,0
Actor,Sunnie Wang,1,0,1
Actor,Thierry Jahn,1,1,0
Actor,Spencer Rothbell,1,0,1
Actor,Jaffar Bambirra,1,1,0
Actor,Tatsuya Kageyama,1,1,0
Actor,M.L. Kwantip Devakula,1,0,1
Actor,Fred Thompson,1,1,0
Actor,Ali Al-Husseini,1,0,1
Actor,Kerri Medders,1,0,1
Actor,Ralph Waite,1,1,0
Actor,Lee Hee-jun,1,1,0
Actor,Kevin Alves,1,0,1
Actor,Kubilay Aka,1,0,1
Actor,Ida Husøy,1,1,0
Actor,Nicole Richie,1,0,1
Actor,Zhang Xiaolong,1,1,0
Actor,Wayne Huang,1,0,1
Actor,Iva Pazderková,1,1,0
Actor,Tim Aslam,1,1,0
Actor,Dana Horrox,1,1,0
Actor,Claes Bang,1,0,1
Actor,Anthony Bolognese,1,1,0
Actor,Sukant Goel,1,1,0
Actor,Indira Nascimento,1,1,0
Actor,Isabel May,1,0,1
Actor,Bhavkhandan Singh Rakhra,1,1,0
Actor,Katlego Danke,1,1,0
Actor,Oriah Elgrabli,1,1,0
Actor,Blackpink,1,1,0
Actor,Jim Klock,1,1,0
Actor,Pham Dinh Thai Ngan,1,1,0
Actor,Woodrow Parfrey,1,1,0
Actor,Janelle Sing,1,1,0
Actor,Olga Lomonosova,1,0,1
Actor,Sneha Ravishankar,1,1,0
Actor,Naga Vishal,1,1,0
Actor,Marie-Line Landerwyn,1,0,1
Actor,Brendon Mcdonnell,1,1,0
Actor,Hikaru Yuki,1,0,1
Actor,Elmar Wepper,1,1,0
Actor,Alicia Ann Edogamhe,1,0,1
Actor,Kourtney Kardashian,1,1,0
Actor,Maram Balochi,1,0,1
Actor,Qianyuan Wang,1,1,0
Actor,Toru Takizawa,1,0,1
Actor,Shuaibu Ebenesi Adams,1,1,0
Actor,Shankar Thas,1,1,0
Actor,"Charles  ""Charly Boy"" Oputa",1,0,1
Actor,Peter Gray Lewis,1,1,0
Actor,Fatmah Adel,1,1,0
Actor,Lee Su-geun,1,1,0
Actor,Guna Babu,1,1,0
Actor,Breno Viola,1,1,0
Actor,Tim Conway,1,1,0
Actor,Gabriel Santana,1,0,1
Actor,Toru Nara,1,0,1
Actor,Mijo Jurišić,1,0,1
Actor,Rodger Corser,1,0,1
Actor,Helena Zengel,1,1,0
Actor,Jennifer Welts,1,0,1
Actor,Rob Machado,1,1,0
Actor,Dominiquie Vandenberg,1,1,0
Actor,Paul Mooney,1,1,0
Actor,Mylène Jampanoï,1,1,0
Actor,Alex Estevez,1,0,1
Actor,Fify Azmi,1,1,0
Actor,Shawn Fitzgibbon,1,1,0
Actor,Rianti Cartwright,1,1,0
Actor,Yoo Ji-tae,1,1,0
Actor,Erlinda Villalobos,1,1,0
Actor,Jacob Craner,1,1,0
Actor,Artemiy Spiridonov,1,1,0
Actor,Kwok Jing-hung,1,1,0
Actor,Cemal Farukh,1,1,0
Actor,Angelo Restaino,1,1,0
Actor,Lance Chantiles-Wertz,1,1,0
Actor,Anita Linda,1,1,0
Actor,Rose Siggins,1,0,1
Actor,Kazuo Hayashi,1,0,1
Actor,Carmen Ferland,1,1,0
Actor,Hengky Solaiman,1,1,0
Actor,Dhu Moraes,1,1,0
Actor,Bobby Samuel,1,1,0
Actor,Ankit Raaj,1,1,0
Actor,Gwynyth Walsh,1,0,1
Actor,Toru Kazama,1,0,1
Actor,Megan Mullally,1,1,0
Actor,Nick Reding,1,1,0
Actor,Kesava Karri,1,1,0
Actor,Robert Crayton,1,1,0
Actor,Christian Valderrama,1,1,0
Actor,Koo Ja-sung,1,0,1
Actor,Laaibah Alvi,1,0,1
Actor,Esther Liu,1,0,1
Actor,Jinyoung,1,0,1
Actor,Fenessa Pineda,1,1,0
Actor,Vivian Wu,1,0,1
Actor,Oriana Schrage,1,1,0
Actor,Yoel Weisshaus,1,1,0
Actor,Corrado Invernizzi,1,1,0
Actor,Claudio Martínez Bel,1,1,0
Actor,Kang Kang,1,0,1
Actor,Flora Ndula Obassi,1,1,0
Actor,Mekaila Mathys,1,0,1
Actor,Teresita Evuy,1,1,0
Actor,Yeon Woo-jin,1,0,1
Actor,Miranda Pointer,1,0,1
Actor,Aron Warner,1,0,1
Actor,Liniker,1,0,1
Actor,Donna Maldonado,1,1,0
Actor,Ayoola Ayolola,1,1,0
Actor,Jordana Largy,1,1,0
Actor,Richard Zeman,1,1,0
Actor,Gabriel Lima,1,1,0
Actor,Chelsea Field,1,1,0
Actor,Marie-Evelyne Lessard,1,1,0
Actor,Raja Krishnamoorthy,1,1,0
Actor,Rebecca Banatvala,1,0,1
Actor,Fafá de Belém,1,1,0
Actor,Kenji Yamauchi,1,1,0
Actor,Salli Richardson-Whitfield,1,1,0
Actor,Ali Al Shehhi,1,1,0
Actor,Damien Echols,1,0,1
Actor,Kunto Aji,1,1,0
Actor,Anthony Mendez,1,0,1
Actor,Ricard Lawrence,1,0,1
Actor,Camille Chalons,1,0,1
Actor,Haripriya,1,1,0
Actor,Wang Ziwen,1,1,0
Actor,June Tsai,1,0,1
Actor,Joyce Jameson,1,1,0
Actor,Stacey Oristano,1,0,1
Actor,Alberto Velasco,1,0,1
Actor,Banjo Ginga,1,0,1
Actor,Dairon Tallon,1,1,0
Actor,Lars Brygmann,1,0,1
Actor,Stéphane Pitti,1,0,1
Actor,Saanve Megghana,1,0,1
Actor,Krzysztof Czeczot,1,1,0
Actor,Yoshiyuki Morishita,1,0,1
Actor,Lily Rose Silver,1,0,1
Actor,María Guinea,1,0,1
Actor,Elena Solovieva,1,0,1
Actor,Raoul Trujillo,1,1,0
Actor,Emma Spetalen Magnusson,1,0,1
Actor,Ricardo Nkosi,1,1,0
Actor,Meryll Soriano,1,1,0
Actor,Park Se-wan,1,0,1
Actor,Frederikke Dahl Hansen,1,1,0
Actor,Mattias Nordkvist,1,1,0
Actor,Mireia Portas,1,1,0
Actor,Joko Winterscheidt,1,0,1
Actor,Susan Africa,1,1,0
Actor,Cajetan Boy,1,1,0
Actor,Mathew Thomas,1,1,0
Actor,Ivar Kants,1,0,1
Actor,Yasirah Bhelz,1,1,0
Actor,Phattharanarin Mueanarit,1,0,1
Actor,Kaseran Pillay,1,1,0
Actor,Emir Benderlioğlu,1,0,1
Actor,Michael Richards,1,1,0
Actor,Wan Hanafi Su,1,1,0
Actor,Tendai Nguni,1,1,0
Actor,Eniola Badmus,1,1,0
Actor,Patrick Johnson,1,1,0
Actor,Darragh Gargan,1,0,1
Actor,Amit Kumar,1,0,1
Actor,Zhou Ye,1,0,1
Actor,Trevor Goddard,1,1,0
Actor,Jay Sean,1,1,0
Actor,Hajra Romessa,1,1,0
Actor,Madeleine Madden,1,0,1
Actor,Ployshompoo Supasap,1,0,1
Actor,Valentina Bellè,1,1,0
Actor,Mickey Odey,1,0,1
Actor,William Spetz,1,0,1
Actor,Tasuku Hatanaka,1,0,1
Actor,Sam Swainsbury,1,1,0
Actor,Marika Kono,1,0,1
Actor,Joonas Saartamo,1,1,0
Actor,Catherine Tresa,1,1,0
Actor,Gia Scala,1,1,0
Actor,Cedrick Juan,1,1,0
Actor,Rachel Leskovac,1,0,1
Actor,Diamand Bou Abboud,1,1,0
Actor,Ted Grossman,1,1,0
Actor,Søren Spanning,1,0,1
Actor,Ginger Minj,1,1,0
Actor,Jonna Walsh,1,1,0
Actor,Amanda Palmer,1,1,0
Actor,Émilie Bierre,1,1,0
Actor,Kiyohiko Shibukawa,1,1,0
Actor,Hassan Abdel Hamid,1,1,0
Actor,Nadin Amizah,1,1,0
Actor,Dennis Jaffee,1,1,0
Actor,Emily Swallow,1,0,1
Actor,Christine Choueiri,1,1,0
Actor,Antonia Fotaras,1,0,1
Actor,Rez Cortez,1,1,0
Actor,Laurel Emory,1,0,1
Actor,Jessica Raine,1,0,1
Actor,Nisa Sofiya Aksongur,1,1,0
Actor,John Bennett Perry,1,1,0
Actor,Elsie Bennett,1,0,1
Actor,Kwon Han-sol,1,1,0
Actor,Caner Özyurtlu,1,1,0
Actor,Craig Urbani,1,1,0
Actor,Suphachai Subprasert,1,1,0
Actor,Keerthi Suresh,1,1,0
Actor,Lee Hong-chi,1,1,0
Actor,Jérémy Gillet,1,0,1
Actor,César Mateo,1,0,1
Actor,Nithyasri Goru,1,1,0
Actor,Sharon Hsu,1,0,1
Actor,Branford Marsalis,1,1,0
Actor,Jesús Herrera,1,0,1
Actor,Vlastra Vrana,1,1,0
Actor,Alexander Koch,1,1,0
Actor,Babak Ghassim,1,1,0
Actor,Hugh Masekela,1,1,0
Actor,Tamera Mowry-Housley,1,0,1
Actor,Jon Allen,1,0,1
Actor,Carsten Bjørnlund,1,0,1
Actor,Hisham Tawfiq,1,0,1
Actor,Tamer Hassan,1,1,0
Actor,Enrique Carriazo,1,0,1
Actor,Paul Connolly,1,0,1
Actor,Josh Thomson,1,0,1
Actor,Mirosław Kropielnicki,1,0,1
Actor,Kakai Bautista,1,1,0
Actor,Dominique Tipper,1,1,0
Actor,Raj Labade,1,1,0
Actor,Tanawat Cheawaram,1,0,1
Actor,Thongkanthom Thongchai,1,1,0
Actor,Yim Si-wan,1,0,1
Actor,Duane Williams,1,0,1
Actor,John Bach,1,0,1
Actor,Rajo Zakic,1,0,1
Actor,Santino Fontana,1,0,1
Actor,Öykü Çelik,1,1,0
Actor,Katharina Schütz,1,1,0
Actor,Patrick Gilmore,1,0,1
Actor,Iza Calzado,1,1,0
Actor,Ava DeMary,1,0,1
Actor,Pavun Shetty,1,0,1
Actor,Jil Devresse,1,0,1
Actor,Isa Montalbán,1,1,0
Actor,Stuti Dwivedi,1,1,0
Actor,Asami Sanada,1,1,0
Actor,Barbara Gouskos,1,0,1
Actor,Theo Tagand,1,1,0
Actor,Lee Tae-seon,1,0,1
Actor,Heather Mazur,1,1,0
Actor,Giorgio Marchesi,1,0,1
Actor,Bashar Abd Alah,1,1,0
Actor,Wardeh Jubran,1,1,0
Actor,Marc Andréoni,1,1,0
Actor,Irati Saez de Urabain,1,1,0
Actor,Pasqualina Scuncia,1,1,0
Actor,Jas Leverette,1,0,1
Actor,Humaima Malik,1,1,0
Actor,Carmina Villarroel,1,1,0
Actor,Jeon Kook-hwan,1,0,1
Actor,Kim Dae-myung,1,1,0
Actor,Franco Masini,1,1,0
Actor,Onyok Pineda,1,1,0
Actor,Jason Kravits,1,0,1
Actor,Filippo Timi,1,1,0
Actor,Simja Dujov,1,1,0
Actor,Florence Hunt,1,0,1
Actor,Gabriel Casanova,1,1,0
Actor,Andi Viola,1,1,0
Actor,Bob van der Palen,1,1,0
Actor,Cibi Bhuvana Chandran,1,1,0
Actor,Ryan Belleville,1,0,1
Actor,Lauren Hammersley,1,0,1
Actor,Walter Matthau,1,1,0
Actor,Shih Ming-shuai,1,1,0
Actor,Umur Bugay,1,1,0
Actor,vivienne Rutherford,1,1,0
Actor,Mega Carefansa,1,1,0
Actor,Shawqi Shamekh,1,1,0
Actor,Thuy Trang,1,0,1
Actor,Lola Flanery,1,1,0
Actor,Tomasz Włosok,1,0,1
Actor,Rag Mayur,1,1,0
Actor,Gurnam Bhullar,1,1,0
Actor,Keone Young,1,0,1
Actor,Shareena Clanton,1,0,1
Actor,Miguel Amorim,1,0,1
Actor,Ruth McCabe,1,1,0
Actor,Chasten Harmon,1,0,1
Actor,Obi Okolie,1,0,1
Actor,Kieron Dyer,1,1,0
Actor,Ahmed El Mohammdi,1,1,0
Actor,Scott Baio,1,1,0
Actor,Diesel La Torraca,1,0,1
Actor,Kitu Gidwani,1,1,0
Actor,Kim Jang,1,0,1
Actor,Mala Mukherjee,1,1,0
Actor,Yu Bai,1,1,0
Actor,Vector,1,1,0
Actor,Sebastián Silva,1,0,1
Actor,Julian Stamboulieh,1,1,0
Actor,Huang Bo,1,1,0
Actor,Cristina Pucelli,1,1,0
Actor,Quincy Brown,1,1,0
Actor,Alex Moore,1,1,0
Actor,Chen Zihan,1,0,1
Actor,Ashley Roberts,1,1,0
Actor,Deirdre Lovejoy,1,1,0
Actor,Karla Melo,1,0,1
Actor,William Lodder,1,1,0
Actor,Yusaku Yara,1,0,1
Actor,Paul Haapaniemi,1,0,1
Actor,Brendon Sunderland,1,0,1
Actor,Xavier Cervantes,1,1,0
Actor,Mahesh Jugal Kishor,1,1,0
Actor,Kristopher Wente,1,1,0
Actor,Dan Stulbach,1,1,0
Actor,Hilary Duff,1,1,0
Actor,Kolton Stewart,1,0,1
Actor,Kami Desilets,1,0,1
Actor,Peter Jacobson,1,0,1
Actor,Chetan Dalvi,1,1,0
Actor,Albert Pérez,1,1,0
Actor,Antoine Reinartz,1,1,0
Actor,Jin Song,1,0,1
Actor,Yalany Marschner,1,1,0
Actor,Jeremy Fitzgerald,1,1,0
Actor,Grigoriy Dobrygin,1,1,0
Actor,Vincy Aloshious,1,1,0
Actor,Omkar Kapoor,1,1,0
Actor,Kenn Michael,1,1,0
Actor,Nabiha Akkari,1,0,1
Actor,Juanjo Almeida,1,0,1
Actor,Gina McKee,1,1,0
Actor,Julia Bicknell,1,0,1
Actor,Dana Jabr,1,1,0
Actor,Anusmiritu Sarkar,1,1,0
Actor,Louisa Harland,1,0,1
Actor,Joshua Cody,1,1,0
Actor,Marina Kaletskaya,1,0,1
Actor,Cristina Donadio,1,1,0
Actor,Alli Neumann,1,1,0
Actor,Emmanuel Morales,1,0,1
Actor,Cyli Khare,1,1,0
Actor,Josh Murray,1,1,0
Actor,Michaela McAllister,1,1,0
Actor,Park Sun-ho,1,0,1
Actor,Rachelle Gillis,1,1,0
Actor,Hilliary Begley,1,1,0
Actor,Melissa Tang,1,0,1
Actor,Jake Manley,1,0,1
Actor,Lilian Regina,1,0,1
Actor,Lannick Gautry,1,1,0
Actor,Saga Alyasery,1,1,0
Actor,Yu Serizawa,1,0,1
Actor,Jerry O'Hara,1,1,0
Actor,João Miguel,1,0,1
Actor,Leeratanakajorn Thanapob,1,0,1
Actor,Jeff Michalski,1,1,0
Actor,Patrik Baboumian,1,1,0
Actor,Luke Brooks,1,1,0
Actor,Paty Blanco,1,0,1
Actor,Susan Blackwell,1,1,0
Actor,Lowrey Brown,1,1,0
Actor,Oliver Peck,1,0,1
Actor,Mahiro Takasugi,1,0,1
Actor,Hemant Dhome,1,1,0
Actor,Aissatou Diop,1,0,1
Actor,Archita Sharma,1,1,0
Actor,Jennifer James,1,0,1
Actor,Antonio Bell,1,1,0
Actor,Sonal Joshi,1,1,0
Actor,Rabbit Chen,1,0,1
Actor,Jade Tailor,1,0,1
Actor,Kim Jung-hyun,1,0,1
Actor,Blu Hunt,1,0,1
Actor,Majed Geagea,1,1,0
Actor,Nada Alshehry,1,1,0
Actor,Angela Okorie,1,1,0
Actor,Roman Gancarczyk,1,0,1
Actor,Jacob Matschenz,1,0,1
Actor,José Pedro Bujaruz,1,1,0
Actor,Edie Martin,1,1,0
Actor,Gong Li,1,1,0
Actor,Maged El-Masri,1,1,0
Actor,Mpho Koaho,1,1,0
Actor,Heather Litteer,1,1,0
Actor,Moustafa Haridy,1,1,0
Actor,Michael Champion,1,1,0
Actor,Hemky Madera,1,0,1
Actor,Marvin 'Krondon' Jones III,1,0,1
Actor,Daniel Muñoz,1,1,0
Actor,Blake Griffin,1,1,0
Actor,Jason Pennycooke,1,1,0
Actor,Damian Hardung,1,0,1
Actor,Tyler Barish,1,0,1
Actor,Marvin Dubart,1,0,1
Actor,Dave Navarro,1,0,1
Actor,Regina Lamm,1,1,0
Actor,Kate Alejandrino,1,1,0
Actor,Noelia Marzol,1,0,1
Actor,Carol Aebersold,1,1,0
Actor,Yu Bin,1,0,1
Actor,Austin Hébert,1,0,1
Actor,Liza  Treyger,1,0,1
Actor,Silvia Gallerano,1,1,0
Actor,Steven Silver,1,0,1
Actor,Fernanda Vasconcellos,1,0,1
Actor,Barbro Svensson,1,0,1
Actor,Lee Si-won,1,0,1
Actor,Gaetano Aronica,1,0,1
Actor,Tomo Muranaka,1,0,1
Actor,Ryan O'Flanagan,1,1,0
Actor,Jessica Kate Meyer,1,1,0
Actor,Jessica-Jane Stafford,1,1,0
Actor,Mark Steger,1,1,0
Actor,Sophie Grace,1,0,1
Actor,Boaz Konforty,1,0,1
Actor,Angel Luis Rivera Jr.,1,1,0
Actor,Shadi Mar'i,1,0,1
Actor,Bongani Dlamin,1,1,0
Actor,Safia Hanifah,1,0,1
Actor,Karen Robinson,1,1,0
Actor,Nabil Ismaïl,1,1,0
Actor,Noah Ringer,1,1,0
Actor,Amir El-Masry,1,0,1
Actor,Bobcat Goldthwait,1,0,1
Actor,Bosskey,1,1,0
Actor,Camren Bicondova,1,0,1
Actor,Isabel Aimé Gonzalez Sola,1,0,1
Actor,Stella Cornelia,1,1,0
Actor,Abhinav Sharma,1,0,1
Actor,Hyun Bong-sik,1,0,1
Actor,Jodie Turner-Smith,1,0,1
Actor,Nuria Mencía,1,0,1
Actor,Tania Alvarado,1,1,0
Actor,Victor Polster,1,1,0
Actor,Samuel Rizal,1,1,0
Actor,Ndiaga Mbow,1,0,1
Actor,Luna Schaller,1,0,1
Actor,Ayako Takamura,1,0,1
Actor,Daphne Sheldrick,1,1,0
Actor,Isabel Burr,1,1,0
Actor,Rawya Ahmed,1,1,0
Actor,Jessica Clark,1,1,0
Actor,Emmanuelle Araújo,1,0,1
Actor,Gerald Tyler,1,1,0
Actor,Yuko Mori,1,0,1
Actor,Yui Uemura,1,1,0
Actor,Linder Sutton,1,1,0
Actor,Jamie Kaler,1,1,0
Actor,Helena Howard,1,0,1
Actor,Johnny Revilla,1,1,0
Actor,Jared Paul Abrahamson,1,0,1
Actor,Roger Assaf,1,1,0
Actor,Angelo Tijssens,1,1,0
Actor,Henry Lau,1,1,0
Actor,Kanjanaporn Plodpai,1,0,1
Actor,Kayla Lorette,1,0,1
Actor,Ememobong Nkana,1,1,0
Actor,Sita Maharavidejakorn,1,0,1
Actor,Abella Bala,1,1,0
Actor,Jamie Ward,1,1,0
Actor,Jashanjeet Gosha,1,1,0
Actor,Tiffany Tenille,1,1,0
Actor,Vincent Darmuzey,1,1,0
Actor,Yoriko Nagata,1,1,0
Actor,Chukwuemeka Okoroafor,1,1,0
Actor,Kevin Vance,1,1,0
Actor,Pakoda Pandi,1,1,0
Actor,Diane Aractingi,1,1,0
Actor,Kevin Guthrie,1,0,1
Actor,Nicholas Ball,1,1,0
Actor,Josh Whitehouse,1,1,0
Actor,Caeli,1,1,0
Actor,Dai Liparoti,1,1,0
Actor,Tim Key,1,1,0
Actor,Daniel R. Hill,1,1,0
Actor,Daniela Rubio,1,1,0
Actor,Jonny Quinn,1,1,0
Actor,Takako Matsu,1,1,0
Actor,Dominic Ochoa,1,1,0
Actor,Anna Kubik,1,1,0
Actor,Charles Babalola,1,1,0
Actor,Carlos Azar,1,0,1
Actor,Melvil Poupaud,1,1,0
Actor,Giorgio Colangeli,1,1,0
Actor,Sophia Isabella,1,0,1
Actor,Annie Tedesco,1,0,1
Actor,Arafah Rianti,1,1,0
Actor,Mirosław Zbrojewicz,1,1,0
Actor,Zahn McClarnon,1,1,0
Actor,Iis Dahlia,1,1,0
Actor,Hussain Dalal,1,1,0
Actor,Han Hyo-joo,1,1,0
Actor,Connor Parnall,1,0,1
Actor,Tamsen McDonough,1,1,0
Actor,"Oliver ""Power"" Grant",1,1,0
Actor,Nanao,1,0,1
Actor,Rick Worthy,1,0,1
Actor,Frank Senger,1,1,0
Actor,Alexis Clagett,1,1,0
Actor,Hatice Şendil,1,1,0
Actor,Lancelot Ncube,1,0,1
Actor,Mat Fraser,1,0,1
Actor,Jun Hye-won,1,0,1
Actor,Rajesh,1,1,0
Actor,Archie L. Winston,1,0,1
Actor,Kentaro Takano,1,0,1
Actor,Kathyrn Davis,1,1,0
Actor,Toni Gomila,1,1,0
Actor,Razor Ramon HG,1,1,0
Actor,Erika Woods,1,1,0
Actor,Ghanem Al-Saleh,1,1,0
Actor,Tomi May,1,1,0
Actor,Junki Tozuka,1,0,1
Actor,Julio Sánchez Cóccaro,1,0,1
Actor,Jaclyn Ngan,1,1,0
Actor,Georgia Craig,1,1,0
Actor,Arturo Valls,1,1,0
Actor,Delia Sheppard,1,1,0
Actor,Deneen Melody,1,0,1
Actor,Otoja Abit,1,1,0
Actor,Jessica Andres,1,1,0
Actor,Sudheesh,1,1,0
Actor,Song Seung-heon,1,1,0
Actor,Kiana Tom,1,1,0
Actor,Choi Min-ho,1,1,0
Actor,Bie Ruaro,1,1,0
Actor,Patrick Raynal,1,0,1
Actor,Supanaree Sutavijitvong,1,1,0
Actor,Ravi Teja,1,1,0
Actor,Calabar Chic,1,1,0
Actor,Brené Brown,1,1,0
Actor,Nao Fujita,1,0,1
Actor,Nick Mutuma,1,1,0
Actor,Daniel J. Edwards,1,0,1
Actor,Seungri,1,0,1
Actor,Martín Seefeld,1,1,0
Actor,Sifiso Ntuli,1,1,0
Actor,Sudeepa Singh,1,1,0
Actor,Tom Dingler,1,0,1
Actor,Anna Hopkins,1,0,1
Actor,Angela Means,1,1,0
Actor,Stella Chung,1,1,0
Actor,Arndís Hrönn Egilsdóttir,1,0,1
Actor,Robert Costanzo,1,0,1
Actor,Talat Bulut,1,1,0
Actor,Fan Jinwei,1,0,1
Actor,Kim Ok-vin,1,0,1
Actor,Sunny Gill,1,1,0
Actor,Mary Donnelly Haskell,1,0,1
Actor,Sarath Kumar,1,1,0
Actor,Mohamed Attougui,1,1,0
Actor,Michael Campion,1,0,1
Actor,Maree Cheatham,1,0,1
Actor,Ryan Jamaal Swain,1,0,1
Actor,Lauren Elizabeth,1,1,0
Actor,Marco Messeri,1,1,0
Actor,Valente Rodriguez,1,0,1
Actor,Dan Herzberg,1,0,1
Actor,Angela Mulligan,1,0,1
Actor,Jeffrey Chee Eng Ho,1,1,0
Actor,Anthony Grant,1,1,0
Actor,Sneha Koorse,1,1,0
Actor,Soo-bin,1,1,0
Actor,Chien-Ming Wang,1,1,0
Actor,Yankel Stevan,1,0,1
Actor,Richard Manabat,1,1,0
Actor,Johnathan Nieves,1,1,0
Actor,Sólveig Arnarsdóttir,1,0,1
Actor,Gao Hanyu,1,0,1
Actor,Arnali Das,1,1,0
Actor,Azhy Robertson,1,1,0
Actor,Tobi Bakare,1,1,0
Actor,Son Hyeon-ju,1,0,1
Actor,Kang Yoon,1,0,1
Actor,Julie Lancaster,1,1,0
Actor,Anuschka Sawhney,1,1,0
Actor,Murali Gopy,1,1,0
Actor,Roland Powell,1,1,0
Actor,Ato Blankson-Wood,1,1,0
Actor,Wills Sia,1,0,1
Actor,Meytal Gal,1,1,0
Actor,Shy Carlos,1,1,0
Actor,Nicholas Corda,1,1,0
Actor,Kane Mahon,1,1,0
Actor,Asher Bishop,1,1,0
Actor,Marcela Guirado,1,0,1
Actor,P. Samuthirakani,1,1,0
Actor,Brianna Barnes,1,1,0
Actor,Alexandra Brunning,1,0,1
Actor,Arjunan,1,1,0
Actor,Kofi Ghanaba,1,1,0
Actor,Cariba Heine,1,0,1
Actor,Kim Myung-min,1,0,1
Actor,Amole Gupte,1,1,0
Actor,Sarrah Abdelrahman,1,1,0
Actor,Ilkka Koivula,1,1,0
Actor,Jonathan Aris,1,0,1
Actor,Kaytha Coker,1,0,1
Actor,Sushanth Reddy,1,1,0
Actor,Kana Kurashina,1,0,1
Actor,Gil Gex,1,1,0
Actor,Eugen Bauder,1,0,1
Actor,Irene Tsu,1,1,0
Actor,Philippine Leroy-Beaulieu,1,0,1
Actor,Caroline Chaniolleau,1,1,0
Actor,Ayça Damgacı,1,0,1
Actor,Ewa Skibińska,1,0,1
Actor,Mima Riera,1,1,0
Actor,Gaurav Narayanan,1,1,0
Actor,Zehra Naqvi,1,0,1
Actor,Joy Fernandes,1,1,0
Actor,Olivia Jasmine Edwards,1,0,1
Actor,Yosef Abu Wardeh,1,1,0
Actor,Austin Crute,1,0,1
Actor,Blake Tuomy-Wilhoit,1,0,1
Actor,Isabel Chan,1,1,0
Actor,Tracee Ellis Ross,1,0,1
Actor,Emmanuel Khairallah,1,1,0
Actor,Ryo Kimura,1,1,0
Actor,Suzi Dougherty,1,0,1
Actor,Dora Dalgıç,1,1,0
Actor,Guy Ecker,1,0,1
Actor,Sydney Meyer,1,0,1
Actor,Shaun Wu,1,1,0
Actor,Karolina Kominek,1,0,1
Actor,Raghav Dutt,1,1,0
Actor,Khaled Abdullah,1,1,0
Actor,Belissa Escobedo,1,0,1
Actor,Tyler Hoechlin,1,1,0
Actor,Gözde Türkpençe,1,1,0
Actor,Tom Brittney,1,0,1
Actor,Ayushita,1,1,0
Actor,Sarah Viktoria Bjerregaard,1,1,0
Actor,Munirat Antoinette Lecky,1,1,0
Actor,Trond Halbo,1,1,0
Actor,Peyton Chesson-Fohl,1,1,0
Actor,Kenny Wong,1,1,0
Actor,Baburaj,1,1,0
Actor,Nick Hounslow,1,1,0
Actor,Sha Ine Febriyanti,1,1,0
Actor,Bim Adewunmi,1,0,1
Actor,Joel McCoy,1,1,0
Actor,Go A-ra,1,0,1
Actor,Neide Vieira,1,1,0
Actor,Willy T. Ribbs,1,1,0
Actor,Souad Massi,1,1,0
Actor,Qu Ying,1,1,0
Actor,Zazi Kunene,1,0,1
Actor,Anthony Heald,1,1,0
Actor,Rachelle Heger,1,0,1
Actor,Alejandro Flores,1,1,0
Actor,Kay Smith,1,1,0
Actor,Artt Butler,1,1,0
Actor,Naglaa Badr,1,0,1
Actor,Alejandra Ambrosi,1,1,0
Actor,Simon Ibarra,1,1,0
Actor,Shane Graham,1,1,0
Actor,Dennis Kyere,1,1,0
Actor,Damian Majewski,1,1,0
Actor,Tanja Ribič,1,0,1
Actor,Soibifaa Dokubo,1,0,1
Actor,Masako Matsuno,1,0,1
Actor,Hokuto Yoshino,1,1,0
Actor,Ahmed Ali Khan,1,1,0
Actor,Edgar Allan Guzman,1,1,0
Actor,Naser Albouloshy,1,1,0
Actor,Ana Wolfermann,1,0,1
Actor,Prilly Latuconsina,1,1,0
Actor,Saba Mubarak,1,0,1
Actor,Sebastian Stankiewicz,1,1,0
Actor,Sumontha Suanpolrat,1,0,1
Actor,Ikkei Watanabe,1,1,0
Actor,Alice Taglioni,1,1,0
Actor,Eric Moreau,1,1,0
Actor,Hafiz Ibrahim,1,1,0
Actor,Lior Ashkenazi,1,0,1
Actor,Mark Labbett,1,0,1
Actor,Gerald W. Jones III,1,1,0
Actor,Herbert Ballerina,1,1,0
Actor,Rebecca Klopper,1,1,0
Actor,Shaun Johnston,1,0,1
Actor,Phoenix Ezendu,1,0,1
Actor,Abdullah Al Yousef,1,1,0
Actor,Nakai Takawira,1,1,0
Actor,Sabryn Rock,1,1,0
Actor,Amy Pemberton,1,0,1
Actor,Balthazar Murillo,1,0,1
Actor,Medina Senghore,1,0,1
Actor,Finnegan Oldfield,1,0,1
Actor,Laila Reyes Silberberg,1,1,0
Actor,Tony Issa,1,1,0
Actor,Arun Vijay,1,1,0
Actor,Teni Entertainer,1,1,0
Actor,Finbar Lynch,1,1,0
Actor,Patti Allan,1,1,0
Actor,Sunil Thapa,1,1,0
Actor,Koya Nagasawa,1,0,1
Actor,E-40,1,1,0
Actor,Daad Rizk,1,1,0
Actor,Khalid Ahmed,1,1,0
Actor,Melissanthi Mahut,1,1,0
Actor,Akshat Verma,1,1,0
Actor,Mitsuko Oka,1,0,1
Actor,Artiwara Kongmalai,1,1,0
Actor,Mina Sundwall,1,0,1
Actor,Sammi Cheng,1,1,0
Actor,Nikita Mao,1,0,1
Actor,Leeanna Walsman,1,1,0
Actor,Joon Park,1,0,1
Actor,Okieriete Onaodowan,1,0,1
Actor,Disa Östrand,1,0,1
Actor,Jeremiah Brent,1,0,1
Actor,Chou Min-fu,1,0,1
Actor,Kevin Lee,1,1,0
Actor,Valeria Emiliani,1,0,1
Actor,Cosmos Lin,1,0,1
Actor,Shu Qi,1,1,0
Actor,Negra Li,1,0,1
Actor,Roger Narayanan,1,1,0
Actor,Laura Cayouette,1,1,0
Actor,Chris Egan,1,1,0
Actor,Kanlaya Lertkasemsup,1,0,1
Actor,Ala Riani,1,0,1
Actor,Tendaiishe Chitima,1,1,0
Actor,Ryo Katsuji,1,1,0
Actor,Lucia Chen,1,0,1
Actor,Adrian Schiller,1,1,0
Actor,Nikolaj Groth,1,0,1
Actor,Edie McClurg,1,1,0
Actor,Maddison Jaizani,1,0,1
Actor,Chrysti Ane,1,0,1
Actor,Mahesh Bhosale,1,1,0
Actor,Nelly Ekwereogu,1,1,0
Actor,Hu Liangwei,1,0,1
Actor,Grant Campbell,1,1,0
Actor,Patrik Nökkvi Pétursson,1,1,0
Actor,M. Irfan Ramli,1,1,0
Actor,Abdulla Bu Shehri,1,0,1
Actor,Manoj Raghubir Sharma,1,1,0
Actor,Jake Van Wagoner,1,1,0
Actor,Bill Newton,1,0,1
Actor,Clayton Adams,1,1,0
Actor,Lionel Newton,1,1,0
Actor,Felice Orlandi,1,1,0
Actor,Melisa Şenolsun,1,0,1
Actor,Ibrahim Almeirasi,1,1,0
Actor,Barbara Wypych,1,1,0
Actor,Buhle Samuels,1,0,1
Actor,Jake Davies,1,0,1
Actor,Itziar Ituño,1,0,1
Actor,Louriza Tronco,1,0,1
Actor,Anna Massey,1,1,0
Actor,Kofi Kingston,1,1,0
Actor,Nathalie Cox,1,1,0
Actor,Charles Ukpong,1,0,1
Actor,Keith Powell,1,0,1
Actor,Krystal Joy Brown,1,0,1
Actor,Richard Cetrone,1,1,0
Actor,Maureen Mann,1,1,0
Actor,Vikas Vasistha,1,1,0
Actor,Hector Duran,1,0,1
Actor,Ben Wong,1,0,1
Actor,Anette Hoff,1,0,1
Actor,Louise Lombard,1,1,0
Actor,Rodrigo Treviño,1,1,0
Actor,Ann Roth,1,1,0
Actor,Otávio Martins,1,1,0
Actor,Ma Dong-seok,1,0,1
Actor,Sadeem Alshehri,1,0,1
Actor,Aline Borges,1,0,1
Actor,Khaled Ameen,1,0,1
Actor,Deepshikha,1,1,0
Actor,Biodun Stephen,1,1,0
Actor,Luc Roderique,1,0,1
Actor,Mehmet Bahattin Genç,1,1,0
Actor,Mario,1,1,0
Actor,Ángel Mosqueda,1,1,0
Actor,Ganesh Venkatraman,1,1,0
Actor,Gilbert Glenn Brown,1,1,0
Actor,Çiğdem Selışık Onat,1,1,0
Actor,Jessica Schwarz,1,0,1
Actor,Chris Sheffield,1,1,0
Actor,Zeynep Tokuş,1,1,0
Actor,Luis Gerónimo Abreu,1,0,1
Actor,Geraldine Brophy,1,1,0
Actor,Anjana Keerthi,1,1,0
Actor,Paula Malcomson,1,1,0
Actor,Nia Roam,1,0,1
Actor,Hamzeh Okab,1,0,1
Actor,Francesco Bruni,1,1,0
Actor,Azekah Daniel,1,1,0
Actor,William Murray Weiss,1,1,0
Actor,Alma Martínez,1,1,0
Actor,Su Yen-ti,1,0,1
Actor,Michael Dempsey,1,1,0
Actor,Garth Brooks,1,0,1
Actor,Logan Fabbro,1,0,1
Actor,Kim Do-yeon,1,0,1
Actor,Amanda Zhou,1,0,1
Actor,Carly Rae Jepsen,1,1,0
Actor,Srishti Shrivastava,1,0,1
Actor,Nathaniel Kelly,1,0,1
Actor,Igor Augustho,1,1,0
Actor,Tristen Marty-Pahtaykan,1,1,0
Actor,Jonah Ray,1,0,1
Actor,Celine Loader,1,1,0
Actor,Joel Swetow,1,1,0
Actor,Jevin Julian,1,1,0
Actor,Adam Garba,1,1,0
Actor,Zélie Rhixon,1,0,1
Actor,Yeo Hoi-hyun,1,0,1
Actor,Suchao Pongwilai,1,0,1
Actor,Judith State,1,1,0
Actor,Abdulaziz Almuzaini,1,1,0
Actor,Rahne Jones,1,0,1
Actor,Abdillah Assoumani,1,0,1
Actor,Lin Chenhan,1,1,0
Actor,Leonardo Ventura,1,0,1
Actor,Andrzej Grabowski,1,1,0
Actor,Steen Raskopoulos,1,0,1
Actor,Jiayu Xie,1,1,0
Actor,Deysha Nelson,1,1,0
Actor,Julie Agnete Vang,1,0,1
Actor,David Bennent,1,0,1
Actor,Flavia Bechara,1,1,0
Actor,Constance Towers,1,1,0
Actor,Jasmine Jobson,1,0,1
Actor,Zulfa Maharani,1,1,0
Actor,Jadah Marie,1,0,1
Actor,Ileana Puiu,1,1,0
Actor,Sne Mbatha,1,0,1
Actor,Oscar Provencal,1,1,0
Actor,Peri Baumeister,1,1,0
Actor,Carlos Sanson,1,1,0
Actor,Jason Biggs,1,0,1
Actor,Teddy Corpuz,1,1,0
Actor,Dominic Good,1,0,1
Actor,Bre-Z,1,0,1
Actor,Lalu Alex,1,1,0
Actor,Muse Watson,1,1,0
Actor,Carlos Vergara,1,0,1
Actor,Alzaabi Matar,1,1,0
Actor,Mart Escudero,1,1,0
Actor,Salwa Othman,1,1,0
Actor,Chris Farley,1,1,0
Actor,Yuko Nakamura,1,0,1
Actor,Assaad Bouab,1,0,1
Actor,Joseph Huang,1,1,0
Actor,Piet De Praitere,1,0,1
Actor,Ji Hye-in,1,0,1
Actor,Liron Levo,1,1,0
Actor,Ahmad Aljasmii,1,0,1
Actor,Alan Tan,1,1,0
Actor,Samantha Gracie,1,1,0
Actor,Friederike Becht,1,0,1
Actor,Soledad Silveyra,1,0,1
Actor,Kingsford Siayor,1,1,0
Actor,Aswathy Manoharan,1,1,0
Actor,Abubakar Salum,1,1,0
Actor,Josselin Charier,1,0,1
Actor,Andrei Gavril,1,1,0
Actor,Chris Obi,1,0,1
Actor,Mukhtar Khan,1,1,0
Actor,Ah-sung Ko,1,0,1
Actor,Jeric Raval,1,1,0
Actor,Park Jung-min,1,1,0
Actor,Marisol Aznar,1,1,0
Actor,Ahn Seok-hwan,1,0,1
Actor,Vianey Rodríguez,1,0,1
Actor,Joe Bucaro III,1,1,0
Actor,Zofia Domalik,1,1,0
Actor,Erlend Rødal Vikhagen,1,0,1
Actor,Jack Ashton,1,0,1
Actor,Banu Manioğlu,1,1,0
Actor,Harrison Gilbertson,1,1,0
Actor,Manuel Navarro,1,0,1
Actor,Chani Martín,1,1,0
Actor,Tom Costanzo,1,0,1
Actor,Elyes Aguis,1,0,1
Actor,Antonio Carriero,1,1,0
Actor,Saran Rai,1,1,0
Actor,Prue Leith,1,0,1
Actor,Daffany Clark,1,1,0
Actor,Mehmet Yılmaz Ak,1,0,1
Actor,Gabrielle Ruiz,1,0,1
Actor,Molly Bernard,1,1,0
Actor,Thomas Howes,1,0,1
Actor,André Christenson,1,1,0
Actor,Kiljan Tyr Moroney,1,1,0
Actor,Deepali Suryakant Badekar,1,1,0
Actor,Alper Kul,1,1,0
Actor,Temi Otedola,1,1,0
Actor,Cha Cheong-hwa,1,0,1
Actor,Chelsea Magritte,1,1,0
Actor,Maritoni Fernandez,1,1,0
Actor,María Alfonsa Rosso,1,1,0
Actor,Tomas Bergström,1,1,0
Actor,Robert Tsai,1,1,0
Actor,Akira Sekine,1,0,1
Actor,Sandip Pathak,1,1,0
Actor,Hifdzi Khoir,1,1,0
Actor,Kirill Bichutsky,1,1,0
Actor,Lenna Lim,1,0,1
Actor,Yui Ogura,1,0,1
Actor,HiHi Jets,1,0,1
Actor,Wen Shaoping,1,0,1
Actor,Vachirawich Aranthanawong,1,0,1
Actor,Ike Barry,1,1,0
Actor,Yuko Fueki,1,1,0
Actor,Havarasu,1,1,0
Actor,Christoph Niemann,1,0,1
Actor,John Brotherton,1,0,1
Actor,Garazi Urkola,1,1,0
Actor,Jenna Ushkowitz,1,0,1
Actor,Geoffrey Bateman,1,0,1
Actor,Doria Tillier,1,1,0
Actor,Marco Grazzini,1,1,0
Actor,Whitmer Thomas,1,1,0
Actor,Alison Fernandez,1,0,1
Actor,Katy Byrne,1,0,1
Actor,Oliver Muirhead,1,1,0
Actor,Lydia Gitachu,1,1,0
Actor,Yao Chen,1,1,0
Actor,Ulises González,1,1,0
Actor,Sebastian Jakob Doppelbauer,1,0,1
Actor,Kim Joon,1,0,1
Actor,Mason Cook,1,1,0
Actor,Edda Björgvinsdóttir,1,0,1
Actor,Lakha Lakhwinder Singh,1,1,0
Actor,Dominique Hourani,1,1,0
Actor,Maribel del Pino,1,1,0
Actor,Rubén Ochandiano,1,1,0
Actor,Lee Sang,1,1,0
Actor,Jibrail Rajhula,1,1,0
Actor,Edin Hasanović,1,1,0
Actor,Shaylee Mansfield,1,1,0
Actor,Vegar Hoel,1,1,0
Actor,Imad Creidi,1,1,0
Actor,Vikram Chatwal,1,1,0
Actor,Magda Apanowicz,1,1,0
Actor,Marques Ray,1,0,1
Actor,Samir Decazza,1,1,0
Actor,Jillian Estell,1,1,0
Actor,Rex Harrison,1,1,0
Actor,Prit Kamani,1,1,0
Actor,Ella Betts,1,1,0
Actor,Khushdeed Maan,1,1,0
Actor,Arswendi Bening Swara,1,1,0
Actor,Yudhveer Bakoliya,1,1,0
Actor,Hassan el Baroudi,1,1,0
Actor,Mami Koyama,1,0,1
Actor,Sana Saeed,1,1,0
Actor,Joaquín Galletero,1,0,1
Actor,Fatma Al Tabbakh,1,0,1
Actor,Leonor López,1,1,0
Actor,Mercy Cornwall,1,0,1
Actor,Pii Liu,1,1,0
Actor,Shirley Rumierk,1,0,1
Actor,Miguel Angel Garcia,1,1,0
Actor,Catalina Guzmán,1,0,1
Actor,Jacob Laval,1,1,0
Actor,Sean Hartley,1,1,0
Actor,Zoë Straub,1,1,0
Actor,Issa Rae,1,1,0
Actor,Lukas Gage,1,1,0
Actor,Zulu Adigwe,1,1,0
Actor,Noriko Sakura,1,1,0
Actor,Mohammed Shakir,1,1,0
Actor,Lü Qi,1,1,0
Actor,Stephanie Arcila,1,0,1
Actor,Anika Mauer,1,1,0
Actor,Julia Strowski,1,1,0
Actor,Sakuljaroensuk Apinya,1,0,1
Actor,Ferdi Akarnur,1,1,0
Actor,Lisa Waltz,1,1,0
Actor,Miyu Tomita,1,0,1
Actor,Mehdi Dehbi,1,0,1
Actor,Kai Ko,1,1,0
Actor,Aadukalam Naren,1,1,0
Actor,Noemi Nakai,1,1,0
Actor,Emi Motoi,1,0,1
Actor,Adesh Bhardwaj,1,1,0
Actor,Wilson Chen Bo-Lin,1,1,0
Actor,Carlson Young,1,0,1
Actor,David Matranga,1,0,1
Actor,Matt Stokoe,1,0,1
Actor,Jeonghwa Yang,1,0,1
Actor,Jhataleka,1,1,0
Actor,Heera Rajgopal,1,1,0
Actor,Victor Neri,1,1,0
Actor,Xiao Yan,1,0,1
Actor,Steven Tan,1,0,1
Actor,Maryam Zaree,1,1,0
Actor,Layla Hamadah,1,1,0
Actor,Ethan Nell,1,1,0
Actor,Hany Siam,1,1,0
Actor,Enrique Bunbury,1,1,0
Actor,Srikanth Mullagiri,1,1,0
Actor,Craig Sheffer,1,1,0
Actor,Ku Hye-sun,1,0,1
Actor,Lucas Lynggaard Tønnesen,1,0,1
Actor,Jan Adele,1,0,1
Actor,Celeste Ntuli,1,1,0
Actor,Jill Hsu,1,0,1
Actor,Lyman Ward,1,1,0
Actor,Lokillo Florez,1,1,0
Actor,Hans Zhang,1,0,1
Actor,Isaiah John,1,1,0
Actor,Rong Rong,1,0,1
Actor,Iria del Río,1,0,1
Actor,Alejandra Howard,1,1,0
Actor,Patrícia de Sabrit,1,0,1
Actor,Cooper Lundeen,1,1,0
Actor,Kaka Bautista,1,1,0
Actor,Poppy Jabbal,1,1,0
Actor,Kamal Tiwari,1,1,0
Actor,Lou Wilson,1,0,1
Actor,Zayne Emory,1,1,0
Actor,Neet Mahal,1,1,0
Actor,Radek Petráš,1,1,0
Actor,Bill Heck,1,0,1
Actor,Dan Jones,1,0,1
Actor,Carole Baillien,1,0,1
Actor,Paula Echevarría,1,0,1
Actor,Shavaughn Ruakere,1,0,1
Actor,Theo Von,1,1,0
Actor,Yuval Semo,1,0,1
Actor,Lee Yul-eum,1,0,1
Actor,Luís Zahera,1,0,1
Actor,Xavi Lite,1,1,0
Actor,Bill Ferguson,1,1,0
Actor,Seun Akindele,1,1,0
Actor,Diane Ciesla,1,1,0
Actor,Jarnail Singh,1,1,0
Actor,Brad Fiorenza,1,0,1
Actor,Müfit Can Saçıntı,1,1,0
Actor,Pala Karuppaiah,1,1,0
Actor,Peter Simonischek,1,1,0
Actor,Jes Macallan,1,0,1
Actor,Josh Dean,1,1,0
Actor,Faithia Williams,1,1,0
Actor,James Blanco,1,1,0
Actor,Babatunde Aiyegbusi,1,1,0
Actor,David Essex,1,1,0
Actor,Bob West,1,0,1
Actor,Risa Nakamura,1,0,1
Actor,Rolling Wang,1,0,1
Actor,Brian Dierker,1,1,0
Actor,Lee Hyun-joo,1,0,1
Actor,Luisa De Santis,1,1,0
Actor,Paulina Urrutia,1,1,0
Actor,Verónica Perrotta,1,1,0
Actor,Brooke Burns,1,0,1
Actor,Regina Reynoso,1,1,0
Actor,Zhang Jing-chu,1,1,0
Actor,Son Se-bin,1,0,1
Actor,Diego Armando Maradona,1,0,1
Actor,Aadhya Anand,1,0,1
Actor,Edna Manitowabi,1,1,0
Actor,Jorge Poza,1,0,1
Actor,Uneek,1,1,0
Actor,Lily Cowles,1,0,1
Actor,Brooke Timber,1,0,1
Actor,Jared Rushton,1,1,0
Actor,Nick Liao,1,0,1
Actor,Marcuis Harris,1,1,0
Actor,Faiq Asim,1,1,0
Actor,Michael Buscemi,1,0,1
Actor,Kana Odaira,1,0,1
Actor,Zachary Ruane,1,0,1
Actor,Ajeba Aldosary,1,1,0
Actor,Fabien Ducommun,1,0,1
Actor,Dannia Salsabila,1,1,0
Actor,AlMulla AbdulRahman,1,1,0
Actor,Louis Jones,1,0,1
Actor,Noman Ijaz,1,1,0
Actor,Shota Shimoda,1,1,0
Actor,Chyna Layne,1,0,1
Actor,Yumi Adachi,1,0,1
Actor,Zihlo,1,1,0
Actor,Dashawn Francis,1,1,0
Actor,Peter Mygind,1,0,1
Actor,Janset,1,1,0
Actor,Ann Nelson,1,1,0
Actor,Arden Belle,1,1,0
Actor,Kyoko Koizumi,1,1,0
Actor,Dobromir Dymecki,1,1,0
Actor,Praneetha Patnaik,1,1,0
Actor,Giulia Gayoso,1,1,0
Actor,Daniela Scattolin,1,0,1
Actor,Kunal Vijaykar,1,1,0
Actor,Christopher Rivera,1,1,0
Actor,Kwon Changwook,1,0,1
Actor,Pep Tosar,1,1,0
Actor,Jessica Allain,1,1,0
Actor,Ali Rabee,1,1,0
Actor,Gabriele Bertaccini,1,0,1
Actor,Gloria Estefan,1,1,0
Actor,Chai Wei,1,0,1
Actor,André Odendaal,1,1,0
Actor,Mike Carlsen,1,1,0
Actor,Scottie Pippen,1,0,1
Actor,Dani Kind,1,0,1
Actor,Jorge Herrera,1,1,0
Actor,Arturo Barba,1,0,1
Actor,Fily Keita,1,0,1
Actor,Michael Yang,1,0,1
Actor,Maria Sobocińska,1,0,1
Actor,Oussama Nadir,1,1,0
Actor,Auritra Ghosh,1,1,0
Actor,Zhang Songwen,1,1,0
Actor,Jayakumar,1,1,0
Actor,Derry Drajat,1,1,0
Actor,Trishara,1,1,0
Actor,Tim Oliver Schultz,1,1,0
Actor,Ropie Cecupak,1,1,0
Actor,Majdi Kamel,1,1,0
Actor,Sylvia Salustti,1,0,1
Actor,Bashar al-Shatti,1,0,1
Actor,Daniel Rosado,1,1,0
Actor,Dennis Miller,1,1,0
Actor,Graeme Duffy,1,1,0
Actor,Rania Mahmoud Yassin,1,0,1
Actor,Açelya Topaloğlu,1,1,0
Actor,Marie Denarnaud,1,1,0
Actor,Jordan Coulson,1,0,1
Actor,Pedro Wagner,1,0,1
Actor,Adolfo Fernández,1,0,1
Actor,Bukunmi Oluwashina,1,1,0
Actor,Ivan Nestorman,1,1,0
Actor,Sal Rendino,1,1,0
Actor,Annie Macaulay Idibia,1,1,0
Actor,Bell Ngasri,1,0,1
Actor,Parker Stevenson,1,0,1
Actor,Bogden Farcas,1,1,0
Actor,Mukti Mohan,1,0,1
Actor,Maurice Sam,1,0,1
Actor,Ayu Azhari,1,1,0
Actor,Benedikte Hansen,1,0,1
Actor,Mick Lauer,1,0,1
Actor,Jack Donnelly,1,1,0
Actor,Kevin Fuller,1,1,0
Actor,Cecilia Caballero Jeske,1,1,0
Actor,Gilberto Barraza,1,1,0
Actor,Matt Passmore,1,1,0
Actor,Mamiko Itoh,1,0,1
Actor,Elisse Joson,1,1,0
Actor,Tesarnia Oree,1,1,0
Actor,Noortje Herlaar,1,1,0
Actor,Amaryllis Fox,1,0,1
Actor,Lain Lu,1,0,1
Actor,Deepak Jha,1,1,0
Actor,Haruka Shibuya,1,0,1
Actor,James Boyd,1,0,1
Actor,Osamu Mukai,1,1,0
Actor,Andrew Wilson,1,1,0
Actor,Wiktoria Filus,1,0,1
Actor,Julie de Bona,1,0,1
Actor,Anshul Chauhan,1,0,1
Actor,Maurizio Lastrico,1,0,1
Actor,Pankaj Kalra,1,1,0
Actor,Son Eun-seo,1,0,1
Actor,Ela Velden,1,1,0
Actor,Angel Chipagua,1,0,1
Actor,Shunya Shiraishi,1,0,1
Actor,Corrine Koslo,1,0,1
Actor,Taz Skylar,1,1,0
Actor,Yiddá Eslava,1,1,0
Actor,Paulo Angeles,1,1,0
Actor,Brynn Clagett,1,1,0
Actor,Michał Żurawski,1,0,1
Actor,Hans Marrero,1,1,0
Actor,Miriam Balderas,1,1,0
Actor,Tony Eusoff,1,1,0
Actor,Jung So-min,1,0,1
Actor,Rafael Sieg,1,0,1
Actor,Fahad Ghazoli,1,0,1
Actor,Isabelle Huppert,1,1,0
Actor,2Mex,1,1,0
Actor,Kanchan,1,1,0
Actor,Gurveer Singh,1,1,0
Actor,Sean Bishop,1,0,1
Actor,Emma Bones,1,0,1
Actor,Brittany Cox,1,0,1
Actor,Ava Michelle,1,1,0
Actor,Kim Engelbrecht,1,0,1
Actor,Xan Cejudo,1,1,0
Actor,Hearty Singh,1,1,0
Actor,Ada Ofoegbu,1,1,0
Actor,Akhilesh Kumar,1,1,0
Actor,Aditya Bhattacharya,1,1,0
Actor,Diamond Lyons,1,0,1
Actor,Farah Hamed,1,0,1
Actor,Anna Carreiro,1,1,0
Actor,Carl Koch,1,1,0
Actor,Kourtney Hansen,1,1,0
Actor,Claudine Bertin,1,1,0
Actor,Rosalinda Rodríguez,1,0,1
Actor,Pepe Serna,1,1,0
Actor,Lachlan Gillespie,1,0,1
Actor,Diana Lein,1,1,0
Actor,Numa Perrier,1,1,0
Actor,Radhika Narayan,1,1,0
Actor,Cha Soo-yeon,1,0,1
Actor,John Fleck,1,1,0
Actor,Vinayak Gupta,1,1,0
Actor,Raj Singh Jhinger,1,1,0
Actor,Maria Eduarda,1,0,1
Actor,Lin Po-Hung,1,1,0
Actor,James Eliya,1,1,0
Actor,Saphia Stoney,1,0,1
Actor,Zoey Meng,1,0,1
Actor,Radha Ravi,1,1,0
Actor,Barnaby Carpenter,1,1,0
Actor,Sammie Eddie,1,1,0
Actor,Tillie Amartey,1,0,1
Actor,William Christopher Stephens,1,0,1
Actor,Paul Christian Chukwudi,1,0,1
Actor,David Jensen,1,1,0
Actor,Koji Ishii,1,1,0
Actor,José Julián,1,0,1
Actor,Craig Bartlett,1,1,0
Actor,Saeed Arjumand,1,1,0
Actor,Mathias Minne,1,1,0
Actor,Yare Santana,1,1,0
Actor,Redwan Alremey,1,0,1
Actor,Royce Cabrera,1,1,0
Actor,Mati Diop,1,1,0
Actor,Nick Mathews,1,1,0
Actor,Choi Nak-yoon,1,1,0
Actor,Waël Sersoub,1,1,0
Actor,Rathna Shekar Reddy,1,1,0
Actor,Anders Lidin Hansen,1,1,0
Actor,Dan Sylvester,1,0,1
Actor,Henry Hunter Hall,1,1,0
Actor,Maxene Magalona,1,1,0
Actor,Jesús Castejón,1,0,1
Actor,Stéphane Audran,1,1,0
Actor,Danielle Soibelman,1,1,0
Actor,Muiris Crowley,1,0,1
Actor,Fevzi Gökçe,1,1,0
Actor,David Trejos,1,0,1
Actor,Dana Dogaru,1,1,0
Actor,Martin Karelius,1,0,1
Actor,Haaz Sleiman,1,1,0
Actor,Colette Kieffer,1,1,0
Actor,Aryan Preet,1,1,0
Actor,Angélica Blandón,1,0,1
Actor,Shridhar Watsar,1,1,0
Actor,Vijay Deverakonda,1,1,0
Actor,Hiroshi Tachi,1,1,0
Actor,Georgina Bevan,1,1,0
Actor,Dylan Fuentes,1,0,1
Actor,Marlann Flores,1,1,0
Actor,Kalle Schwensen,1,1,0
Actor,Gargeyi,1,1,0
Actor,Roberto Cano,1,0,1
Actor,Diane Wilson,1,1,0
Actor,Chen Jinwen,1,0,1
Actor,Yukiyoshi Ozawa,1,1,0
Actor,Krystal Hope Nausbaum,1,0,1
Actor,Sébastien Chassagne,1,0,1
Actor,Angelina Kirsch,1,0,1
Actor,Bobby van Jaarsveld,1,1,0
Actor,Fujiko Takimoto,1,1,0
Actor,Juan Dos Santos,1,1,0
Actor,Yang Tindong,1,0,1
Actor,Teeranai Na Nongk้hai,1,0,1
Actor,Sika Osei,1,1,0
Actor,Kim Yarbrough,1,0,1
Actor,Rosina Carbone,1,0,1
Actor,Youssef Kerkour,1,0,1
Actor,Meenakshi Sethi,1,1,0
Actor,Pearce Quigley,1,1,0
Actor,Lander Vera Perez,1,1,0
Actor,Jordi Planas,1,0,1
Actor,Shubhangi Tambale,1,1,0
Actor,Joey Starr,1,1,0
Actor,Vijay Kashyap,1,1,0
Actor,Lita Janvarapa,1,0,1
Actor,Maeve Dermody,1,0,1
Actor,Wenche Myhre,1,1,0
Actor,Ellie Duckles,1,0,1
Actor,David Anders,1,0,1
Actor,Guan Xiaotong,1,1,0
Actor,Siddharth Bharadwaj,1,1,0
Actor,Shin Mun-seong,1,0,1
Actor,Hazel Brugger,1,1,0
Actor,Paula Pell,1,1,0
Actor,Pepper Binkley,1,0,1
Actor,Joseph Otsiman,1,1,0
Actor,Priscila Sol,1,0,1
Actor,Shivani Rangole,1,0,1
Actor,Daniel Kuzniecka,1,0,1
Actor,Shi Liang,1,1,0
Actor,Wang Yizhe,1,0,1
Actor,Luciane Buchanan,1,0,1
Actor,Darlene Cates,1,1,0
Actor,Luna Silva,1,0,1
Actor,Darren Jew,1,0,1
Actor,Cem Kiliç,1,1,0
Actor,Julia Fox,1,1,0
Actor,Alexis Jones,1,0,1
Actor,Tuğrul Tülek,1,1,0
Actor,Drew Sheer,1,1,0
Actor,Juliette Plumecocq-Mech,1,0,1
Actor,Akbar Khan,1,1,0
Actor,Clementine Laikin,1,0,1
Actor,Renato Marchetti,1,0,1
Actor,John Grisham,1,0,1
Actor,Hagob De Jerejian,1,1,0
Actor,Mart Crowley,1,1,0
Actor,Afdhal Yusman,1,1,0
Actor,Benjamin Evan Ainsworth,1,0,1
Actor,Emily Bader,1,1,0
Actor,Tyler Cameron,1,1,0
Actor,Cha Hwa-yeon,1,0,1
Actor,Maaike Neuville,1,0,1
Actor,Aashish Kulkarni,1,1,0
Actor,Paul Rodriguez Jr.,1,0,1
Actor,Suhas P,1,1,0
Actor,Marco Wittorf,1,1,0
Actor,Nawar Youssef,1,1,0
Actor,Willie C. Carpenter,1,1,0
Actor,Mala Sinha,1,1,0
Actor,Naoko Iijima,1,1,0
Actor,Callie Hope Haverda,1,1,0
Actor,Aadhi,1,1,0
Actor,Akhmad Zulhoir Mardia,1,1,0
Actor,Shô Kosugi,1,1,0
Actor,Nibal Arakji,1,1,0
Actor,Corbin Bleu,1,1,0
Actor,Aysha Shahaltough,1,0,1
Actor,Marti Matulis,1,0,1
Actor,Jonathan Yunger,1,1,0
Actor,Priyanka Jawalkar,1,1,0
Actor,Yussra El Abdouni,1,0,1
Actor,Peter Francis James,1,1,0
Actor,Chris Norton,1,1,0
Actor,Sebastián Mogordoy,1,1,0
Actor,Kip Weeks,1,1,0
Actor,Priscila Espinoza,1,0,1
Actor,Edén Villavicencio,1,0,1
Actor,Ema Horvath,1,1,0
Actor,Sivakorn Adulsuttikul,1,0,1
Actor,Apichet Atirattana,1,0,1
Actor,Endhita,1,1,0
Actor,Mercedes Mason,1,1,0
Actor,Raquel Camón,1,1,0
Actor,Keith Cooper,1,1,0
Actor,Hilary Haag,1,0,1
Actor,Emil Almén,1,1,0
Actor,Fionn Whitehead,1,1,0
Actor,Emily Robinson,1,1,0
Actor,Precious Udoh,1,1,0
Actor,Pierre Rabbat,1,1,0
Actor,Khosi Ngema,1,0,1
Actor,Islie Hirvonen,1,0,1
Actor,Abi Tucker,1,0,1
Actor,Ibraheem Hajjaj,1,0,1
Actor,Natharinee Kanasoot,1,0,1
Actor,Vic Chao,1,0,1
Actor,Patricia Wettig,1,0,1
Actor,Pamela Nomvete,1,1,0
Actor,Entesar Alsharah,1,1,0
Actor,T.R. Knight,1,0,1
Actor,Sandile Sand Zulu,1,1,0
Actor,Johanna Colón,1,1,0
Actor,Sarah Ann Kennedy,1,0,1
Actor,Paula Rivera,1,1,0
Actor,Parker Sevak,1,1,0
Actor,Samaa Ibrahem,1,0,1
Actor,Ray Reboul,1,1,0
Actor,Deep Joshi,1,1,0
Actor,Lee Si-woo,1,0,1
Actor,Giuliana Baker,1,1,0
Actor,Leslie Stefanson,1,1,0
Actor,Suleka Mathew,1,1,0
Actor,Jiang Xueming,1,0,1
Actor,Wofai Egu Ewa,1,1,0
Actor,Danika Yarosh,1,1,0
Actor,Angela Ekeleme,1,1,0
Actor,Cai Gang,1,0,1
Actor,Pallavi Malvade,1,1,0
Actor,Ashish Kakkad,1,1,0
Actor,Dempsey Bryk,1,1,0
Actor,Praveena Paruchuri,1,1,0
Actor,Gabrielle Dennis,1,0,1
Actor,Justin Paul Kelly,1,0,1
Actor,Hanna Sleszynska,1,1,0
Actor,Asmaa Galal,1,1,0
Actor,Alexandra Neldel,1,1,0
Actor,Adelaida Buscato,1,0,1
Actor,Xabiani Ponce de León,1,0,1
Actor,Merve Ates,1,0,1
Actor,Jon Arias,1,0,1
Actor,María Fernanda Yepes,1,0,1
Actor,Ricky Pascua,1,1,0
Actor,Leonardo Garza,1,1,0
Actor,Akira Akbar,1,1,0
Actor,Daniel Haro,1,1,0
Actor,Álvaro Rico,1,0,1
Actor,Sofia Bryant,1,0,1
Actor,Hsu Wei-ning,1,0,1
Actor,Janice Roman Roku,1,0,1
Actor,Liah O'Prey,1,1,0
Actor,Troy Anthony Hogan,1,1,0
Actor,Kaho Tsuchimura,1,0,1
Actor,Vanda Margraf,1,1,0
Actor,Orkun Işıtmak,1,1,0
Actor,Rupert Reid,1,0,1
Actor,Hussein Almansour,1,0,1
Actor,Rajni Basumatary,1,1,0
Actor,Ahn Jae-wook,1,0,1
Actor,Jeremy Glazer,1,1,0
Actor,Kirill Polukhin,1,0,1
Actor,Cosimo Fusco,1,1,0
Actor,Olumide Oworu,1,1,0
Actor,Jessica Juarez,1,0,1
Actor,Nadia Lotfi,1,1,0
Actor,Romain Lancry,1,1,0
Actor,Marjorie Estiano,1,1,0
Actor,Ernanto Kusumo,1,1,0
Actor,Ahn Se-ha,1,0,1
Actor,Lukasz Nowicki,1,0,1
Actor,Kit Williamson,1,0,1
Actor,Nicholas X. Parsons,1,1,0
Actor,Pierre Andrau,1,0,1
Actor,Mimi Chu,1,1,0
Actor,Patricia Calisaya,1,1,0
Actor,Prithvik Pratap,1,1,0
Actor,Giandomenico Cupaiuolo,1,0,1
Actor,Shaimaa Ali,1,0,1
Actor,Xu Ke,1,0,1
Actor,Victoria Viera,1,1,0
Actor,Ananya Kashyap,1,1,0
Actor,Dyllon Burnside,1,0,1
Actor,Christine McConnell,1,0,1
Actor,Ezra Menas,1,0,1
Actor,Fábio Beltrão,1,1,0
Actor,Lee Sheung Ching,1,0,1
Actor,Aldis Hodge,1,0,1
Actor,Abdul Khoza,1,0,1
Actor,Nicole Kang,1,0,1
Actor,Lee Do-gyeong,1,0,1
Actor,Vladimir Caamaño,1,1,0
Actor,Ganesh Acharya,1,1,0
Actor,Rushita Pandya,1,1,0
Actor,Wu Yue,1,1,0
Actor,Karan Ashley,1,0,1
Actor,Ugam Khetani,1,1,0
Actor,Brenna Harding,1,0,1
Actor,Samer Ismael,1,1,0
Actor,Arthur Holden,1,1,0
Actor,Vera-Ellen,1,1,0
Actor,Yusuf Hussain,1,1,0
Actor,Hakim Faris,1,1,0
Actor,Mohamed Nour,1,1,0
Actor,Ian Meadows,1,0,1
Actor,Kritika Bharadwaj,1,0,1
Actor,Sergio Pablos,1,1,0
Actor,Mahmoud El-Bazzawy,1,1,0
Actor,Kate Trotter,1,1,0
Actor,Ben Cartwright,1,0,1
Actor,Laura Harrington,1,1,0
Actor,Nomzamo Mbatha,1,1,0
Actor,Chetan Sharma,1,1,0
Actor,Shalini,1,1,0
Actor,Jonathan Kwesi Aikins,1,0,1
Actor,İhsan Ceylan,1,1,0
Actor,Maria Votti,1,1,0
Actor,Muharrem Gülmez,1,1,0
Actor,Nabila Rodriguez,1,1,0
Actor,Ken Ishiguro,1,1,0
Actor,Theo Trebs,1,1,0
Actor,Kim Si-young,1,0,1
Actor,Kusumit Sana,1,1,0
Actor,Kaiji Tang,1,0,1
Actor,Aditya Seal,1,1,0
Actor,Louise Portal,1,1,0
Actor,Hassan Zbib,1,1,0
Actor,Carolina Penadés,1,1,0
Actor,Es Devlin,1,0,1
Actor,Davenia McFadden,1,1,0
Actor,Joe Hernandez,1,0,1
Actor,Rik Aby,1,1,0
Actor,Anshumaan Pushkar,1,0,1
Actor,Claudia Lobo,1,1,0
Actor,Vusi Mahlasela,1,1,0
Actor,Vladimir Consigny,1,1,0
Actor,Wang Xueqi,1,1,0
Actor,JaCari Dye,1,1,0
Actor,Jung Seok-yong,1,0,1
Actor,Rorrie D. Travis,1,0,1
Actor,Sonya Cassidy,1,1,0
Actor,Aleksandra Pisula,1,1,0
Actor,Park Hae Soo,1,0,1
Actor,Nara Thepnupa,1,0,1
Actor,Patricio Aramburu,1,0,1
Actor,Afeez Oyetoro,1,1,0
Actor,Karran Jeet,1,1,0
Actor,Manuel Balbi,1,0,1
Actor,Dory El Samarany,1,1,0
Actor,Indianna Ryan,1,0,1
Actor,Barry G. Bernson,1,1,0
Actor,Rhys Matthew Bond,1,0,1
Actor,Wendy Phillips,1,1,0
Actor,Tuface Idibia,1,1,0
Actor,Cristy Guo,1,0,1
Actor,Michele Franco,1,1,0
Actor,Masato Sakai,1,1,0
Actor,Jacob Batalon,1,1,0
Actor,Jesús Carroza,1,1,0
Actor,Alejandro Oliva,1,1,0
Actor,Srilekha Rajendran,1,1,0
Actor,Jeremy Blackman,1,1,0
Actor,Fezile Mpela,1,1,0
Actor,Barbara Nüsse,1,0,1
Actor,Paul Paddick,1,0,1
Actor,Didi Kempot,1,1,0
Actor,Brittany Howard,1,0,1
Actor,Everardo Arzate,1,0,1
Actor,Janine Chun-Ning Chang,1,0,1
Actor,Angela Griffin,1,0,1
Actor,Reinout Scholten van Aschat,1,1,0
Actor,Garcelle Beauvais,1,0,1
Actor,Johnny Yan,1,0,1
Actor,Atsushi Imaruoka,1,0,1
Actor,Alicia Chojnowski,1,0,1
Actor,Eric Stuart,1,0,1
Actor,Jeanine Serralles,1,1,0
Actor,Jeryl Prescott Gallien,1,1,0
Actor,Adam Chan,1,1,0
Actor,Pascale Arbillot,1,1,0
Actor,Mark Gillis,1,0,1
Actor,Anita Vulesica,1,0,1
Actor,Gys de Villiers,1,1,0
Actor,Agnès Llobet,1,0,1
Actor,Nicole Gale Anderson,1,1,0
Actor,Ahlaam Muhammed,1,0,1
Actor,Nalin Hohler,1,0,1
Actor,Alhaji Fadika,1,1,0
Actor,Barton Cowperthwaite,1,0,1
Actor,Luke Jacobz,1,0,1
Actor,Samantha Bee,1,1,0
Actor,Somegoro Ichikawa,1,1,0
Actor,Francis Ressort,1,1,0
Actor,Goutham Shashidhar,1,1,0
Actor,Vishagan Vanangamudi,1,1,0
Actor,Anna Luna,1,1,0
Actor,Anna Davel,1,1,0
Actor,Lachlan Watson,1,0,1
Actor,Khitam el Leham,1,1,0
Actor,Hiroki Suzuki,1,1,0
Actor,Song Chae-yun,1,0,1
Actor,Evan Roderick,1,0,1
Actor,Álex Angulo,1,1,0
Actor,Bridget Shighadi,1,1,0
Actor,Daming Chen,1,1,0
Actor,Christabel Jazz Mistri,1,1,0
Actor,Alex Cox,1,1,0
Actor,Tom Skerritt,1,1,0
Actor,Kemi-Bo Jacobs,1,0,1
Actor,Stella Shute,1,1,0
Actor,Ben Lee,1,0,1
Actor,Doris Younane,1,0,1
Actor,Effie Rey,1,1,0
Actor,Rosalba Battaglia,1,1,0
Actor,Lina Teoh,1,0,1
Actor,Komal Singh,1,1,0
Actor,David Chao,1,0,1
Actor,Jim Bakkum,1,1,0
Actor,Rita El Khoury,1,1,0
Actor,Al Sharpton,1,1,0
Actor,Mo Amer,1,1,0
Actor,Marius Due,1,0,1
Actor,Sandeep Dhabale,1,0,1
Actor,Sreelekha Mitra,1,1,0
Actor,Gracen Daly,1,1,0
Actor,Frederick Koehler,1,1,0
Actor,Dean Cameron,1,1,0
Actor,Jan Wieteska,1,0,1
Actor,Tsutomu Isobe,1,1,0
Actor,Massimiliano Setti,1,1,0
Actor,Göktuğ Yıldırım,1,1,0
Actor,Leslie Grossman,1,0,1
Actor,Virender Nath Lubana,1,1,0
Actor,Juan Sebastián Gutiérrez,1,1,0
Actor,Natasha Goodman,1,1,0
Actor,Agnello Dias,1,1,0
Actor,Saman Amini,1,0,1
Actor,Sajith Nampiyar,1,1,0
Actor,Etim Effiong,1,0,1
Actor,Divya Sripada,1,1,0
Actor,Ketprapakorn Narikun,1,0,1
Actor,Aly Ibrahim,1,1,0
Actor,Haru Kuroki,1,1,0
Actor,Jonna Järnefelt,1,0,1
Actor,Gennaro Filippone,1,0,1
Actor,Jake Walker,1,1,0
Actor,John Brascia,1,1,0
Actor,Sreekanth Menon,1,1,0
Actor,Shiney Prakash,1,0,1
Actor,Shen Yu,1,0,1
Actor,Toke Makinwa,1,1,0
Actor,Ravi Bhushan Bhartiya,1,1,0
Actor,Cecilia de los Santos Vargas,1,0,1
Actor,Shoya Ishige,1,0,1
Actor,Drummond Money-Coutts,1,0,1
Actor,Iniya,1,1,0
Actor,Joe Anoa'i,1,1,0
Actor,Adonijah Owiriwa,1,1,0
Actor,Kerris Dorsey,1,1,0
Actor,Angus Barnett,1,1,0
Actor,Yvonne Nelson,1,1,0
Actor,Olivia Ainali,1,0,1
Actor,Constanza Romero,1,1,0
Actor,Gonzalo García Vivanco,1,1,0
Actor,Suthipongse Thatphithakkul,1,0,1
Actor,Hung Shiao-ling,1,1,0
Actor,Charmy Kaur,1,1,0
Actor,Maguy Bou Ghosn,1,0,1
Actor,Olivier Rousteing,1,1,0
Actor,Nannaphas Loetnamchoetsakun,1,0,1
Actor,Pitcho Womba Konga,1,1,0
Actor,Marian Quinn,1,1,0
Actor,Otmara Marrero,1,0,1
Actor,Amy Madigan,1,1,0
Actor,Mir Sarvar,1,1,0
Actor,Harsharan Singh,1,1,0
Actor,Soungdok,1,0,1
Actor,Adam Nourou,1,1,0
Actor,George Chakiris,1,1,0
Actor,Charlie Warzel,1,0,1
Actor,Rachel Khoo,1,0,1
Actor,Brian Murphy,1,0,1
Actor,Mélanie Doutey,1,1,0
Actor,Pat Fraley,1,1,0
Actor,Martín Karpan,1,0,1
Actor,Samuel Marty,1,1,0
Actor,Diana Wiswell,1,0,1
Actor,Xochitl Gomez,1,0,1
Actor,Jason Li,1,1,0
Actor,Jade Pettyjohn,1,1,0
Actor,Gyeon Seo,1,0,1
Actor,Rosie King,1,0,1
Actor,Manel Barceló,1,0,1
Actor,Vishwaksen Naidu,1,1,0
Actor,Sohum Shah,1,0,1
Actor,Jean Garcia,1,1,0
Actor,Kevin Wiggins,1,1,0
Actor,Lolita Chammah,1,1,0
Actor,I Made Sidia,1,1,0
Actor,David Nichtern,1,0,1
Actor,Peter Donat,1,1,0
Actor,Tommy Tiernan,1,0,1
Actor,Adam Herschman,1,1,0
Actor,Geetika Vidya Ohlyan,1,1,0
Actor,Tawfeek Barhom,1,1,0
Actor,Hassan Ben Badida,1,1,0
Actor,Nathaniel Deme,1,1,0
Actor,Lu Yi-long,1,0,1
Actor,Vihang Nayak,1,1,0
Actor,Thomas Doherty,1,1,0
Actor,Marcella Lowery,1,1,0
Actor,Nana Yanagisawa,1,0,1
Actor,Bryant Lee,1,0,1
Actor,Zenande Mfenyane,1,1,0
Actor,Katelijne Damen,1,1,0
Actor,Journey Christine,1,0,1
Actor,Paulo Sánchez Lima,1,1,0
Actor,Liu Jia Xi,1,0,1
Actor,Camilla Harden,1,1,0
Actor,Brijesh Ahuja,1,1,0
Actor,Jake Williamson,1,0,1
Actor,Majed El Masry,1,1,0
Actor,Amy Griffiths,1,1,0
Actor,Wolfgang Puck,1,1,0
Actor,Francesco Pannofino,1,1,0
Actor,Ryuji Akiyama,1,0,1
Actor,Amber Cosich,1,1,0
Actor,Prince Sube,1,1,0
Actor,Mayra Olivera,1,1,0
Actor,Kwak Dong-yeon,1,0,1
Actor,Darrell Taylor,1,0,1
Actor,Seema Al Khalidi,1,1,0
Actor,Jesús Mosquera,1,0,1
Actor,Brandon T. Jackson,1,0,1
Actor,Joey Wells,1,0,1
Actor,Manoj Bakshi,1,1,0
Actor,Maria Grazia Di Meo,1,1,0
Actor,Mayra Luna,1,0,1
Actor,Li Yongzhen,1,0,1
Actor,Sarah Goldberg,1,1,0
Actor,Karen,1,0,1
Actor,Angelica Page,1,1,0
Actor,Andromeda Godfrey,1,1,0
Actor,Franck Sasonoff,1,1,0
Actor,Lil Yachty,1,1,0
Actor,Kayode Olaseinde,1,1,0
Actor,Neels Clasen,1,1,0
Actor,Ashlyn Madden,1,0,1
Actor,Priyanka Kothari,1,1,0
Actor,Maisa Silva,1,1,0
Actor,Angie Harmon,1,1,0
Actor,Zhang Zhehao,1,0,1
Actor,Shin Min-a,1,0,1
Actor,Mitchell Anderson,1,1,0
Actor,Irshad,1,1,0
Actor,Gloria Groove,1,0,1
Actor,Inigo Prabhakaran,1,1,0
Actor,Zhan Yi-chun,1,0,1
Actor,Annadurai Kannadasan,1,1,0
Actor,Man-Wai Wong,1,1,0
Actor,RiRia,1,1,0
Actor,Clara Voda,1,1,0
Actor,Brahim Achabbakhe,1,1,0
Actor,Vincent Deniard,1,1,0
Actor,Marhoom Ahmad Bilal,1,1,0
Actor,Fernanda Concon,1,1,0
Actor,Jessica Graham,1,1,0
Actor,Ashay Chitre,1,1,0
Actor,Suvinder Vicky,1,1,0
Actor,Alex Diaz,1,1,0
Actor,John Legend,1,1,0
Actor,Jonah Bobo,1,1,0
Actor,Lucas Bravo,1,0,1
Actor,Mónica Lairana,1,1,0
Actor,Susan Hahn,1,1,0
Actor,Laura Rodríguez,1,0,1
Actor,Steven Crowley,1,1,0
Actor,Malcolm Treviño-Sitté,1,1,0
Actor,David Tran,1,1,0
Actor,Simo Mogwaza,1,1,0
Actor,David Bowie,1,1,0
Actor,Joey Klein,1,1,0
Actor,Tommaso Paradiso,1,1,0
Actor,Lisa Berry,1,0,1
Actor,Masahiko Tanaka,1,0,1
Actor,Chris Conner,1,0,1
Actor,Han Ju-yeong,1,1,0
Actor,Tye White,1,0,1
Actor,December Ensminger,1,1,0
Actor,Antonio López Torres,1,0,1
Actor,Melis İşiten,1,1,0
Actor,Marie Narbonne,1,1,0
Actor,Andonis Anthony,1,0,1
Actor,Shiloh Verrico,1,0,1
Actor,Adrian Moore,1,0,1
Actor,Kool Shen,1,1,0
Actor,Randall Tex Cobb,1,1,0
Actor,Coney Reyes,1,1,0
Actor,Debo Akibe,1,1,0
Actor,Charlie Hannah,1,1,0
Actor,Auli'i Cravalho,1,1,0
Actor,Rami Doueiri,1,1,0
Actor,Coty Camacho,1,0,1
Actor,Magdi Idris,1,1,0
Actor,Nikis Theophilakis,1,0,1
Actor,Mae Tan,1,0,1
Actor,Alexis Michalik,1,1,0
Actor,Yoko Takahashi,1,1,0
Actor,Luca Lionello,1,0,1
Actor,Habib Hammoud,1,1,0
Actor,Catherine Cohen,1,1,0
Actor,Makarand Mukund,1,1,0
Actor,Shivatmika Rajasekhar,1,1,0
Actor,Abun Sungkar,1,1,0
Actor,Dario Yazbek Bernal,1,0,1
Actor,Trupti Khamkar,1,0,1
Actor,Jomjaoi Sae-Limh,1,1,0
Actor,Agustín Jiménez,1,1,0
Actor,Cameron Zink,1,1,0
Actor,Chelsie Preston Crayford,1,1,0
Actor,Takashi Taniguchi,1,1,0
Actor,Kim Kold,1,1,0
Actor,Evelin Dobos,1,1,0
Actor,Rahul Jugraj,1,1,0
Actor,Simon Amstell,1,1,0
Actor,John Kerry,1,1,0
Actor,Hsia Ching-ting,1,0,1
Actor,Mohamed Ezz,1,1,0
Actor,Saif Abu-Kandil,1,1,0
Actor,David Stakston,1,0,1
Actor,Alexandre Goyette,1,1,0
Actor,Darryl Kurylo,1,1,0
Actor,Gloria Muñoz,1,1,0
Actor,Gilbert Montoya,1,1,0
Actor,Veera Saxena,1,1,0
Actor,Lisa Teige,1,1,0
Actor,Sophia Myles,1,1,0
Actor,Meera Ali,1,1,0
Actor,Tony Leung Ka-fai,1,1,0
Actor,Giacomo Rosselli,1,1,0
Actor,Liam Mitchell,1,0,1
Actor,Gemini Ganesan,1,1,0
Actor,Amrita Prakash,1,1,0
Actor,Jonny Cruz,1,0,1
Actor,Vincent Walsh,1,1,0
Actor,Hitoshi Honma,1,0,1
Actor,Premmanat Suwannanon,1,0,1
Actor,Yuan Hao,1,0,1
Actor,Daria Widawska,1,1,0
Actor,Carlos Belloso,1,0,1
Actor,Arun Mukherjee,1,1,0
Actor,Ana Radu,1,1,0
Actor,Shenina Cinnamon,1,1,0
Actor,Nadia Shukri,1,1,0
Actor,Goran Kostic,1,1,0
Actor,Nadia Dutch,1,1,0
Actor,Ari Eldjárn,1,1,0
Actor,Mamtha Mohandas,1,1,0
Actor,Henry Simmons,1,0,1
Actor,Junaid Akhtar,1,1,0
Actor,Imanothai Kawin,1,0,1
Actor,Shad Kabango,1,0,1
Actor,Mavis Staples,1,1,0
Actor,Håkon T. Nielsen,1,1,0
Actor,Dino Andrade,1,1,0
Actor,Colin Stinton,1,1,0
Director,Rajiv Chilaka,22,22,0
Director,Jan Suter,21,21,0
Director,Raúl Campos,19,19,0
Director,Marcus Raboy,16,15,1
Director,Suhas Kadav,16,16,0
Director,Jay Karas,15,15,0
Director,Cathy Garcia-Molina,13,13,0
Director,Youssef Chahine,12,12,0
Director,Martin Scorsese,12,12,0
Director,Jay Chapman,12,12,0
Director,Steven Spielberg,11,11,0
Director,Don Michael Paul,10,10,0
Director,Anurag Kashyap,9,8,1
Director,Yılmaz Erdoğan,9,9,0
Director,David Dhawan,9,9,0
Director,Shannon Hartman,9,9,0
Director,Ryan Polito,8,7,1
Director,Hanung Bramantyo,8,8,0
Director,Hakan Algül,8,8,0
Director,Lance Bangs,8,8,0
Director,Kunle Afolayan,8,8,0
Director,Fernando Ayllón,8,8,0
Director,Quentin Tarantino,8,7,1
Director,Johnnie To,8,8,0
Director,Troy Miller,8,8,0
Director,Robert Rodriguez,8,8,0
Director,Umesh Mehra,8,8,0
Director,Justin G. Dyck,8,8,0
Director,Lasse Hallström,7,7,0
Director,Mae Czarina Cruz,7,7,0
Director,Ozan Açıktan,7,7,0
Director,Omoni Oboli,7,7,0
Director,Hidenori Inoue,7,7,0
Director,Noah Baumbach,7,7,0
Director,S.S. Rajamouli,7,7,0
Director,Clint Eastwood,7,7,0
Director,Prakash Satam,7,7,0
Director,Toshiya Shinohara,7,7,0
Director,Dibakar Banerjee,7,7,0
Director,Ram Gopal Varma,7,7,0
Director,Ron Howard,7,7,0
Director,Priyadarshan,7,6,1
Director,Leslie Small,7,7,0
Director,McG,7,7,0
Director,Ashutosh Gowariker,6,6,0
Director,David Fincher,6,6,0
Director,Manny Rodriguez,6,6,0
Director,Steve Brill,6,6,0
Director,Karan Johar,6,6,0
Director,Wong Jing,6,6,0
Director,Steve Ball,6,6,0
Director,Rocky Soraya,6,6,0
Director,Joey So,6,6,0
Director,William Lau,6,6,0
Director,Jesse V. Johnson,6,6,0
Director,Michael Simon,6,5,1
Director,Zoya Akhtar,6,6,0
Director,Sooraj R. Barjatya,6,6,0
Director,Sameh Abdulaziz,6,6,0
Director,Steven Soderbergh,6,6,0
Director,Vlad Yudin,6,6,0
Director,Robert Vince,6,6,0
Director,Rajkumar Santoshi,6,6,0
Director,Tilak Shetty,6,6,0
Director,Milan Luthria,6,6,0
Director,Kevin Smith,6,6,0
Director,Anees Bazmee,6,6,0
Director,Imtiaz Ali,6,6,0
Director,Robert Luketic,6,6,0
Director,Riri Riza,6,6,0
Director,Wenn V. Deramas,6,6,0
Director,Matt Askem,6,6,0
Director,Ava DuVernay,5,5,0
Director,Rajiv Mehra,5,5,0
Director,Khaled Marei,5,5,0
Director,Antoinette Jadaone,5,5,0
Director,Niyi Akinmolayan,5,5,0
Director,Mike Smith,5,4,1
Director,Mani Ratnam,5,5,0
Director,Paul Thomas Anderson,5,5,0
Director,John G. Avildsen,5,5,0
Director,Abbas Alibhai Burmawalla,5,5,0
Director,Vishal Bhardwaj,5,5,0
Director,Angga Dwimas Sasongko,5,5,0
Director,Abhishek Chaubey,5,4,1
Director,Kıvanç Baruönü,5,5,0
Director,Lana Wachowski,5,5,0
Director,Rohit Shetty,5,5,0
Director,Robb Wells,5,4,1
Director,Nagesh Kukunoor,5,5,0
Director,David Batty,5,5,0
Director,John Paul Tremblay,5,4,1
Director,Spike Lee,5,5,0
Director,Lilly Wachowski,5,5,0
Director,Madhur Bhandarkar,5,5,0
Director,Indra Kumar,5,5,0
Director,Masahiko Murata,5,5,0
Director,Ishi Rudell,5,5,0
Director,Stanley Moore,5,5,0
Director,Ken Burns,5,2,3
Director,Shigeaki Kubo,5,5,0
Director,Poj Arnon,5,5,0
Director,Alex Woo,5,5,0
Director,Jay Roach,5,5,0
Director,Andy Tennant,5,5,0
Director,Martin Campbell,5,5,0
Director,Thierry Donard,5,5,0
Director,Lynn Shelton,5,5,0
Director,Mike Clattenburg,5,5,0
Director,Vince Marcello,5,5,0
Director,Oliver Stone,5,4,1
Director,Mastan Alibhai Burmawalla,5,5,0
Director,Detlev Buck,5,5,0
Director,Wilson Yip,5,5,0
Director,Mahesh Manjrekar,5,5,0
Director,Joe Berlinger,5,3,2
Director,Prakash Jha,5,5,0
Director,Rathindran R Prasad,5,4,1
Director,Anurag Basu,5,5,0
Director,Brad Anderson,4,3,1
Director,John Huston,4,4,0
Director,Karthik Subbaraj,4,3,1
Director,Antoine Fuqua,4,4,0
Director,Christopher Storer,4,4,0
Director,Raja Gosnell,4,4,0
Director,Maroun Baghdadi,4,4,0
Director,Rob Reiner,4,4,0
Director,Sudhir Mishra,4,4,0
Director,Peter Farrelly,4,4,0
Director,Chris Stokes,4,4,0
Director,Fernando González Molina,4,4,0
Director,Ahmed Nader Galal,4,4,0
Director,Mike Flanagan,4,3,1
Director,Brian Levant,4,4,0
Director,Luis Ara,4,4,0
Director,Wael Ehsan,4,4,0
Director,Clay Glen,4,4,0
Director,Sean McNamara,4,4,0
Director,Yoshiyuki Tomino,4,4,0
Director,Conrad Helten,4,4,0
Director,Stan Lathan,4,2,2
Director,Gregory Hoblit,4,4,0
Director,Subhash Ghai,4,4,0
Director,Lee Tamahori,4,4,0
Director,Bo Burnham,4,4,0
Director,Farah Khan,4,4,0
Director,Kundan Shah,4,4,0
Director,Michael McKay,4,4,0
Director,Dan Villegas,4,4,0
Director,Frank Capra,4,4,0
Director,Fajar Bustomi,4,4,0
Director,Rohit Jugraj,4,4,0
Director,Shyam Benegal,4,4,0
Director,Nishikant Kamat,4,4,0
Director,Mike Gunther,4,4,0
Director,Jeremy Saulnier,4,4,0
Director,Shaun Paul Piccinino,4,4,0
Director,Antonio Campos,4,4,0
Director,Rakeysh Omprakash Mehra,4,4,0
Director,Qaushiq Mukherjee,4,4,0
Director,Werner Herzog,4,4,0
Director,Barry Avrich,4,4,0
Director,Edward Cotterill,4,4,0
Director,Chia-Liang Liu,4,4,0
Director,Kayode Kasum,4,4,0
Director,David Ayer,4,3,1
Director,Jun Lana,4,4,0
Director,Cristina Jacob,4,4,0
Director,Michael Tiddes,4,4,0
Director,Alastair Fothergill,4,1,3
Director,Hernán Zin,4,4,0
Director,Rob Minkoff,4,4,0
Director,Bruno Garotti,4,4,0
Director,Roger Kumble,4,4,0
Director,Lucas Margutti,4,4,0
Director,Terry Gilliam,4,4,0
Director,Steve Carr,4,4,0
Director,Dennis Dugan,4,4,0
Director,B. V. Nandini Reddy,4,3,1
Director,Paul Dugdale,4,4,0
Director,Vikramaditya Motwane,4,3,1
Director,David Zucker,4,4,0
Director,Ahmad El-Badri,4,4,0
Director,Savage Steve Holland,4,4,0
Director,Wael Ihsan,4,4,0
Director,Farhan Akhtar,4,4,0
Director,Moses Inwang,4,4,0
Director,Hiroyuki Seshita,4,3,1
Director,Banjong Pisanthanakun,4,4,0
Director,Sam Liu,4,4,0
Director,Hrishikesh Mukherjee,4,4,0
Director,Peter Segal,4,4,0
Director,Mike Newell,4,4,0
Director,Ernie Barbarash,4,4,0
Director,Philippe Aractingi,4,4,0
Director,Kemi Adetiba,3,2,1
Director,Adam Carolla,3,3,0
Director,Ribhu Dasgupta,3,3,0
Director,Karyn Kusama,3,3,0
Director,Vicky Matthews,3,3,0
Director,Ismail Farouk,3,3,0
Director,Steve Sacks,3,3,0
Director,Abhishek Kapoor,3,3,0
Director,Dante Lam,3,3,0
Director,Yasmin Ahmad,3,3,0
Director,Jon Rosenbaum,3,3,0
Director,Neal Brennan,3,3,0
Director,Michael Bay,3,3,0
Director,Shirish Kunder,3,3,0
Director,Mahmoud Karim,3,3,0
Director,Sumitra Bhave,3,3,0
Director,John Schultz,3,3,0
Director,Pidi Baiq,3,3,0
Director,Richard Weston,3,3,0
Director,Neeraj Pandey,3,3,0
Director,G.J. Echternkamp,3,3,0
Director,Garry Marshall,3,3,0
Director,Israel Adrián Caetano,3,3,0
Director,Leigh Janiak,3,3,0
Director,Rako Prijanto,3,3,0
Director,Robert O. Peters,3,3,0
Director,Bobby Farrelly,3,3,0
Director,Barry Levinson,3,3,0
Director,Roger Allers,3,3,0
Director,Wolfgang Petersen,3,3,0
Director,Gerardo Olivares,3,3,0
Director,Joel Coen,3,3,0
Director,Jeff Baena,3,3,0
Director,Leena Yadav,3,3,0
Director,Elaine McMillion Sheldon,3,2,1
Director,Ric Roman Waugh,3,3,0
Director,Mark A.Z. Dippé,3,3,0
Director,Greg Rankin,3,3,0
Director,John Asher,3,3,0
Director,Ashwin Saravanan,3,3,0
Director,Tim Burton,3,3,0
Director,Julien Leclercq,3,2,1
Director,Paul W.S. Anderson,3,3,0
Director,Paul Greengrass,3,3,0
Director,Chris Buck,3,3,0
Director,Eli Roth,3,2,1
Director,Orlando von Einsiedel,3,3,0
Director,Cosima Spender,3,2,1
Director,Jon M. Chu,3,3,0
Director,Michael Dowse,3,3,0
Director,Bobcat Goldthwait,3,3,0
Director,Ron Myrick,3,3,0
Director,Hasan Karacadağ,3,3,0
Director,Ron Oliver,3,3,0
Director,Gabriele Muccino,3,3,0
Director,Jonathan Demme,3,3,0
Director,Simon Wells,3,3,0
Director,Robert Zemeckis,3,3,0
Director,Mohamed Hamdy,3,3,0
Director,Eric Darnell,3,3,0
Director,Barak Goodman,3,3,0
Director,Latif Faiziyev,3,3,0
Director,Alex Lehmann,3,3,0
Director,Rajkumar Hirani,3,3,0
Director,Cheh Chang,3,3,0
Director,Tope Oshin,3,3,0
Director,Amr Arafa,3,3,0
Director,Ömer Faruk Sorak,3,3,0
Director,Prakash Mehra,3,3,0
Director,Mohamed Samy,3,3,0
Director,Adam Shankman,3,3,0
Director,Adam McKay,3,3,0
Director,Florent Bodin,3,3,0
Director,Shyamal Chaulia,3,3,0
Director,Tom Hooper,3,3,0
Director,Frank Oz,3,3,0
Director,Dustin McKenzie,3,3,0
Director,Linda Mendoza,3,3,0
Director,Obi Emelonye,3,2,1
Director,Peyton Reed,3,3,0
Director,Ketan Mehta,3,3,0
Director,Renny Harlin,3,3,0
Director,Pang Ho-cheung,3,3,0
Director,Ivan Reitman,3,3,0
Director,Andibachtiar Yusuf,3,3,0
Director,Les Mayfield,3,3,0
Director,TJ Sullivan,3,3,0
Director,Olivia M. Lamasan,3,3,0
Director,Ezekiel Norton,3,3,0
Director,Akiva Schaffer,3,3,0
Director,Asit Mohapatra,3,3,0
Director,Gajendra Ahire,3,3,0
Director,Chris Howe,3,3,0
Director,Mark Raso,3,3,0
Director,Michèle Ohayon,3,3,0
Director,Petra Costa,3,3,0
Director,Tiller Russell,3,2,1
Director,Yoshikazu Yasuhiko,3,3,0
Director,Simon Wincer,3,3,0
Director,Greg MacGillivray,3,3,0
Director,Hardik Mehta,3,3,0
Director,Sermiyan Midyat,3,3,0
Director,Jerry Rothwell,3,3,0
Director,Ahmed Al-Badry,3,3,0
Director,Chapman Way,3,3,0
Director,Mark Waters,3,3,0
Director,Olivier Assayas,3,3,0
Director,BB Sasore,3,2,1
Director,Peter Jackson,3,3,0
Director,Diego Pignataro,3,3,0
Director,Note Chern-Yim,3,3,0
Director,Barry Sonnenfeld,3,3,0
Director,Blair Simmons,3,3,0
Director,David R. Ellis,3,3,0
Director,Jalil Lespert,3,2,1
Director,Atom Egoyan,3,3,0
Director,Brett Haley,3,3,0
Director,Vikas Bahl,3,3,0
Director,Ricky Gervais,3,3,0
Director,Sachin Yardi,3,3,0
Director,Remo D'Souza,3,3,0
Director,Kief Davidson,3,3,0
Director,Todd Phillips,3,3,0
Director,Nila Madhab Panda,3,3,0
Director,Marc Forster,3,3,0
Director,Scott Stewart,3,3,0
Director,Sujoy Ghosh,3,3,0
Director,Gonzalo López-Gallego,3,3,0
Director,Chris Weitz,3,3,0
Director,Noriyuki Abe,3,3,0
Director,Bejoy Nambiar,3,2,1
Director,Phillip Noyce,3,3,0
Director,Adriano Rudiman,3,3,0
Director,Sofia Coppola,3,3,0
Director,Jared Hess,3,2,1
Director,Guillermo del Toro,3,3,0
Director,Kim Nguyen,3,3,0
Director,Anirban Majumder,3,3,0
Director,Reginald Hudlin,3,3,0
Director,Rob Cohen,3,3,0
Director,Rajiv Menon,3,3,0
Director,Christopher Nolen,3,3,0
Director,Craig Brewer,3,3,0
Director,Ifa Isfansyah,3,2,1
Director,Sunil Sukthankar,3,3,0
Director,Paul Weitz,3,3,0
Director,Chris Smith,3,3,0
Director,Raj Kumar Gupta,3,3,0
Director,Shawn Levy,3,3,0
Director,Burak Aksak,3,3,0
Director,Jeff Nichols,3,3,0
Director,Abhinay Deo,3,3,0
Director,Louis C.K.,3,3,0
Director,Raj Kapoor,3,3,0
Director,Nate Adams,3,3,0
Director,Lekh Tandon,3,3,0
Director,Maclain Way,3,3,0
Director,Amitoj Mann,3,3,0
Director,Charles Stone III,3,3,0
Director,Theodore Boborol,3,3,0
Director,Pablo Larraín,3,3,0
Director,Kazuchika Kise,3,3,0
Director,Aziz Mirza,3,3,0
Director,Sebastián Schindel,3,3,0
Director,Kobun Shizuno,3,2,1
Director,Toshiyuki Kubooka,3,3,0
Director,Alexis Morante,3,3,0
Director,Andrew Duncan,3,3,0
Director,Kenneth Gyang,3,3,0
Director,Adze Ugah,3,3,0
Director,John Lee Hancock,3,3,0
Director,John Fortenberry,3,3,0
Director,Manolo Caro,3,2,1
Director,Abhishek Sharma,3,3,0
Director,Andrew Lau Wai-Keung,3,3,0
Director,Roger Donaldson,3,3,0
Director,Pratim D. Gupta,3,3,0
Director,Steven C. Miller,3,3,0
Director,Peter Spirer,3,3,0
Director,James Wan,3,3,0
Director,Marcos Bucay,3,3,0
Director,Roland Emmerich,3,3,0
Director,Cem Yılmaz,3,3,0
Director,Ishaya Bako,3,3,0
Director,Momoko Kamiya,3,3,0
Director,Sylvester Stallone,3,3,0
Director,Maria Ripoll,3,3,0
Director,Adrian Teh,3,3,0
Director,Toka McBaror,3,3,0
Director,Jane Campion,3,3,0
Director,Walter Hill,3,3,0
Director,David Michôd,3,3,0
Director,Morgan Neville,3,3,0
Director,Scott Zabielski,3,3,0
Director,Seyi Babatope,3,3,0
Director,Onir,3,3,0
Director,Timo Tjahjanto,3,3,0
Director,Alfonso Cuarón,3,3,0
Director,Gilles Paquet-Brenner,3,3,0
Director,Mahesh Bhatt,3,3,0
Director,Frank Coraci,3,3,0
Director,Andrzej Bartkowiak,3,3,0
Director,Drake Doremus,3,3,0
Director,Matías Gueilburt,3,3,0
Director,Soudade Kaadan,3,3,0
Director,Rano Karno,3,3,0
Director,Chandrakant Kulkarni,3,3,0
Director,Seth Barrish,3,3,0
Director,Mikhail Red,3,3,0
Director,Vivieno Caldinelli,3,3,0
Director,Alex Díaz,3,3,0
Director,Bedran Güzel,3,3,0
Director,Ken Ghosh,3,3,0
Director,David Mackenzie,3,3,0
Director,Joe Camp,3,3,0
Director,Walter C. Miller,3,3,0
Director,Satish Rajwade,3,3,0
Director,Gastón Duprat,3,3,0
Director,Pankaj Batra,3,3,0
Director,Munjal Shroff,3,3,0
Director,Tate Taylor,3,3,0
Director,Ethan Coen,3,3,0
Director,Barbra Streisand,2,2,0
Director,Patrick Brice,2,2,0
Director,Dino Risi,2,2,0
Director,Iginio Straffi,2,0,2
Director,Karen J. Lloyd,2,2,0
Director,Stephen Chiodo,2,2,0
Director,Federico Lemos,2,2,0
Director,Benny Safdie,2,2,0
Director,Smeep Kang,2,2,0
Director,Ronna Gradus,2,1,1
Director,Aaron Moorhead,2,2,0
Director,Zak Hilditch,2,2,0
Director,Mez Tharatorn,2,2,0
Director,Ross Boyask,2,2,0
Director,Liam Lynch,2,2,0
Director,Vinil Mathew,2,2,0
Director,Mark Palansky,2,2,0
Director,Stephen Herek,2,2,0
Director,Saratswadee Wongsomphet,2,2,0
Director,Måns Mårlind,2,2,0
Director,Hazem Fouda,2,2,0
Director,Tom Shadyac,2,2,0
Director,Gary Fleder,2,2,0
Director,Javier Ruiz Caldera,2,2,0
Director,Weica Wang,2,1,1
Director,Antonio Serrano,2,2,0
Director,Daniel Alfredson,2,2,0
Director,Randal Kleiser,2,2,0
Director,Daniel Kontur,2,1,1
Director,Bryan Bertino,2,2,0
Director,Fabien Beziat,2,2,0
Director,Terry Jones,2,2,0
Director,Kabir Sadanand,2,2,0
Director,Aditya Sarpotdar,2,2,0
Director,Shakun Batra,2,2,0
Director,Ridley Scott,2,2,0
Director,Brad Peyton,2,2,0
Director,Brian Volk-Weiss,2,2,0
Director,Rian Johnson,2,2,0
Director,Punit Malhotra,2,2,0
Director,Brian Oakes,2,2,0
Director,Steve Gukas,2,2,0
Director,Hadi El Bagoury,2,2,0
Director,Steve Paley,2,2,0
Director,Erik Canuel,2,2,0
Director,Santosh Sivan,2,2,0
Director,Jota Linares,2,2,0
Director,Julia Reichert,2,1,1
Director,Hajime Kamegaki,2,2,0
Director,Simon J. Smith,2,2,0
Director,Susannah Ward,2,2,0
Director,Alistair Legrand,2,2,0
Director,Davis Guggenheim,2,2,0
Director,Fisher Stevens,2,2,0
Director,Mateo Gil,2,1,1
Director,Daniel Stamm,2,2,0
Director,Joseph Sargent,2,2,0
Director,David Dobkin,2,2,0
Director,Chito S. Roño,2,2,0
Director,Selçuk Aydemir,2,2,0
Director,Ted Emery,2,2,0
Director,Funke Akindele,2,2,0
Director,Jayson Thiessen,2,2,0
Director,James Bobin,2,2,0
Director,Thomas Sieben,2,2,0
Director,Mark Tonderai,2,1,1
Director,Ringo Lam,2,2,0
Director,JP Habac,2,2,0
Director,Luis Valdez,2,2,0
Director,Gore Verbinski,2,2,0
Director,Floyd Russ,2,2,0
Director,Jayan Moodley,2,2,0
Director,Faris Godus,2,1,1
Director,John Ford,2,2,0
Director,Baljit Singh Deo,2,2,0
Director,James Ponsoldt,2,2,0
Director,Ziad Doueiri,2,1,1
Director,Jon Shenk,2,2,0
Director,Bunmi Ajakaiye,2,1,1
Director,Kristian Mercado,2,2,0
Director,Eduardo Chauvet,2,2,0
Director,Rhys Thomas,2,2,0
Director,Josh Safdie,2,2,0
Director,Michael Fimognari,2,2,0
Director,Sang-ho Yeon,2,2,0
Director,Rizal Mantovani,2,2,0
Director,Chris Renaud,2,2,0
Director,Ted Demme,2,2,0
Director,David Fairhead,2,2,0
Director,Olivier Megaton,2,1,1
Director,Tyler Perry,2,2,0
Director,Park Hoon-jung,2,2,0
Director,Ali F. Mostafa,2,2,0
Director,Shashank Khaitan,2,2,0
Director,Jill Bauer,2,1,1
Director,Patricia Rozema,2,2,0
Director,Anthony Giordano,2,2,0
Director,Eduardo Roy Jr.,2,2,0
Director,Upi Avianto,2,2,0
Director,Kim Seong-hun,2,1,1
Director,Rodrigo Van Der Put,2,2,0
Director,Shakti Samanta,2,2,0
Director,Bong Joon Ho,2,2,0
Director,Kingsley Ogoro,2,2,0
Director,Cristi Puiu,2,2,0
Director,Alex Zamm,2,2,0
Director,Ian Cheney,2,2,0
Director,Jonathan Levine,2,2,0
Director,Jehane Noujaim,2,2,0
Director,Sherif Arafa,2,2,0
Director,Stephen Frears,2,2,0
Director,Vikram Bhatt,2,2,0
Director,Ross Kauffman,2,2,0
Director,Mary Harron,2,2,0
Director,Chris Sivertson,2,2,0
Director,Isaac Ezban,2,2,0
Director,Jani Lachauer,2,1,1
Director,Sridhar Rangayan,2,2,0
Director,Tarsem Singh,2,2,0
Director,Tanuja Chandra,2,2,0
Director,Courtney Hunt,2,2,0
Director,Eric Radomski,2,2,0
Director,David Gordon Green,2,2,0
Director,Shlok Sharma,2,2,0
Director,Bill Condon,2,2,0
Director,Paul Haggis,2,2,0
Director,Joyce Bernal,2,2,0
Director,Femi Oyeniran,2,2,0
Director,Hideaki Anno,2,2,0
Director,Michael Goguen,2,2,0
Director,Rob Marshall,2,2,0
Director,Sudesh Manjrekar,2,2,0
Director,Sidheswar Shukla,2,2,0
Director,Lewis Milestone,2,2,0
Director,Neil Jordan,2,2,0
Director,Lars von Trier,2,2,0
Director,Leslie Iwerks,2,2,0
Director,Mark Thornton,2,2,0
Director,Dennie Gordon,2,2,0
Director,Herman Yau,2,2,0
Director,Tsuyoshi Nakakuki,2,2,0
Director,Ruel S. Bayani,2,2,0
Director,Charles Uwagbai,2,2,0
Director,Howard Zieff,2,2,0
Director,Tim Maltby,2,2,0
Director,Shinji Aramaki,2,2,0
Director,Sachin,2,2,0
Director,Nikhil Advani,2,2,0
Director,Shivam Nair,2,2,0
Director,Rashida Jones,2,1,1
Director,Keith Scholey,2,2,0
Director,Rachel Grady,2,2,0
Director,Gareth Evans,2,2,0
Director,Taika Waititi,2,2,0
Director,Sion Sono,2,1,1
Director,Sam Taplin,2,2,0
Director,A. L. Vijay,2,2,0
Director,Darren Lynn Bousman,2,2,0
Director,Masaru Matsumoto,2,2,0
Director,Luis Estrada,2,2,0
Director,Jon Lucas,2,2,0
Director,Errol Morris,2,2,0
Director,Emmett Malloy,2,2,0
Director,Sriram Raghavan,2,2,0
Director,Syrine Boulanouar,2,2,0
Director,Sam Raimi,2,2,0
Director,Hsu Fu-chun,2,0,2
Director,Randall Lobb,2,2,0
Director,Peter Orton,2,2,0
Director,Ruben Fleischer,2,2,0
Director,Noam Murro,2,1,1
Director,Andrew Tan,2,1,1
Director,Alexandre Avancini,2,2,0
Director,Aditya Kripalani,2,2,0
Director,Alex Timbers,2,2,0
Director,J.C. Chandor,2,2,0
Director,Reema Kagti,2,2,0
Director,Hiromasa Yonebayashi,2,2,0
Director,David E. Talbert,2,2,0
Director,Jose Manuel Colón,2,2,0
Director,Peter Chelsom,2,2,0
Director,Jonathan Mostow,2,2,0
Director,Kim Joo-hyung,2,2,0
Director,Jeffrey Walker,2,2,0
Director,Tim Johnson,2,2,0
Director,Charlie Lightening,2,2,0
Director,David M. Rosenthal,2,2,0
Director,S.S. Wilson,2,2,0
Director,Martin Gorst,2,2,0
Director,Sze Yu Lau,2,2,0
Director,Jung-ah Im,2,0,2
Director,Rod Blackhurst,2,2,0
Director,Tosin Igho,2,2,0
Director,Paul Soriano,2,2,0
Director,Sekhar Kammula,2,2,0
Director,Richard LaGravenese,2,2,0
Director,William Brent Bell,2,2,0
Director,Dallas Jackson,2,2,0
Director,Bert Marcus,2,2,0
Director,Walter Taylaur,2,2,0
Director,Avadhoot Gupte,2,2,0
Director,Johannes Roberts,2,2,0
Director,Dan Gilroy,2,2,0
Director,Luis Lopez,2,2,0
Director,Alex Proyas,2,2,0
Director,Todd Kauffman,2,2,0
Director,Scott Moran,2,2,0
Director,Nitesh Tiwari,2,2,0
Director,Mark Osborne,2,2,0
Director,Bill D'Elia,2,2,0
Director,Dharmesh Darshan,2,2,0
Director,Nadia Hallgren,2,2,0
Director,Gautham Vasudev Menon,2,0,2
Director,Don Bluth,2,2,0
Director,Danny Boyle,2,2,0
Director,Erwin van den Eshof,2,2,0
Director,Dominic Sena,2,2,0
Director,Mohamed Diab,2,2,0
Director,Laura Brownson,2,2,0
Director,Hani Hamdi,2,2,0
Director,James Yukich,2,2,0
Director,Ali Taner Baltacı,2,2,0
Director,Chris Bell,2,2,0
Director,Alejandro Montiel,2,2,0
Director,Oluseyi Asurf,2,2,0
Director,Liz Garbus,2,2,0
Director,Sam Wrench,2,2,0
Director,Asif Kapadia,2,2,0
Director,John Hillcoat,2,2,0
Director,Sam Hobkinson,2,2,0
Director,Wayne Blair,2,2,0
Director,Masaaki Yuasa,2,1,1
Director,George Clooney,2,2,0
Director,Zoe Berriatúa,2,2,0
Director,Jeremy Kenyon Lockyer Corbell,2,2,0
Director,Shin Won-ho,2,0,2
Director,Tony Giglio,2,2,0
Director,Tom Donahue,2,2,0
Director,Anthony Scott Burns,2,2,0
Director,Bradley Parker,2,2,0
Director,Anthony D'Souza,2,2,0
Director,Will Yapp,2,2,0
Director,Paul Solet,2,2,0
Director,M. Night Shyamalan,2,2,0
Director,Mohit Suri,2,2,0
Director,Haifaa Al-Mansour,2,2,0
Director,Audu Paden,2,2,0
Director,Ramsey Nouah,2,2,0
Director,Álex de la Iglesia,2,2,0
Director,Justin Webster,2,1,1
Director,Satish Kaushik,2,2,0
Director,Sean Penn,2,2,0
Director,Marcelo Galvão,2,2,0
Director,Kyle Newacheck,2,2,0
Director,Kim A. Snyder,2,2,0
Director,Oriol Paulo,2,1,1
Director,Dave Higby,2,2,0
Director,Harvey Lowry,2,2,0
Director,Tyler Spindel,2,2,0
Director,Christopher Guest,2,2,0
Director,Nagraj Manjule,2,2,0
Director,Ryan Murphy,2,2,0
Director,Stanley Kubrick,2,2,0
Director,Sam Dunn,2,2,0
Director,Alejandro Fernández Almendras,2,2,0
Director,John Dahl,2,2,0
Director,Pascal Amanfo,2,2,0
Director,Michael Winterbottom,2,2,0
Director,Soumendra Padhi,2,1,1
Director,Scott Aukerman,2,2,0
Director,Stanley Tong,2,2,0
Director,Kedar Shinde,2,2,0
Director,Osgood Perkins,2,2,0
Director,T.J. Martin,2,2,0
Director,Stephen Chow,2,2,0
Director,Peter Hutchings,2,2,0
Director,Anthony Minghella,2,2,0
Director,Gary Ross,2,2,0
Director,Trivikram Srinivas,2,2,0
Director,Lucky Kuswandi,2,2,0
Director,Malcolm D. Lee,2,2,0
Director,Stacie Passon,2,2,0
Director,Trey Edward Shults,2,2,0
Director,David Sington,2,2,0
Director,John Wells,2,2,0
Director,Joe DeMaio,2,2,0
Director,Chanda Bell,2,2,0
Director,Simon Stone,2,2,0
Director,Frank Rajah Arase,2,2,0
Director,Kagiso Lediga,2,2,0
Director,David Paul Meyer,2,2,0
Director,Brian De Palma,2,2,0
Director,Harold Cronk,2,2,0
Director,Gus Van Sant,2,2,0
Director,Alejandro Agresti,2,2,0
Director,Abba T. Makama,2,2,0
Director,Matt Kugelman,2,2,0
Director,Jason Reitman,2,2,0
Director,Bille Woodruff,2,2,0
Director,Esteban Vidal,2,2,0
Director,Wes Craven,2,2,0
Director,Larry Latham,2,2,0
Director,Ulises Valencia,2,2,0
Director,Jacob Joice,2,2,0
Director,A.R. Murugadoss,2,2,0
Director,Satyajit Bhatkal,2,2,0
Director,Mukul Anand,2,2,0
Director,John Dower,2,1,1
Director,Nicholas Kharkongor,2,2,0
Director,Binayak Das,2,2,0
Director,Ashok Nanda,2,2,0
Director,Manish Jha,2,2,0
Director,Jeethu Joseph,2,2,0
Director,Jason Paul Laxamana,2,2,0
Director,Swapnaneel Jayakar,2,2,0
Director,Brad Bird,2,2,0
Director,Navaniat Singh,2,2,0
Director,Francesco Imperato,2,2,0
Director,Hussein Kamal,2,2,0
Director,Colin Trevorrow,2,2,0
Director,Salvador Calvo,2,2,0
Director,David Pastor,2,2,0
Director,Mariano Cohn,2,2,0
Director,Toa Fraser,2,2,0
Director,Michael J. Bassett,2,2,0
Director,Warren P. Sonoda,2,2,0
Director,William Wyler,2,2,0
Director,Andy Fickman,2,2,0
Director,Steven Brill,2,2,0
Director,Girish Malik,2,2,0
Director,Ksshitij Chaudhary,2,2,0
Director,David Pablos,2,2,0
Director,Eric Idle,2,2,0
Director,Michael D. Black,2,2,0
Director,Eli Craig,2,2,0
Director,Sanjay Jadhav,2,2,0
Director,Daniel Lindsay,2,2,0
Director,Luis Alfaro,2,1,1
Director,Makarand Mane,2,2,0
Director,Everardo González,2,2,0
Director,Rudy Soedjarwo,2,2,0
Director,Mysskin,2,2,0
Director,Rob Seidenglanz,2,0,2
Director,Tim Story,2,2,0
Director,Sangeeth Sivan,2,2,0
Director,Sarah Adina Smith,2,2,0
Director,Philipp Stölzl,2,2,0
Director,Hsu Chih-yen,2,2,0
Director,Kip Andersen,2,2,0
Director,Ahishor Solomon,2,2,0
Director,Miguel Arteta,2,2,0
Director,Amy Schumer,2,2,0
Director,Justin Benson,2,2,0
Director,Tig Notaro,2,1,1
Director,John Erick Dowdle,2,2,0
Director,Tarek Al Eryan,2,2,0
Director,Keoni Waxman,2,2,0
Director,Jack C. Newell,2,2,0
Director,Mark Steven Johnson,2,2,0
Director,George Ford,2,2,0
Director,Mana Yasuda,2,2,0
Director,Peter Sullivan,2,2,0
Director,Tom Ford,2,2,0
Director,Angelina Jolie,2,2,0
Director,Mikhil Musale,2,2,0
Director,Corey Yuen,2,2,0
Director,Brian Klein,2,2,0
Director,Chris Robinson,2,2,0
Director,Sylvie Verheyde,2,2,0
Director,Tsutomu Mizushima,2,1,1
Director,Padmakumar Narasimhamurthy,2,2,0
Director,Scott Hicks,2,2,0
Director,Stanley Nelson,2,2,0
Director,Zack Snyder,2,2,0
Director,Michael Cuesta,2,2,0
Director,James McTeigue,2,2,0
Director,Robert Kenner,2,1,1
Director,Chad Van De Keere,2,2,0
Director,Olivier Marchal,2,2,0
Director,Tensai Okamura,2,1,1
Director,Thiru,2,2,0
Director,Mike Birbiglia,2,2,0
Director,Bonni Cohen,2,2,0
Director,Dee Rees,2,2,0
Director,Sumit Das,2,2,0
Director,Oliver Twinch,2,2,0
Director,Morgan Spurlock,2,2,0
Director,Benjamin Turner,2,2,0
Director,Nicolás López,2,2,0
Director,Leo Riley,2,2,0
Director,Oz Rodriguez,2,2,0
Director,Baran bo Odar,2,2,0
Director,Steven Bognar,2,1,1
Director,Jon Garaño,2,2,0
Director,James Wong,2,2,0
Director,Sarah Gavron,2,2,0
Director,Daniel Mann,2,2,0
Director,Ashwiny Iyer Tiwari,2,2,0
Director,Tarun Mansukhani,2,2,0
Director,Abhijit Panse,2,2,0
Director,Ryan Coogler,2,2,0
Director,Brian Robbins,2,2,0
Director,Joe Dante,2,2,0
Director,Daniel Calparsoro,2,2,0
Director,Thierry Demaizière,2,1,1
Director,Scott L. Montoya,2,2,0
Director,Jon Favreau,2,2,0
Director,Nia Dinata,2,2,0
Director,Charlie McDowell,2,2,0
Director,Gary Howsam,2,1,1
Director,Muharrem Gülmez,2,2,0
Director,Estela Renner,2,1,1
Director,Vasan Bala,2,1,1
Director,Ekene Som Mekwunye,2,2,0
Director,Robin Swicord,2,2,0
Director,Sam Mendes,2,2,0
Director,Ahmed Zain,2,2,0
Director,Griffin Dunne,2,2,0
Director,Edwin,2,2,0
Director,Ian Edelman,2,2,0
Director,James Mangold,2,2,0
Director,Gianfranco Rosi,2,2,0
Director,Sundar C.,2,2,0
Director,Luv Ranjan,2,2,0
Director,Peter Lepeniotis,2,2,0
Director,Daniel Oriahi,2,2,0
Director,Alexandre Aja,2,2,0
Director,Yoshiyuki Momose,2,2,0
Director,Patricia Font,2,1,1
Director,Demetri Martin,2,2,0
Director,Alejandro Doria,2,2,0
Director,Alessandro Angulo,2,1,1
Director,Thomas Astruc,2,1,1
Director,Kenny Young,2,2,0
Director,Rusty Cundieff,2,2,0
Director,Patryk Vega,2,2,0
Director,Keegan Kuhn,2,2,0
Director,Kasia Uscinska,2,2,0
Director,Kris Pearn,2,2,0
Director,Jeff Wadlow,2,2,0
Director,Kevin Munroe,2,2,0
Director,George C. Wolfe,2,2,0
Director,Ivan Ayr,2,2,0
Director,Malik Nejer,2,1,1
Director,Mike Binder,2,2,0
Director,David O. Russell,2,2,0
Director,Chris Bould,2,2,0
Director,Paco Plaza,2,2,0
Director,Basu Chatterjee,2,2,0
Director,Joe Roth,2,2,0
Director,Phil Weinstein,2,2,0
Director,Jeff Orlowski,2,2,0
Director,Spike Jonze,2,2,0
Director,Rebecca Zlotowski,2,2,0
Director,Yorgos Lanthimos,2,2,0
Director,Parambrata Chatterjee,2,2,0
Director,Matthew Vaughn,2,2,0
Director,Paul Verhoeven,2,2,0
Director,Duncan Jones,2,2,0
Director,Brett Ratner,2,2,0
Director,Jonathan Hensleigh,2,2,0
Director,Kareem Tabsch,2,2,0
Director,Richard Bailey,2,2,0
Director,Jerrold Tarog,2,2,0
Director,Peter Berg,2,2,0
Director,R. Ellis Frazier,2,2,0
Director,Luc Vinciguerra,2,2,0
Director,Asghar Farhadi,2,2,0
Director,Bernie Denk,2,2,0
Director,Jay Chandrasekhar,2,1,1
Director,Damián Romay,2,2,0
Director,Hannah Fidell,2,2,0
Director,Joram Lürsen,2,2,0
Director,Susan Johnson,2,2,0
Director,Tony Scott,2,2,0
Director,Alban Teurlai,2,1,1
Director,J.D. Dillard,2,2,0
Director,Umesh Shukla,2,2,0
Director,Claire Scanlon,2,2,0
Director,Aitor Arregi,2,2,0
Director,Delhiprasad Deenadayalan,2,2,0
Director,Kunihiko Yuyama,2,2,0
Director,Sean Cisterna,2,2,0
Director,Sarjun,2,1,1
Director,Gillian Robespierre,2,2,0
Director,Mahsun Kırmızıgül,2,2,0
Director,Halitha Shameem,2,2,0
Director,Shirley Frimpong-Manso,2,2,0
Director,Saket Chaudhary,2,2,0
Director,N. Linguswamy,2,2,0
Director,Lynn Novick,2,0,2
Director,Naoko Yamada,2,2,0
Director,Björn Stein,2,2,0
Director,Kyran Kelly,2,1,1
Director,Jeff Tremaine,2,2,0
Director,Justin Kelly,2,2,0
Director,Madeleine Parry,2,2,0
Director,Anurin Nwunembom,2,2,0
Director,Paul Andrew Williams,2,2,0
Director,Andrew Niccol,2,2,0
Director,Maryo J. De los Reyes,2,2,0
Director,Will Gluck,2,2,0
Director,Laxman Utekar,2,2,0
Director,Fernando Meirelles,2,2,0
Director,Scott Moore,2,2,0
Director,Suparn Verma,2,2,0
Director,Raditya Dika,2,2,0
Director,Ian MacNaughton,2,2,0
Director,Ahmed Zein,2,2,0
Director,Apoorva Lakhia,2,2,0
Director,Tigmanshu Dhulia,2,2,0
Director,RZA,2,2,0
Director,Sergio Leone,2,2,0
Director,Nelson McCormick,2,2,0
Director,Kunal Kohli,2,2,0
Director,Neill Blomkamp,2,2,0
Director,Dan Forrer,2,1,1
Director,Daniel Benmayor,2,2,0
Director,Nick Castle,2,2,0
Director,Dimitri Logothetis,2,2,0
Director,Jerry Seinfeld,2,1,1
Director,Stanisław Różewicz,2,2,0
Director,Shalini Kantayya,2,2,0
Director,Ben Simms,2,2,0
Director,Anggy Umbara,2,2,0
Director,Kevin MacDonald,2,2,0
Director,Ron Davis,2,2,0
Director,Liam O'Donnell,2,2,0
Director,Tom McGrath,2,2,0
Director,Michael Damian,2,2,0
Director,Kevin Layne,2,2,0
Director,Ali Ragab,2,2,0
Director,Vipul Amrutlal Shah,2,2,0
Director,Byron Howard,2,2,0
Director,Cal Seville,2,2,0
Director,Jim Henson,2,2,0
Director,V Vignarajan,2,2,0
Director,Guy Ritchie,2,2,0
Director,Esteban Crespo,2,2,0
Director,Timothy Woodward Jr.,2,2,0
Director,Jacob Kornbluth,2,2,0
Director,John Duigan,2,2,0
Director,Tosin Coker,2,1,1
Director,James Toback,2,2,0
Director,Billy Corben,2,1,1
Director,Mar Targarona,2,2,0
Director,Mag Hsu,2,2,0
Director,Daniel Gray Longino,2,2,0
Director,Renzil D'Silva,2,2,0
Director,Michael Drumm,2,2,0
Director,Clark Johnson,2,2,0
Director,Meltem Bozoflu,2,2,0
Director,Nick Broomfield,2,2,0
Director,Bruce Beresford,2,2,0
Director,Christopher Smith,2,2,0
Director,Sameer Vidwans,2,2,0
Director,Alex Merkin,2,2,0
Director,Lee Hirsch,2,2,0
Director,Vir Das,2,2,0
Director,Pete Travis,2,2,0
Director,Michael Patrick King,2,2,0
Director,Sara Colangelo,2,2,0
Director,Khaled El Halafawy,2,2,0
Director,Norman Jewison,2,2,0
Director,Robert Altman,2,2,0
Director,Richard Rich,2,2,0
Director,Ben Wallis,2,2,0
Director,Gregory Caruso,2,2,0
Director,J.A. Bayona,2,2,0
Director,Mitch Schauer,2,2,0
Director,Àlex Pastor,2,2,0
Director,Pierre Morel,2,2,0
Director,Nawapol Thamrongrattanarit,2,2,0
Director,Shashanka Ghosh,2,2,0
Director,Heidi Ewing,2,2,0
Director,Ben Wheatley,2,2,0
Director,Anu Menon,2,2,0
Director,John Stockwell,2,2,0
Director,Stephen Daldry,2,2,0
Director,Atanu Ghosh,2,2,0
Director,Şenol Sönmez,2,2,0
Director,Alison Klayman,2,2,0
Director,Ari Sandel,2,2,0
Director,Janusz Majewski,2,2,0
Director,Ciarán Foy,2,2,0
Director,Amy Poehler,2,2,0
Director,Keishi Otomo,2,2,0
Director,Joel Gallen,2,1,1
Director,Nicolas Pesce,2,2,0
Director,Ibrahim Bin Mohamed,2,2,0
Director,Miguel Cohan,2,2,0
Director,Michael Showalter,2,2,0
Director,Houda Benyamina,2,1,1
Director,Aaron Sorkin,2,2,0
Director,Parkpoom Wongpoom,2,2,0
Director,Damien O’Connor,2,2,0
Director,Najwa Najjar,2,2,0
Director,Heber Cannon,2,2,0
Director,Federico Veiroj,2,2,0
Director,Ajay Bhuyan,2,2,0
Director,Derek Cianfrance,2,2,0
Director,Florian Henckel von Donnersmarck,2,2,0
Director,Husam El-Gohari,2,2,0
Director,Julián Hernández,2,2,0
Director,Rajat Kapoor,2,2,0
Director,Hugues Nancy,2,2,0
Director,Daniel Lee,1,1,0
Director,Eric D. Cabello Díaz,1,1,0
Director,Marla M. Ancheta,1,1,0
Director,Dianne Dreyer,1,1,0
Director,Arthur Allan Seidelman,1,1,0
Director,Can Ulkay,1,1,0
Director,Mark Lo,1,1,0
Director,Raja Menon,1,1,0
Director,Robi Michael,1,1,0
Director,Lorena Munoz,1,1,0
Director,Edward Drake,1,1,0
Director,Stephen Donnelly,1,1,0
Director,Yasuhiro Irie,1,0,1
Director,Shamyl Othman,1,1,0
Director,Joe Penna,1,1,0
Director,Vanessa Nöcker,1,1,0
Director,Derek Yee,1,1,0
Director,Mike Fleiss,1,1,0
Director,Sung Do-jun,1,1,0
Director,Terry Loane,1,1,0
Director,Leticia Jorge Romero,1,1,0
Director,Rohan Sippy,1,1,0
Director,Julia von Heinz,1,1,0
Director,Dejan Zečević,1,1,0
Director,Gauravv K Chawla,1,1,0
Director,Camille Shooshani,1,1,0
Director,Juraj Šajmovič,1,1,0
Director,Dallas Jenkins,1,1,0
Director,Agasyah Karim,1,1,0
Director,Harpeet Singh,1,1,0
Director,Benjamin Cohen,1,1,0
Director,Jose Gomez,1,1,0
Director,Kristin Hanggi,1,1,0
Director,Matthew McNeil,1,1,0
Director,Rajesh Touchriver,1,1,0
Director,Ayaan Mukherji,1,1,0
Director,Shan Hua,1,1,0
Director,Kevin Booth,1,1,0
Director,Mark Henn,1,1,0
Director,Shivendra Singh Dungarpur,1,1,0
Director,Franziska Meyer Price,1,1,0
Director,Yuki Tanada,1,1,0
Director,Raj Mehta,1,1,0
Director,Josh Lowell,1,1,0
Director,Sarik Andreasyan,1,1,0
Director,Khalid Mohamed,1,1,0
Director,Huang Hsin-Yao,1,1,0
Director,Naya Anindita,1,1,0
Director,Moataz El Tony,1,1,0
Director,Keith Fulton,1,1,0
Director,Adam Nimoy,1,1,0
Director,Karan Malhotra,1,1,0
Director,Adam Sjöberg,1,1,0
Director,Jesús Magaña Vázquez,1,1,0
Director,Monique Gardenberg,1,1,0
Director,Inas El-Degheidy,1,1,0
Director,Caroline Sá,1,0,1
Director,Matt Palmer,1,1,0
Director,Chris Perkel,1,1,0
Director,Arjun Gourisaria,1,1,0
Director,Tolga Karaçelik,1,1,0
Director,Clay Kaytis,1,1,0
Director,Keenen Ivory Wayans,1,1,0
Director,Binu Ulahhannan,1,1,0
Director,Carey McKenzie,1,1,0
Director,Rana Eid,1,1,0
Director,Paolo Strippoli,1,1,0
Director,Sonia Lowman,1,1,0
Director,Tomer Eshed,1,1,0
Director,Shawn Crahan,1,1,0
Director,Nguyen Thanh Tung,1,1,0
Director,Pascal Atuma,1,1,0
Director,Jonathan Lynn,1,1,0
Director,Richard van't Riet,1,1,0
Director,David Blair,1,1,0
Director,Michael Wech,1,1,0
Director,John Voorhees,1,1,0
Director,Christian Charles,1,1,0
Director,Karthik Narain,1,0,1
Director,Jijo Pancode,1,1,0
Director,Makoto Hanafusa,1,1,0
Director,Ravi Jadhav,1,1,0
Director,Tejas Prabha Vijay Deoskar,1,1,0
Director,Aytaç Ağırlar,1,1,0
Director,Mohamed al Salman,1,0,1
Director,Hang-Jun Jang,1,1,0
Director,Luis Mandoki,1,1,0
Director,Naoto Amazutsumi,1,1,0
Director,Hèctor Hernández Vicens,1,1,0
Director,Krishna Agazzi,1,1,0
Director,Yeung Yat-Tak,1,1,0
Director,Bagus Bramanti,1,1,0
Director,Shawn Arranha,1,1,0
Director,Matias Mariani,1,1,0
Director,Michael Del Monte,1,1,0
Director,Nimród Antal,1,1,0
Director,Chris Kelly,1,1,0
Director,Mohammed Alhmly,1,1,0
Director,Alain Brunard,1,0,1
Director,Aditya Vikram Sengupta,1,1,0
Director,Bob Nelson,1,1,0
Director,Rod Cabatana Marmol,1,1,0
Director,Nancy Florence Savard,1,1,0
Director,Halder Gomes,1,1,0
Director,Wash Westmoreland,1,1,0
Director,Matt D'Elia,1,1,0
Director,Sankalp Reddy,1,0,1
Director,Manish Tiwary,1,1,0
Director,Michael Winnick,1,1,0
Director,Andrew Slater,1,1,0
Director,Roberto Santucci,1,1,0
Director,Lee Chang-dong,1,1,0
Director,Ding-Lin Wang,1,1,0
Director,Katia Lund,1,1,0
Director,Daniele Thompson,1,1,0
Director,Mark Rosman,1,1,0
Director,Marek Losey,1,1,0
Director,Sabrina Rochelle Kalangie,1,1,0
Director,R. Kannan,1,1,0
Director,Jitendra Tiwari,1,1,0
Director,Lawrence Cheng,1,1,0
Director,Sudabeh Mortezai,1,1,0
Director,Xiaoxing Yi,1,1,0
Director,Kranthi Madhav,1,1,0
Director,Chung Mong-hong,1,1,0
Director,Sajid Khan,1,1,0
Director,Craig Anderson,1,1,0
Director,Justin Chon,1,1,0
Director,David Benullo,1,1,0
Director,Axelle Laffont,1,1,0
Director,Jeremiah Zagar,1,1,0
Director,Joshua Caldwell,1,1,0
Director,Gary Mak,1,1,0
Director,Sagar Sarhadi,1,1,0
Director,Marco Risi,1,1,0
Director,Anthony Mandler,1,1,0
Director,Pedring A. Lopez,1,1,0
Director,Drue Metz,1,1,0
Director,Kongkiat Komesiri,1,0,1
Director,Hong Khaou,1,1,0
Director,Luis Alberto Restrepo,1,0,1
Director,Stephen Murray,1,0,1
Director,Michael Jai White,1,1,0
Director,Semi Chellas,1,1,0
Director,Alfonso Serrano Maturino,1,1,0
Director,Sorin Dan Mihalcescu,1,1,0
Director,Hasraf Dulull,1,1,0
Director,Sarah Moshman,1,1,0
Director,Jean-Simon Chartier,1,1,0
Director,Hideki Futamura,1,1,0
Director,Peter Mimi,1,1,0
Director,Robert Peters,1,1,0
Director,Safdar Rahman,1,1,0
Director,Christian E. Christiansen,1,1,0
Director,Makoto Shinkai,1,1,0
Director,Sushrut Jain,1,1,0
Director,Felix Binder,1,1,0
Director,Nicolas Cotto,1,1,0
Director,Kevin Ko,1,1,0
Director,Daniel McCabe,1,1,0
Director,Rachel Griffiths,1,1,0
Director,Jacob Schwab,1,1,0
Director,Farjad Nabi,1,1,0
Director,Luis Prieto,1,1,0
Director,Vikram Gandhi,1,1,0
Director,Paul Urkijo Alijo,1,1,0
Director,Matthias Hoene,1,1,0
Director,Matt Ross,1,1,0
Director,Vandana Kataria,1,1,0
Director,Bauddhayan Mukherji,1,1,0
Director,Sean Baker,1,1,0
Director,Luke Kenny,1,1,0
Director,John Sanford,1,1,0
Director,Kazuya Tsurumaki,1,1,0
Director,Noel Dockstader,1,1,0
Director,Ana Kokkinos,1,1,0
Director,Karan Anshuman,1,1,0
Director,Zhang Yimou,1,1,0
Director,Naman Nitin Mukesh,1,1,0
Director,Leli Maki,1,1,0
Director,Annie Clark,1,1,0
Director,Amandha Wyanto,1,1,0
Director,Benedict Andrews,1,1,0
Director,Steven Gomez,1,1,0
Director,Edoardo Ponti,1,1,0
Director,Tobe Hooper,1,1,0
Director,Alan Parker,1,1,0
Director,Rudge Campos,1,1,0
Director,Yim Pilsung,1,0,1
Director,Sandeep Mohan,1,1,0
Director,Bassam Tariq,1,1,0
Director,Madeleine Gavin,1,1,0
Director,Emir Kusturica,1,1,0
Director,Benoît Philippon,1,1,0
Director,Alan Alda,1,1,0
Director,Sunny Lau,1,0,1
Director,Nandita Das,1,1,0
Director,Mohamed Mostafa,1,1,0
Director,Jeff Newitt,1,1,0
Director,Justin Bare,1,1,0
Director,Le Van Kiet,1,1,0
Director,Cody Stokes,1,1,0
Director,Paulo Oriol,1,1,0
Director,Anne Fletcher,1,1,0
Director,Ganesh Kadam,1,1,0
Director,Nuel Naval,1,1,0
Director,Saandeep Patel,1,1,0
Director,Buchi Babu Sana,1,1,0
Director,Bryan Buckley,1,1,0
Director,Remy Kohli,1,1,0
Director,John Scheinfeld,1,1,0
Director,Paul Serafini,1,1,0
Director,Mark Williams,1,1,0
Director,Maris Curran,1,1,0
Director,Fred Wolf,1,1,0
Director,Chun Wong,1,1,0
Director,Denny Lu,1,1,0
Director,Udai Singh Pawar,1,1,0
Director,Luis A. Scalella,1,1,0
Director,Robert Townsend,1,1,0
Director,Ann Deborah Fishman,1,1,0
Director,David Zeiger,1,1,0
Director,William H. Macy,1,1,0
Director,Andrew Bujalski,1,1,0
Director,Sydney Sibilia,1,1,0
Director,Kevin Phillips,1,1,0
Director,Angelika Sigl,1,1,0
Director,Lucien Jean-Baptiste,1,1,0
Director,Kevin Peaty,1,1,0
Director,Jakob Schuh,1,0,1
Director,Abdullah Al Noor,1,1,0
Director,Bassam Kurdali,1,1,0
Director,Rob Zombie,1,1,0
Director,Ben Younger,1,1,0
Director,Michael Pressman,1,1,0
Director,Kyle Balda,1,1,0
Director,Ben Stassen,1,1,0
Director,Tanwarin Sukkhapisit,1,1,0
Director,Tony Leondis,1,1,0
Director,Jorge Hernandez Aldana,1,1,0
Director,Sidharth Malhotra,1,1,0
Director,Anjali Nayar,1,1,0
Director,Clementine Malpas,1,1,0
Director,Lee Fulkerson,1,1,0
Director,Sanjay Leela Bhansali,1,1,0
Director,Jordan Brady,1,1,0
Director,Ruchi Narain,1,1,0
Director,Lee Kae-byeok,1,1,0
Director,Anil Sharma,1,1,0
Director,Avinash Arun,1,1,0
Director,Desingh Periyasamy,1,1,0
Director,John Sturges,1,1,0
Director,Harvey Lilley,1,1,0
Director,Philip Einstein Lipski,1,1,0
Director,Ed Lilly,1,1,0
Director,Ryu Jung-woo,1,1,0
Director,Jeremiah Jones,1,1,0
Director,Deepika Narayan Bhardwaj,1,1,0
Director,Sharmeen Obaid-Chinoy,1,1,0
Director,Bruce MacDonald,1,1,0
Director,Chris Rock,1,1,0
Director,Jun-seong Kim,1,1,0
Director,Laurent Bouzereau,1,0,1
Director,Hugh Stewart,1,1,0
Director,Bruce Gowers,1,1,0
Director,Jonathan van Tulleken,1,1,0
Director,Danishka Esterhazy,1,1,0
Director,Alex Infascelli,1,1,0
Director,Paul Dano,1,1,0
Director,Anthony Russo,1,1,0
Director,Tomoki Kyoda,1,1,0
Director,Prem Soni,1,1,0
Director,Shunsuke Kariyama,1,1,0
Director,Jim Monaco,1,1,0
Director,Dennis Iliadis,1,1,0
Director,Harry Chaskin,1,1,0
Director,Huang Lei,1,1,0
Director,Niels Arden Oplev,1,1,0
Director,Robert Kouba,1,1,0
Director,Kevin Pollak,1,1,0
Director,David Cantolla,1,1,0
Director,Ramesh Talwar,1,1,0
Director,Tharun Bhascker Dhaassyam,1,0,1
Director,Dani de la Orden,1,1,0
Director,Adrian Murray,1,1,0
Director,Rarecho,1,1,0
Director,Madonna,1,1,0
Director,Indrasis Acharya,1,1,0
Director,Ertanto Robby Soediskam,1,1,0
Director,Santiago Diaz,1,1,0
Director,Nathanael Wiseman,1,1,0
Director,Noé González,1,1,0
Director,Terry Hughes,1,1,0
Director,Jose Mari Goenaga,1,1,0
Director,Simranjit Singh Hundal,1,1,0
Director,Andy Goddard,1,1,0
Director,James Moll,1,1,0
Director,Yibrán Asuad,1,1,0
Director,Mamat Khalid,1,1,0
Director,Brad Furman,1,1,0
Director,Abhijit Kokate,1,1,0
Director,Brent Maddock,1,1,0
Director,Michael Epstein,1,1,0
Director,Mike Ezuruonye,1,1,0
Director,Ángeles Reiné,1,1,0
Director,Michael Polish,1,1,0
Director,Stinus Morell Vithner,1,1,0
Director,Jay Russell,1,1,0
Director,Christel Gibson,1,1,0
Director,Jimmy Henderson,1,1,0
Director,Simon Baker,1,1,0
Director,Joe Murray,1,1,0
Director,Greg Richardson,1,1,0
Director,Chandan Arora,1,1,0
Director,Mic Rodgers,1,1,0
Director,Carlos Marques-Marcet,1,1,0
Director,Martin Lawrence,1,1,0
Director,Jesse Johnson,1,1,0
Director,Christian Alvart,1,1,0
Director,Sean Olson,1,1,0
Director,Jagdeep Sidhu,1,1,0
Director,Damien Piscarel,1,1,0
Director,Steven Zaillian,1,1,0
Director,Katherine Fairfax Wright,1,1,0
Director,Aijaz Khan,1,1,0
Director,Ajithkumar,1,1,0
Director,Pablo Parés,1,1,0
Director,Paco Arango,1,1,0
Director,Khalid Rahman,1,1,0
Director,Michael Spierig,1,1,0
Director,Arthur Muhammad,1,1,0
Director,Motonori Sakakibara,1,1,0
Director,Kieran Darcy-Smith,1,1,0
Director,Wojciech Marczewski,1,1,0
Director,Syed Atif Ali,1,1,0
Director,Alfred Gimeno,1,1,0
Director,Rahul Dholakia,1,1,0
Director,Jonathan Helpert,1,1,0
Director,Éric Warin,1,1,0
Director,Adekunle Nodash Adejuyigbe,1,1,0
Director,Gideon Raff,1,1,0
Director,Keiichi Sato,1,1,0
Director,Takeshi Fukunaga,1,1,0
Director,Jonathan Sobol,1,1,0
Director,Franck Ekinci,1,1,0
Director,James Spinney,1,1,0
Director,Karan Shivajirao Chavan,1,1,0
Director,Francis Ford Coppola,1,1,0
Director,Rene Bueno,1,1,0
Director,Kirk De Micco,1,1,0
Director,Ben Bowie,1,1,0
Director,Vijay S. Bhanushali,1,0,1
Director,Sarah Holt,1,1,0
Director,Gordon Anderson,1,0,1
Director,Abbas Mustan,1,1,0
Director,Lance Hool,1,1,0
Director,Meng Hua Ho,1,1,0
Director,Genndy Tartakovsky,1,1,0
Director,Russell Crowe,1,1,0
Director,Garin Nugroho,1,1,0
Director,Kevin McManus,1,1,0
Director,Grant Singer,1,1,0
Director,David Oyelowo,1,1,0
Director,Abu Bakr Shawky,1,1,0
Director,Basava Shankar Eeday,1,1,0
Director,Rachel Lears,1,1,0
Director,Daniel Scheinert,1,1,0
Director,Don Hardy Jr.,1,1,0
Director,Leandro Neri,1,1,0
Director,Anne Fontaine,1,1,0
Director,Álvaro Longoria,1,1,0
Director,Amber Tamblyn,1,1,0
Director,Amanda Micheli,1,1,0
Director,Sydney Freeland,1,1,0
Director,Robin Aubert,1,1,0
Director,Ramin Bahrani,1,1,0
Director,Mat Whitecross,1,1,0
Director,Michael Anderson,1,1,0
Director,Guilherme Fontes,1,1,0
Director,Geun-hyun Cho,1,1,0
Director,Sylvain White,1,1,0
Director,Tomasz Mandes,1,1,0
Director,Bradley Walsh,1,1,0
Director,Alphonso J. Wesson,1,1,0
Director,Fernando Moro,1,0,1
Director,Salim Akil,1,1,0
Director,Rami Hachache,1,1,0
Director,Ahmed Siddiqui,1,1,0
Director,Sarawut Wichiensarn,1,0,1
Director,Maha Venkatesh,1,1,0
Director,Subhash Kapoor,1,1,0
Director,Tope Alake,1,1,0
Director,Apirak Samudkitpaisan,1,1,0
Director,Jacqueline Monetta,1,1,0
Director,Pablo D'Alo Abba,1,1,0
Director,Steve Hickner,1,1,0
Director,Mohammed Hussain,1,1,0
Director,Fernando Colomo,1,1,0
Director,Richard Ladkani,1,1,0
Director,Ellena Wood,1,0,1
Director,Kaizad Gustad,1,1,0
Director,Harry Elfont,1,1,0
Director,Peter Nicks,1,1,0
Director,Adam Schlesinger,1,1,0
Director,Christine Luby,1,1,0
Director,Emily Hagins,1,1,0
Director,Jackie van Beek,1,1,0
Director,Daniel DiMauro,1,1,0
Director,Graham Townsley,1,1,0
Director,Carlos Moreno,1,1,0
Director,Arun Chidambaram,1,1,0
Director,John Butler,1,1,0
Director,Amin Dora,1,1,0
Director,Chris Gorak,1,1,0
Director,Tim Bartley,1,1,0
Director,Sacha Gervasi,1,1,0
Director,Kevin Deters,1,1,0
Director,Tim Blake Nelson,1,1,0
Director,Christopher Martin,1,1,0
Director,Joachim Rønning,1,1,0
Director,Ivan Sen,1,1,0
Director,Teo Konuralp,1,1,0
Director,Feroz,1,1,0
Director,Nathan Greno,1,1,0
Director,Juan Carlos Rulfo,1,1,0
Director,Dolapo Adeleke,1,1,0
Director,Michael James Regan,1,1,0
Director,Vivek Wagh,1,1,0
Director,Alka Amarkant Dubey,1,1,0
Director,Álvaro Delgado-Aparicio L.,1,1,0
Director,Guo Jingming,1,1,0
Director,Bharat Jain,1,1,0
Director,Venugopan,1,1,0
Director,Karim El Sobky,1,1,0
Director,Tommy Chong,1,1,0
Director,Trish Sie,1,1,0
Director,Li Weiran,1,1,0
Director,Lô Politi,1,1,0
Director,Leanne Gater,1,1,0
Director,Ashish R. Shukla,1,1,0
Director,Mark Dennis,1,1,0
Director,Pierre Deschamps,1,1,0
Director,Mark Helenowski,1,1,0
Director,Julien Royal,1,1,0
Director,John Stephenson,1,1,0
Director,Shadab Khan,1,1,0
Director,Carlos Sedes,1,0,1
Director,Christopher Murray,1,1,0
Director,Veronica Velasco,1,1,0
Director,Diego Lerman,1,1,0
Director,Travis Stevens,1,1,0
Director,Richard Sears,1,1,0
Director,Richard Claus,1,1,0
Director,Mona Achache,1,1,0
Director,Zune Kwok,1,1,0
Director,Uraaz Bahl,1,1,0
Director,Richard Maurice,1,0,1
Director,Rob Smat,1,1,0
Director,Ritu Sarin,1,1,0
Director,August Jakobsson,1,1,0
Director,Jon Gunn,1,1,0
Director,Giulio Base,1,1,0
Director,David Shisgall,1,1,0
Director,Wi Ding Ho,1,1,0
Director,Marcelo Altmark,1,1,0
Director,Conrad Vernon,1,1,0
Director,Kireet Khurana,1,1,0
Director,Luk Kim-ching,1,1,0
Director,Anthony Veiller,1,1,0
Director,Rima Das,1,1,0
Director,Ivan Andrew Payawal,1,0,1
Director,Billy Bob Thornton,1,1,0
Director,Isaac Florentine,1,1,0
Director,Lorene Machado,1,1,0
Director,Siddique,1,1,0
Director,Bruce Sinofsky,1,0,1
Director,Nina Wels,1,1,0
Director,Len Wiseman,1,1,0
Director,Nicholas Winter,1,1,0
Director,Terrie Samundra,1,1,0
Director,James Barr,1,1,0
Director,Arne Birkenstock,1,1,0
Director,Alison MacLean,1,1,0
Director,Fernando Frías de la Parra,1,1,0
Director,Jasmine D'Souza,1,1,0
Director,Daniel Yee Heng Chan,1,1,0
Director,Alan Rickman,1,1,0
Director,Navot Papushado,1,1,0
Director,Quinn Lasher,1,1,0
Director,Deepa Mehta,1,1,0
Director,Julian Jarrold,1,1,0
Director,Gupse Özay,1,1,0
Director,Louie Schwartzberg,1,1,0
Director,Julius Onah,1,1,0
Director,Brie Larson,1,1,0
Director,Vinay Bharadwaj,1,1,0
Director,Akhil Paul,1,1,0
Director,Noviandra Santosa,1,1,0
Director,Kyzza Terrazas,1,1,0
Director,Kazuaki Kiriya,1,1,0
Director,Elite Zexer,1,1,0
Director,Navinder Pal Singh,1,1,0
Director,Will Lockhart,1,1,0
Director,Anthony Bell,1,1,0
Director,Ali Tabrizi,1,1,0
Director,Serdar Akar,1,0,1
Director,Thiagarajan Kumararaja,1,1,0
Director,Brittany Andrews,1,1,0
Director,Tom Green,1,1,0
Director,Patrick Durham,1,1,0
Director,Craig Goodwill,1,1,0
Director,Selçuk Metin,1,1,0
Director,Josh Alexander,1,1,0
Director,David Charhon,1,1,0
Director,Limbert Fabian,1,1,0
Director,Brody Chu,1,1,0
Director,Fahad Mustafa,1,0,1
Director,Ariel Boles,1,1,0
Director,Vijay Kumar,1,1,0
Director,Roman White,1,1,0
Director,Sophie Sartain,1,1,0
Director,Rajesh Ganguly,1,1,0
Director,David Wnendt,1,1,0
Director,Scott Spiegel,1,1,0
Director,Chris Koch,1,1,0
Director,Steve Cheng,1,1,0
Director,Doug Lefler,1,1,0
Director,Vanessa Roth,1,0,1
Director,Lisa Arnold,1,1,0
Director,Christian Schwochow,1,1,0
Director,Camille Delamarre,1,1,0
Director,Nalan Kumarasamy,1,1,0
Director,Ranjit Jeyakodi,1,1,0
Director,Ashu Trikha,1,1,0
Director,Karen Moncrieff,1,1,0
Director,Andrew Meier,1,1,0
Director,Sai Paranjape,1,1,0
Director,Gaby Dellal,1,1,0
Director,Uduak-Obong Patrick,1,1,0
Director,Jason Winer,1,1,0
Director,Tristan Ferland Milewski,1,1,0
Director,Eva Trobisch,1,1,0
Director,Vibhu Virender Puri,1,1,0
Director,Matthew Shoychet,1,1,0
Director,Navneet Behal,1,1,0
Director,John Michael McDonagh,1,1,0
Director,Agustí Villaronga,1,1,0
Director,Chester Tam,1,1,0
Director,Lee Kyoungmi,1,0,1
Director,Trent Haaga,1,1,0
Director,Chris Blake,1,1,0
Director,Thom Zimny,1,1,0
Director,Denis Villeneuve,1,1,0
Director,Robert Nixon,1,1,0
Director,Dan Harris,1,1,0
Director,Helena Bergström,1,1,0
Director,Francisco Ruiz Velasco,1,1,0
Director,Kookie V. Gulati,1,1,0
Director,Geoff Anderson,1,1,0
Director,Selima Taibi,1,1,0
Director,Joe Robert Cole,1,1,0
Director,Tom Whitworth,1,1,0
Director,Jennifer Baichwal,1,1,0
Director,Harvey Glazer,1,1,0
Director,Young Jun Lee,1,1,0
Director,Shazia Javed,1,1,0
Director,Xiao Feng,1,1,0
Director,Trevor Nunn,1,1,0
Director,Neeraj Udhwani,1,1,0
Director,Mark Harris,1,1,0
Director,Joe Miale,1,1,0
Director,Ahsan Rahim,1,1,0
Director,Ross Venokur,1,1,0
Director,Jonás Trueba,1,1,0
Director,Justin Pemberton,1,1,0
Director,Johnny Kevorkian,1,1,0
Director,Adam Leon,1,1,0
Director,Amman Abbasi,1,1,0
Director,Just Philippot,1,1,0
Director,Harry Bradbeer,1,1,0
Director,Jennifer Morrison,1,1,0
Director,He Xiaofeng,1,0,1
Director,Fabrice Du Welz,1,1,0
Director,Dylan Bank,1,1,0
Director,Nathan Landeg,1,1,0
Director,Nana Ekvtimishvili,1,1,0
Director,David Serrano,1,1,0
Director,Ali Bin Matar,1,1,0
Director,Lenny Abrahamson,1,1,0
Director,J. Lee Thompson,1,1,0
Director,Leslye Headland,1,1,0
Director,Sunao Katabuchi,1,1,0
Director,Sachin Kamlakar Khot,1,1,0
Director,Caryn Waechter,1,1,0
Director,Brent Dawes,1,1,0
Director,Peter Sattler,1,1,0
Director,Peter Thorwarth,1,1,0
Director,Nirpal Bhogal,1,1,0
Director,Inma Torrente,1,0,1
Director,George Gallo,1,1,0
Director,Nina Paley,1,1,0
Director,Anand Kamalakar,1,1,0
Director,Barbara Schroeder,1,0,1
Director,Evan Goldberg,1,1,0
Director,Neil Triffett,1,1,0
Director,Francisco Schultz,1,1,0
Director,Steve Pink,1,1,0
Director,Ricky Staub,1,1,0
Director,Tianyu Zhao,1,1,0
Director,Brodje Wemboendja,1,1,0
Director,DJ Chen,1,0,1
Director,Yann Arthus-Bertrand,1,1,0
Director,Bhavin Wadia,1,1,0
Director,Frédéric Tonolli,1,1,0
Director,Amol Palekar,1,1,0
Director,Mohammad Adel,1,1,0
Director,Julián Gaviria,1,1,0
Director,Nick Mead,1,1,0
Director,MIKIKO,1,1,0
Director,Rahat Rahman,1,1,0
Director,Josh Mendoza,1,1,0
Director,Julien Abraham,1,1,0
Director,Roy Burdine,1,1,0
Director,Rob Meyer,1,1,0
Director,Florian Gallenberger,1,1,0
Director,Laurent Cantet,1,1,0
Director,Mark Murphy,1,1,0
Director,Woody Allen,1,1,0
Director,Yen Cheng-kuo,1,1,0
Director,Igor Kovalyov,1,1,0
Director,Timo Vuorensola,1,1,0
Director,Ross Adam,1,1,0
Director,Mijke de Jong,1,1,0
Director,Jakob Lass,1,1,0
Director,Midhun Manuel Thomas,1,1,0
Director,Ange Basterga,1,0,1
Director,Hoyt Yeatman,1,1,0
Director,Eeshwar Nivas,1,1,0
Director,Yang Woo-seok,1,1,0
Director,Stephen Kijak,1,1,0
Director,Pierre Coré,1,1,0
Director,Robert McCallum,1,1,0
Director,Sanjiv Jaiswal,1,1,0
Director,Dhruv Dhawan,1,1,0
Director,Michael Cumming,1,0,1
Director,Magnus Martens,1,1,0
Director,Anders Sømme Hammer,1,1,0
Director,Jody Lambert,1,1,0
Director,Jonathon Link,1,1,0
Director,Eric Zaragosa,1,1,0
Director,Grant Sputore,1,1,0
Director,Jocelyn Moorhouse,1,1,0
Director,Nakul Singh Sawhney,1,1,0
Director,Jon Greenhalgh,1,1,0
Director,Alfonso Rodríguez,1,1,0
Director,Cedric Nicolas-Troyan,1,1,0
Director,Isabelle Nanty,1,1,0
Director,Biswajeet Bora,1,1,0
Director,Martin Zandvliet,1,1,0
Director,Cheta Chukwu,1,1,0
Director,Jean-Marc Vallée,1,1,0
Director,Antonio Chavarrías,1,1,0
Director,Matthew Cooke,1,1,0
Director,Law Wing-cheong,1,1,0
Director,Zachary Heinzerling,1,1,0
Director,Fluvio Iannuci,1,1,0
Director,Dado C. Lumibao,1,1,0
Director,Maxwell McGuire,1,1,0
Director,Robert Osman,1,1,0
Director,Elaine Bogan,1,1,0
Director,Ben Pluimer,1,1,0
Director,Doug Hamilton,1,1,0
Director,Chico Pereira,1,0,1
Director,Jovanka Vuckovic,1,1,0
Director,Andrew Wessels,1,1,0
Director,Josh Wakely,1,1,0
Director,Chuck Russell,1,1,0
Director,Romain Gavras,1,1,0
Director,Jude Okwudiafor Johnson,1,1,0
Director,Jeff Rowe,1,1,0
Director,Jeff Chan,1,1,0
Director,Chanon Yingyong,1,1,0
Director,Jørgen Lerdam,1,1,0
Director,Alexandros Avranas,1,1,0
Director,Ethan Hawke,1,1,0
Director,Sebastian DiNatale,1,1,0
Director,Tolga Örnek,1,1,0
Director,Hugh WIlson,1,1,0
Director,Toby Trackman,1,1,0
Director,Tom Stern,1,1,0
Director,Cooper Karl,1,1,0
Director,Devaki Singh,1,1,0
Director,Hong-seon Kim,1,1,0
Director,Oliver Daly,1,1,0
Director,Justin Lee,1,1,0
Director,Marius Arnesen,1,1,0
Director,Nancy Meyers,1,1,0
Director,David McCracken,1,1,0
Director,Chris McCoy,1,1,0
Director,Riccardo Milani,1,1,0
Director,Vicky Wight,1,1,0
Director,Travon Free,1,1,0
Director,Anna Migotto,1,1,0
Director,Sarthak Dasgupta,1,1,0
Director,Jesse Allain-Marcus,1,1,0
Director,Fabio Grassadonia,1,1,0
Director,Spencer Williams,1,0,1
Director,Morgan Matthews,1,1,0
Director,David Oelhoffen,1,1,0
Director,Chen Hung-yi,1,0,1
Director,Stefon Bristol,1,1,0
Director,Pepe Bojórquez,1,1,0
Director,Alain Darborg,1,1,0
Director,Cole D. Pruitt,1,1,0
Director,David de Vos,1,1,0
Director,Carlos Algara,1,1,0
Director,Jenna Laurenzo,1,1,0
Director,Jeff Gill,1,1,0
Director,Yance Ford,1,1,0
Director,Jean-Patrick Benes,1,1,0
Director,Raj R,1,1,0
Director,Linas Phillips,1,1,0
Director,Simon Verhoeven,1,1,0
Director,John Woo,1,1,0
Director,Eddie Mensore,1,1,0
Director,Anvita Dutt,1,1,0
Director,Francisco D'Eufemia,1,1,0
Director,Gordon Parks,1,1,0
Director,Jon YonKondy,1,1,0
Director,Tyler Greco,1,1,0
Director,Lu Yang,1,1,0
Director,Neeraj Vora,1,1,0
Director,José Luis Ucha,1,1,0
Director,Vince Gilligan,1,1,0
Director,William Monahan,1,1,0
Director,Frank Marshall,1,1,0
Director,Juan Stadler,1,1,0
Director,Alex Smith,1,1,0
Director,Alan Mak,1,1,0
Director,Louie Psihoyos,1,1,0
Director,David Wain,1,1,0
Director,Buta Singh,1,1,0
Director,Todd S. Yellin,1,1,0
Director,Ryan Crego,1,1,0
Director,Tanvir Ahsan,1,1,0
Director,Jim Fall,1,1,0
Director,Hayao Miyazaki,1,1,0
Director,Pablo Giorgelli,1,1,0
Director,Leung Lok Man,1,1,0
Director,Eric Laneuville,1,1,0
Director,Adrián García Bogliano,1,0,1
Director,Jenny Popplewell,1,1,0
Director,Corbin Bernsen,1,1,0
Director,James Franco,1,1,0
Director,Laura Alvea,1,1,0
Director,Quoc Bao Tran,1,1,0
Director,Kathryn Bigelow,1,1,0
Director,Yuen Woo-ping,1,1,0
Director,Mu Chu,1,1,0
Director,Munish Bhardwaj,1,1,0
Director,Álvaro Brechner,1,1,0
Director,Caroline Suh,1,1,0
Director,Hashim Nadeem Khan,1,1,0
Director,Charlie Vaughn,1,1,0
Director,Rebecca Addelman,1,1,0
Director,Andrew Dean,1,1,0
Director,Thomas Toby Parkinson,1,1,0
Director,Doesjka van Hoogdalem,1,1,0
Director,Rahul Rawail,1,1,0
Director,Amalie Næsby Fick,1,1,0
Director,Kheiron,1,1,0
Director,Femi D. Ogunsanwo,1,1,0
Director,Bruce W. Smith,1,1,0
Director,Alain Gagnol,1,1,0
Director,Gulzar,1,1,0
Director,Luke Radford,1,1,0
Director,Lauren Miller Rogen,1,1,0
Director,Anél Stolp,1,1,0
Director,David Moreton,1,1,0
Director,Jim Mickle,1,1,0
Director,Partha Chakraborty,1,1,0
Director,Arvind Swamy,1,0,1
Director,Felipe Cano,1,0,1
Director,Chad Archibald,1,1,0
Director,Sebastian Gutierrez,1,1,0
Director,Dean Parisot,1,1,0
Director,Scott Martin,1,1,0
Director,Chris Foggin,1,1,0
Director,Matt Eskandari,1,1,0
Director,Victor Levin,1,1,0
Director,Mike Myhre,1,1,0
Director,Fernando Lebrija,1,1,0
Director,Lucas Figueroa,1,1,0
Director,Lydia Tenaglia,1,1,0
Director,Chris Bolan,1,1,0
Director,Roman Atwood,1,1,0
Director,Ahn Byoung-wook,1,1,0
Director,Jason Bourque,1,1,0
Director,Akira Saitoh,1,1,0
Director,Steve Barker,1,1,0
Director,Ranjit Tiwari,1,1,0
Director,Luke Sparke,1,1,0
Director,Cary Joji Fukunaga,1,1,0
Director,Syed Ahmed Shawki,1,1,0
Director,Ryuichi Hiroki,1,1,0
Director,Marco Bonfanti,1,1,0
Director,Shubham Singh,1,1,0
Director,Matthew O'Callaghan,1,1,0
Director,Han Yan,1,1,0
Director,Onur Tukel,1,1,0
Director,Teddy Lussi-Modeste,1,1,0
Director,Paul Spurrier,1,1,0
Director,Keerthi,1,1,0
Director,Beth Sleven,1,1,0
Director,"Sam ""Blitz"" Bazawule",1,1,0
Director,Neil Armfield,1,1,0
Director,Mark Franchetti,1,1,0
Director,Stig Bergqvist,1,1,0
Director,Sofie Šustková,1,1,0
Director,Andy Devonshire,1,0,1
Director,Lester Hsi,1,1,0
Director,Cho Li,1,0,1
Director,Oyefunke Fayoyin,1,1,0
Director,Robert Krantz,1,1,0
Director,Devashish Makhija,1,1,0
Director,Bruce McCulloch,1,1,0
Director,Pawan K Shrivastava,1,1,0
Director,Daniel Prochaska,1,1,0
Director,Brian Knappenberger,1,1,0
Director,Bo Welch,1,1,0
Director,Shaz Bennett,1,1,0
Director,Faraz Haider,1,1,0
Director,Adam Smith,1,1,0
Director,Ole Bornedal,1,1,0
Director,Mauro Scandolari,1,1,0
Director,George Cukor,1,1,0
Director,Thomas Vinterberg,1,1,0
Director,Prentice Penny,1,1,0
Director,Adam Wingard,1,1,0
Director,Jon Rudberg,1,1,0
Director,Rohit Mittal,1,1,0
Director,Smriti Keshari,1,1,0
Director,Hanns-Bruno Kammertöns,1,1,0
Director,Rodrigo Reyes,1,1,0
Director,Greg Barker,1,1,0
Director,Vijay,1,1,0
Director,Vidhu Vinod Chopra,1,1,0
Director,Yarrow Cheney,1,1,0
Director,Riki Lindhome,1,1,0
Director,Kiran Narayanan,1,1,0
Director,Josh Z. Weinstein,1,1,0
Director,Uzodinma Okpechi,1,0,1
Director,Carlos Therón,1,1,0
Director,Surya S.J.,1,1,0
Director,Anindya Chatterjee,1,1,0
Director,René Pérez Joglar,1,1,0
Director,Matt Toronto,1,1,0
Director,Jonathan Glazer,1,1,0
Director,Claude Barras,1,1,0
Director,Alberto Rodríguez,1,1,0
Director,Artemis Joukowsky,1,1,0
Director,Chandrakant Kanse,1,1,0
Director,David 'Tosh' Gitonga,1,1,0
Director,Chen Kuan-chung,1,0,1
Director,Andrew C. Erin,1,1,0
Director,Julien Rambaldi,1,1,0
Director,Jonathan Milott,1,1,0
Director,Lukasz Kosmicki,1,1,0
Director,Jedd Wider,1,1,0
Director,Theo Davies,1,1,0
Director,Shaina Allen,1,1,0
Director,Vincent Ward,1,1,0
Director,Manmohan Desai,1,1,0
Director,Vicente Villanueva,1,1,0
Director,Raphael Erichsen,1,1,0
Director,Joseph Mbah,1,1,0
Director,Mike Disa,1,1,0
Director,Frasco Mortiz,1,1,0
Director,Floria Sigismondi,1,1,0
Director,Jon Avnet,1,1,0
Director,Darin Scott,1,1,0
Director,Andrew Nackman,1,1,0
Director,Scott Speer,1,1,0
Director,Caradog W. James,1,1,0
Director,Yusuf Pirhasan,1,1,0
Director,Sanjay Dayma,1,1,0
Director,Michael Barnett,1,1,0
Director,Swapna Waghmare Joshi,1,1,0
Director,Chan-sang Lim,1,1,0
Director,Keanu Reeves,1,1,0
Director,Lyric R. Cabral,1,1,0
Director,Toshiyuki Tsuru,1,1,0
Director,Habib Faisal,1,1,0
Director,Brian McGinn,1,1,0
Director,July Hygreck,1,1,0
Director,Trey Haley,1,1,0
Director,Faisal al Amer,1,0,1
Director,Mikael Håfström,1,1,0
Director,Joe Menendez,1,1,0
Director,Vasanth Sai,1,0,1
Director,Archie Borders,1,1,0
Director,Matt D'Avella,1,1,0
Director,Gordon Chan,1,1,0
Director,Serge Ou,1,1,0
Director,Rajeev Patil,1,1,0
Director,Bill Oliver,1,1,0
Director,Hayden Guppy,1,1,0
Director,Mark Zwonitzer,1,1,0
Director,Javier Colinas,1,1,0
Director,Alfons Adetuyi,1,1,0
Director,Drew Heriot,1,1,0
Director,Glen Winter,1,0,1
Director,Andrés Feddersen,1,1,0
Director,Cai Cong,1,0,1
Director,Stéphane de Freitas,1,1,0
Director,Glen Keane,1,1,0
Director,Stefano Mordini,1,1,0
Director,Lijo Jose Pellissery,1,1,0
Director,Ketche,1,1,0
Director,Taki Oldham,1,0,1
Director,Elvira Lind,1,1,0
Director,Richard Loncraine,1,1,0
Director,Alfonso Cortés-Cavanillas,1,1,0
Director,Lori Kaye,1,1,0
Director,Éric Toledano,1,1,0
Director,Jeremy Coon,1,1,0
Director,Jatla Siddartha,1,1,0
Director,Bolanle Austen-Peters,1,1,0
Director,Lygia Barbosa da Silva,1,1,0
Director,Daniel Sánchez Arévalo,1,1,0
Director,Dave Skinner,1,1,0
Director,Elsa Nakamichi,1,1,0
Director,Anuranjan Premji,1,1,0
Director,Hamad AlSarraf,1,1,0
Director,Sabu Varghese,1,1,0
Director,Umut Kirca,1,1,0
Director,Koji Sawai,1,1,0
Director,Stephanie Turner,1,1,0
Director,Shree Narayan Singh,1,1,0
Director,Simon Savelyev,1,1,0
Director,Ron Underwood,1,1,0
Director,Sally Potter,1,1,0
Director,Conor Allyn,1,1,0
Director,Volker Weicker,1,1,0
Director,Sherif Ismail,1,1,0
Director,Matt Shakman,1,1,0
Director,Hemant Gaba,1,1,0
Director,José Luis Gutiérrez,1,1,0
Director,Morgan Pehme,1,1,0
Director,Tom Forrest,1,1,0
Director,Obaid Alhmoudi,1,1,0
Director,Michael Civille,1,1,0
Director,Jameel Buari,1,1,0
Director,Lauren Hoekstra,1,1,0
Director,José Eduardo Belmonte,1,1,0
Director,Xavier Manrique,1,1,0
Director,Eduardo Mendoza de Echave,1,1,0
Director,Vijay Jayapal,1,1,0
Director,Sergei Bodrov,1,1,0
Director,José Larraza,1,0,1
Director,Tim Skousen,1,1,0
Director,Richard E. Norman,1,0,1
Director,Johan Brisinger,1,1,0
Director,Erik Kling,1,1,0
Director,Henri Wong,1,1,0
Director,Samuel Olatunji,1,1,0
Director,Bille August,1,1,0
Director,Andrew Dominik,1,1,0
Director,Dorian Fernández-Moris,1,1,0
Director,Levan Tsikurishvili,1,1,0
Director,Takeru Nakajima,1,1,0
Director,Galley Molina,1,1,0
Director,Shelly Chopra Dhar,1,1,0
Director,Takashi Yamazaki,1,1,0
Director,Lee Toland Krieger,1,0,1
Director,Simon Rumley,1,1,0
Director,Taylor Morden,1,1,0
Director,Jan Holoubek,1,0,1
Director,Nicolas Lopez,1,0,1
Director,Jonathan Baker,1,1,0
Director,Rebecca Chaiklin,1,0,1
Director,Niall Johnson,1,1,0
Director,Su I-Hsuan,1,0,1
Director,Billy Ray,1,1,0
Director,Prakash Kunte,1,1,0
Director,Anna Elizabeth James,1,1,0
Director,Joel Schumacher,1,1,0
Director,Michael Lockshin,1,1,0
Director,Leslie Knott,1,1,0
Director,Mike Fetterly,1,1,0
Director,Matt Thompson,1,1,0
Director,Jay Chou,1,1,0
Director,Enrico Bisi,1,1,0
Director,Drew Stone,1,1,0
Director,Jason Zada,1,1,0
Director,Philippe Falardeau,1,1,0
Director,Clint Butler,1,1,0
Director,Michael Whitton,1,1,0
Director,Debra Granik,1,1,0
Director,Georges Hachem,1,1,0
Director,Macon Blair,1,1,0
Director,Allen Coulter,1,1,0
Director,Muhammad Ali,1,1,0
Director,Farah X,1,1,0
Director,Alexx Media,1,0,1
Director,Chris Eneng Enaji,1,1,0
Director,Max McGill,1,1,0
Director,Antonin Baudry,1,1,0
Director,Will Becher,1,1,0
Director,Dylan Mohan Gray,1,1,0
Director,Ben Steele,1,1,0
Director,Amshan Kumar,1,1,0
Director,Brian Smrz,1,1,0
Director,Zeke Norton,1,1,0
Director,Aaron Nee,1,1,0
Director,Soumitra Ranade,1,1,0
Director,Francis Whately,1,1,0
Director,Paul Miller,1,1,0
Director,Stella Corradi,1,1,0
Director,Enrique García Meza,1,1,0
Director,Rob Silvestri,1,1,0
Director,Viridiana Lieberman,1,1,0
Director,Prashant Nair,1,1,0
Director,Mads Matthiesen,1,1,0
Director,Michael Seater,1,1,0
Director,Rachel Talalay,1,1,0
Director,J Blakeson,1,1,0
Director,Shen Chi,1,0,1
Director,Andrew Lau Wai-keung,1,1,0
Director,Alex Richanbach,1,1,0
Director,Heidi Brandenburg,1,1,0
Director,D Ho,1,1,0
Director,Daito Manabe,1,1,0
Director,David Stubbs,1,1,0
Director,Ellen Brown,1,1,0
Director,Karan Lalit Butani,1,1,0
Director,Phanindra Narsetti,1,1,0
Director,Soukarya Ghosal,1,1,0
Director,Mahmudul Islam,1,1,0
Director,Brad Silberling,1,1,0
Director,Louise Alston,1,1,0
Director,Ashish R. Mohan,1,1,0
Director,Saravana Rajan,1,1,0
Director,Shravan Kumar,1,1,0
Director,Richard Shepard,1,1,0
Director,Henry Selick,1,1,0
Director,Chris Butler,1,1,0
Director,Lasja Fauzia Susatyo,1,1,0
Director,Marwan Nabil,1,1,0
Director,Jason Iskandar,1,0,1
Director,David Schalko,1,0,1
Director,Gabe Klinger,1,1,0
Director,Ramez Silyan,1,1,0
Director,Jay Grace,1,1,0
Director,Dave Dorsey,1,1,0
Director,Mark Columbus,1,1,0
Director,Gavin Fitzgerald,1,1,0
Director,Vanita Shastry,1,1,0
Director,Gregory Nava,1,1,0
Director,Joshua Marston,1,1,0
Director,Michael Margolis,1,1,0
Director,Linda Otto,1,1,0
Director,Dilip Mehta,1,1,0
Director,Charles Martin,1,1,0
Director,Kate Mulleavy,1,1,0
Director,George Jackson,1,1,0
Director,Nicholas Zeig-Owens,1,1,0
Director,Michael Mason,1,1,0
Director,Genevieve Nnaji,1,1,0
Director,Luke Jurevicius,1,1,0
Director,Asri Bendacha,1,1,0
Director,Don Mancini,1,1,0
Director,José Ortuño,1,1,0
Director,Rick Morales,1,1,0
Director,Phil Roman,1,1,0
Director,Pavel Parkhomenko,1,1,0
Director,Buz Wallick,1,1,0
Director,Arpan Sarkar,1,1,0
Director,Jitender Pawar,1,1,0
Director,Gary Michael Schultz,1,1,0
Director,Joe Mantello,1,1,0
Director,Maria Demeshkina Peek,1,1,0
Director,Jamie Babbit,1,1,0
Director,Pablo Faro,1,1,0
Director,Manish Gupta,1,1,0
Director,Gabriela Cowperthwaite,1,1,0
Director,Fernando Coimbra,1,1,0
Director,Nils Tavernier,1,1,0
Director,Gauri Shinde,1,1,0
Director,YC Tom Lee,1,0,1
Director,Noah Moskin,1,1,0
Director,Zhao Ji,1,1,0
Director,Jean-Claude La Marre,1,1,0
Director,Katherine Brooks,1,1,0
Director,Mike Wiluan,1,1,0
Director,Chatchai Katenut,1,1,0
Director,Brian Baugh,1,1,0
Director,Crystal Moselle,1,1,0
Director,Julio Medem,1,1,0
Director,Jacek Koprowicz,1,1,0
Director,Vijay Roche,1,0,1
Director,Saw Teong Hin,1,1,0
Director,Hayden Schlossberg,1,1,0
Director,Lee Eung-bok,1,0,1
Director,Sébastien Betbeder,1,1,0
Director,Michael John Warren,1,1,0
Director,Francesco Lettieri,1,1,0
Director,Andrew L. Schmidt,1,1,0
Director,Gabriel Grieco,1,1,0
Director,Matías Bize,1,1,0
Director,Majid Al Ansari,1,1,0
Director,Shadi Ali,1,1,0
Director,Sartaj Singh Pannu,1,1,0
Director,Preston A. Whitmore II,1,1,0
Director,Martín Sastre,1,1,0
Director,Nizar Shafi,1,0,1
Director,Charneice Fox,1,1,0
Director,Lina Al Abed,1,1,0
Director,Carlos Pérez Osorio,1,1,0
Director,Vitor Brandt,1,1,0
Director,Yin Chen-hao,1,1,0
Director,Mike Diva,1,1,0
Director,Keith L. Smith,1,1,0
Director,Ron Krauss,1,1,0
Director,Nanette Burstein,1,1,0
Director,Mir-Jean Bou Chaaya,1,1,0
Director,Martin Rosete,1,1,0
Director,Clovis Cornillac,1,1,0
Director,David Cronenberg,1,1,0
Director,Janet Tobias,1,1,0
Director,Marianna Palka,1,1,0
Director,Michel Gondry,1,1,0
Director,Santhosh Viswanath,1,1,0
Director,Kaashvie Nair,1,1,0
Director,Suman Mukhopadhyay,1,1,0
Director,Unjoo Moon,1,1,0
Director,Jonathan Liebesman,1,1,0
Director,K. Gopinathan,1,1,0
Director,Ramón Salazar,1,1,0
Director,Mike Nicoll,1,1,0
Director,Stephen S. Campanelli,1,1,0
Director,Myriam Aziza,1,1,0
Director,Maximilian Erlenwein,1,1,0
Director,Rodney Rothman,1,1,0
Director,Stuart Orme,1,0,1
Director,Tharun Bhascker,1,1,0
Director,Saul Dibb,1,1,0
Director,Yemi Amodu,1,1,0
Director,Jennifer M. Kroot,1,1,0
Director,Robert Schwentke,1,1,0
Director,Liu Jiang,1,1,0
Director,Daniel Camenisch,1,1,0
Director,Zsolt Pálfi,1,1,0
Director,Stuart Baird,1,1,0
Director,John Milius,1,1,0
Director,Lilibet Foster,1,1,0
Director,Philip Yung,1,1,0
Director,Oliver Blackburn,1,1,0
Director,Patrik Syversen,1,1,0
Director,David Mrnka,1,1,0
Director,Jeff Deverett,1,1,0
Director,Alice Filippi,1,1,0
Director,Brian Helgeland,1,1,0
Director,Paresh Mokashi,1,1,0
Director,Antonio Morabito,1,1,0
Director,Chang Chin-jung,1,0,1
Director,Olly Reid,1,1,0
Director,Jesse Handsher,1,1,0
Director,Aaron Hancox,1,1,0
Director,Christopher Ray,1,1,0
Director,Vincenzo Natali,1,1,0
Director,Tom McCarthy,1,1,0
Director,Chris Nahon,1,1,0
Director,Raj Kanwar,1,1,0
Director,Andrew Jenks,1,1,0
Director,Parker Phillips,1,1,0
Director,Frederick Cipoletti,1,1,0
Director,Nicanor Loreti,1,1,0
Director,Lara Saba,1,1,0
Director,Nick Cassavetes,1,1,0
Director,Allan Ungar,1,1,0
Director,Daisuke Nishio,1,1,0
Director,Andrew Fleming,1,1,0
Director,Todd Standing,1,1,0
Director,John Hughes,1,1,0
Director,Blayne Weaver,1,1,0
Director,Richard Michaels,1,1,0
Director,Pepe Mora,1,0,1
Director,Néstor Sánchez Sotelo,1,1,0
Director,Matt Ogens,1,1,0
Director,Johnny Martin,1,1,0
Director,Jon Carey,1,1,0
Director,Julius Avery,1,1,0
Director,Paul Demeyer,1,1,0
Director,Jon Schnitzer,1,1,0
Director,Kelly Fremon Craig,1,1,0
Director,One9,1,1,0
Director,Mangesh Kanthale,1,1,0
Director,Bruno Stagnaro,1,1,0
Director,Gabriela Tagliavini,1,1,0
Director,Damani Baker,1,1,0
Director,Kiki Goshay,1,1,0
Director,Paul Schrader,1,1,0
Director,Martin Brest,1,1,0
Director,Luke Snellin,1,1,0
Director,Michał Tylka,1,1,0
Director,Olivier Jean-Marie,1,0,1
Director,Andreas Prochaska,1,1,0
Director,Lesli Linka Glatter,1,1,0
Director,Jon Spira,1,1,0
Director,Raj B. Shetty,1,1,0
Director,Zoe Lister-Jones,1,1,0
Director,Wyatt Cenac,1,1,0
Director,Nattawut Poonpiriya,1,1,0
Director,James Tovell,1,1,0
Director,Stefan Westerwelle,1,1,0
Director,Marie Clements,1,1,0
Director,Kazuya Murata,1,0,1
Director,Joe Boyd,1,1,0
Director,Aamir Bashir,1,1,0
Director,John Stewart Muller,1,1,0
Director,Burhan Qurbani,1,1,0
Director,Kristine Stolakis,1,1,0
Director,Rana Ranbir,1,1,0
Director,Clay Staub,1,1,0
Director,Ben Young,1,1,0
Director,Robert Markowitz,1,1,0
Director,Hayato Date,1,0,1
Director,Farishad I. Latjuba,1,1,0
Director,Philipp Eichholtz,1,1,0
Director,Jason Kwan,1,1,0
Director,Rodolphe Guenoden,1,1,0
Director,Dan Forgione,1,1,0
Director,Matt Tyrnauer,1,1,0
Director,Lee Seung-won,1,1,0
Director,Ifeanyi Ikpoenyi,1,1,0
Director,Gurvinder Singh,1,1,0
Director,Chaitanya Tamhane,1,1,0
Director,Terri Randall,1,1,0
Director,Joshua Z. Weinstein,1,1,0
Director,Ash Brannon,1,1,0
Director,Naresh Saigal,1,1,0
Director,Amit Rai,1,1,0
Director,Saji Surendran,1,1,0
Director,Akiyuki Shinbo,1,1,0
Director,Kevin Ford,1,1,0
Director,Daniel Markowicz,1,1,0
Director,Karim Amer,1,1,0
Director,Andreas Johnsen,1,1,0
Director,Rayka Zehtabchi,1,1,0
Director,Franck Nataf,1,1,0
Director,Elizabeth Banks,1,1,0
Director,Sharan Sharma,1,1,0
Director,Tamta Gabrichidze,1,1,0
Director,Jevons Au,1,1,0
Director,Matt Whitlock,1,1,0
Director,James Reed,1,1,0
Director,Andrew J. Smith,1,1,0
Director,Marc Vigil,1,1,0
Director,Max Joseph,1,1,0
Director,Yoshitaka Takeuchi,1,1,0
Director,Duncan Skiles,1,1,0
Director,Mayye Zayed,1,1,0
Director,Marcelo González,1,1,0
Director,Shaul Schwarz,1,1,0
Director,Nikhil Nagesh Bhat,1,1,0
Director,Craig Freimond,1,1,0
Director,Rodrigo Toro,1,1,0
Director,Raymie Muzquiz,1,1,0
Director,Alex Israel,1,1,0
Director,José Miguel Contreras,1,1,0
Director,Héctor Gálvez,1,1,0
Director,Rajan Madhav,1,1,0
Director,Jayme Monjardim,1,1,0
Director,Domenico de Feudis,1,1,0
Director,Susan Walter,1,1,0
Director,Ellen Page,1,1,0
Director,Katleho Ramaphakela,1,1,0
Director,Alik Sakharov,1,1,0
Director,Greg Kohs,1,1,0
Director,Moyoung Jin,1,0,1
Director,Michael Gallagher,1,1,0
Director,Evgeny Afineevsky,1,1,0
Director,Lydia Dean Pilcher,1,1,0
Director,Robert Pulcini,1,1,0
Director,Ossama Abu El Atta,1,1,0
Director,Jeremy Konner,1,1,0
Director,Victor Dal Chele,1,1,0
Director,Jeffrey C. Bell,1,1,0
Director,Raj Khosla,1,1,0
Director,Navdeep Singh,1,1,0
Director,Phil Joanou,1,1,0
Director,Steven Fine,1,1,0
Director,Catrin Einhorn,1,1,0
Director,Austin Kolodney,1,1,0
Director,Mariah Moore,1,1,0
Director,Rick Benattar,1,1,0
Director,Felix Herngren,1,1,0
Director,Bahij Hojeij,1,1,0
Director,Miguel Alexandre,1,1,0
Director,Amir Mohiuddin,1,1,0
Director,James Hawes,1,0,1
Director,Jason Sussberg,1,1,0
Director,Balu Mahendra,1,1,0
Director,Rodrigo Salomón,1,1,0
Director,Kevin Reynolds,1,1,0
Director,Richie Smyth,1,1,0
Director,Michelle Esrick,1,1,0
Director,Kang Cheng,1,1,0
Director,Dana Doron,1,1,0
Director,David Salzberg,1,1,0
Director,Kevan Peterson,1,1,0
Director,Nicholaus Goossen,1,1,0
Director,Iñaki Dorronsoro,1,1,0
Director,Jean-Pierre Dardenne,1,1,0
Director,Al Campbell,1,1,0
Director,Wally Pfister,1,1,0
Director,Rajveer Singh Maan,1,1,0
Director,Manussa Vorasingha,1,1,0
Director,Chris Miller,1,1,0
Director,Shanker Raman,1,1,0
Director,Ryan Fleck,1,1,0
Director,Sibusiso Khuzwayo,1,1,0
Director,Alexander Smith,1,1,0
Director,Matthew Ross,1,1,0
Director,Ryan Koo,1,1,0
Director,Kelly Reichardt,1,1,0
Director,Brian Andrew Mendoza,1,1,0
Director,Shweta Basu Prasad,1,1,0
Director,Steve Race,1,1,0
Director,Fritz Böhm,1,1,0
Director,Doron Paz,1,1,0
Director,Emanuel Hoss-Desmarais,1,1,0
Director,Grant Korgan,1,1,0
Director,Charlie Siskel,1,1,0
Director,White Trash Tyler,1,1,0
Director,Tom Fassaert,1,1,0
Director,Yoshiyuki Okada,1,1,0
Director,Raj Kaushal,1,1,0
Director,Ira Sachs,1,1,0
Director,Mahmood Ali-Balogun,1,1,0
Director,Michael Schmitt,1,1,0
Director,C. Fitz,1,1,0
Director,Ana Quiroga,1,1,0
Director,B. Unnikrishnan,1,1,0
Director,Guillermo Garcia,1,1,0
Director,Akashdeep,1,1,0
Director,Javier Calvo,1,1,0
Director,Marita Grabiak,1,1,0
Director,Benjamin Ree,1,1,0
Director,Riccardo Pilizzeri,1,1,0
Director,Marco Dutra,1,1,0
Director,David Beier,1,1,0
Director,Gerry Hoban,1,1,0
Director,Kim Dong-kyu,1,1,0
Director,Manuel Martín Cuenca,1,1,0
Director,Bryce Wagoner,1,1,0
Director,Hitoshi Namba,1,1,0
Director,Anneliese Vandenberg,1,1,0
Director,Charlie Kaufman,1,1,0
Director,Mel Smith,1,1,0
Director,Uwe Boll,1,1,0
Director,R. Balki,1,1,0
Director,Ben Brewer,1,1,0
Director,Justin Chadwick,1,1,0
Director,Dharmendra Suresh Desai,1,1,0
Director,Beyoncé Knowles-Carter,1,1,0
Director,J. Davis,1,1,0
Director,Ross R. Shuman,1,1,0
Director,Nicolas Brossette,1,1,0
Director,Tade Ogidan,1,1,0
Director,Ivona Juka,1,1,0
Director,J.F. Musial,1,1,0
Director,Ashley York,1,1,0
Director,Sylvain Blais,1,1,0
Director,Ralph Macchio,1,1,0
Director,Brian A. Miller,1,1,0
Director,John Lee,1,1,0
Director,Roger Gual,1,1,0
Director,Haile Gerima,1,1,0
Director,Phuwanit Pholdee,1,1,0
Director,Maïwenn,1,1,0
Director,Michael M. Scott,1,1,0
Director,Salmeen AlMurry Amer,1,1,0
Director,Luis Alejandro Pérez,1,1,0
Director,Sabal Singh Shekawat,1,1,0
Director,Daniel Wilner,1,1,0
Director,Gilbert Chan,1,1,0
Director,Pailin Wedel,1,1,0
Director,Ibai Abad,1,1,0
Director,Martin Hodara,1,1,0
Director,Ippsie Jones,1,1,0
Director,Mitzi Vanessa Arreola,1,1,0
Director,Jeannie Gaffigan,1,1,0
Director,Eric Bross,1,1,0
Director,Pavel Kostomarov,1,0,1
Director,Daniel Noah,1,1,0
Director,Daniel Raim,1,1,0
Director,Eric Stoltz,1,1,0
Director,Steven Yamamoto,1,1,0
Director,Kasper Barfoed,1,1,0
Director,Bernard Rose,1,1,0
Director,Huang Jianming,1,1,0
Director,Anthony Chan,1,1,0
Director,Jeffrey Friedman,1,1,0
Director,Yanyong Kuruaungkoul,1,1,0
Director,Brent Bonacorso,1,1,0
Director,Sita Likitvanichkul,1,1,0
Director,Farah Nabulsi,1,1,0
Director,Susanne Bier,1,1,0
Director,Rocco Ricciardulli,1,1,0
Director,Stacy Title,1,1,0
Director,Brett Whitcomb,1,1,0
Director,Stuart Rosenberg,1,1,0
Director,Susan Glatzer,1,1,0
Director,Peter Galison,1,1,0
Director,Micah Bickham,1,1,0
Director,David Feiss,1,1,0
Director,Tirumala Kishore,1,1,0
Director,Andrea Molaioli,1,1,0
Director,Joseph Ruben,1,1,0
Director,Ester Gould,1,1,0
Director,Sam Levinson,1,1,0
Director,Emma Hatherley,1,1,0
Director,Rich Ragsdale,1,1,0
Director,Abhijeet Deshpande,1,1,0
Director,Mauricio Dias,1,0,1
Director,Heidi Saman,1,1,0
Director,Michael Barrett,1,1,0
Director,Nick Moore,1,1,0
Director,Lindsey Cordero,1,1,0
Director,Amara Cash,1,1,0
Director,Jason Hehir,1,0,1
Director,Juan Antin,1,1,0
Director,J.J. Abrams,1,1,0
Director,Neil Rawles,1,1,0
Director,Glenn Miller,1,1,0
Director,Chris Jenkins,1,1,0
Director,Mark Lewis,1,0,1
Director,Deepti Naval,1,1,0
Director,Harjit Singh,1,1,0
Director,Anthony Palmer,1,1,0
Director,Juan Antonio de la Riva,1,1,0
Director,Timothy Reckart,1,1,0
Director,Nisheeta Keni,1,1,0
Director,Glendyn Ivin,1,1,0
Director,Kayoze Irani,1,1,0
Director,Pedro Antonio,1,1,0
Director,Pascal Blanchard,1,1,0
Director,Deniz Gamze Ergüven,1,1,0
Director,Nora Twomey,1,1,0
Director,Jason Cohen,1,1,0
Director,Charlotte Zwerin,1,1,0
Director,Juan Pablo Rebella,1,1,0
Director,Izu Ojukwu,1,1,0
Director,Cate Shortland,1,1,0
Director,Bette Gordon,1,1,0
Director,Jason Spingarn-Koff,1,1,0
Director,Marwan Hamed,1,1,0
Director,Zhang Chong,1,1,0
Director,Kaila York,1,1,0
Director,Sudha Kongara,1,0,1
Director,Amit Saxena,1,1,0
Director,Christian Gudegast,1,1,0
Director,Haruka Fujita,1,1,0
Director,Craig Moss,1,1,0
Director,Nag Ashwin,1,0,1
Director,Zackary Canepari,1,1,0
Director,Wendy Jo Carlton,1,1,0
Director,Ali Kalthami,1,0,1
Director,Bobby Roth,1,1,0
Director,Gangadhar Salimath,1,1,0
Director,Aatmaram Dharne,1,1,0
Director,John Papola,1,1,0
Director,Kevin Derek,1,1,0
Director,Gillian Armstrong,1,1,0
Director,Krishnendu Chattopadhyay,1,1,0
Director,Roberta Grossman,1,1,0
Director,Mamoru Oshii,1,1,0
Director,Guntur Soeharjanto,1,1,0
Director,Jeeva,1,1,0
Director,Jung-woo Park,1,1,0
Director,Bartosz M. Kowalski,1,1,0
Director,Ui-seok Jo,1,1,0
Director,Philippa Lowthorpe,1,0,1
Director,Atul Kale,1,1,0
Director,Edward Zwick,1,1,0
Director,Michael Carney,1,1,0
Director,Joe Dietsch,1,1,0
Director,Joseph Cross,1,1,0
Director,Daniel Burman,1,1,0
Director,Bryn Evans,1,1,0
Director,Cecilia Atán,1,1,0
Director,Peter DeLuise,1,1,0
Director,Aaron Burns,1,1,0
Director,Abby Epstein,1,1,0
Director,Cosmo Segurson,1,1,0
Director,Stuart Sender,1,1,0
Director,Gafoor Y. Elliyaas,1,1,0
Director,K. Subhash,1,1,0
Director,John Hoffman,1,1,0
Director,Madeleine Sami,1,1,0
Director,Nicolas Winding Refn,1,1,0
Director,Shady Ali,1,1,0
Director,Dennis Widmyer,1,1,0
Director,Ludovico Di Martino,1,1,0
Director,Sohail Khan,1,1,0
Director,David Silberg,1,1,0
Director,Karim El Shenawy,1,1,0
Director,Drea Cooper,1,1,0
Director,Okey Oku,1,1,0
Director,Robbie Grewal,1,1,0
Director,Anita Udeep,1,1,0
Director,Juliet May,1,0,1
Director,Enah Johnscott,1,1,0
Director,Sunil Kumar Agrawal,1,1,0
Director,Gary Stretch,1,1,0
Director,Reem Kherici,1,1,0
Director,D.B. Weiss,1,1,0
Director,Christian Tureaud,1,1,0
Director,Seung-uk Jo,1,0,1
Director,Thomas Sorriaux,1,1,0
Director,Felix Starck,1,1,0
Director,Eric Summer,1,1,0
Director,Joann Sfar,1,1,0
Director,Stefano Sollima,1,1,0
Director,Gautier & Leduc,1,1,0
Director,Bruno Ascenzo,1,1,0
Director,Toshiyuki Kanno,1,1,0
Director,Kevin Peeples,1,1,0
Director,Çagan Irmak,1,1,0
Director,Sam Upton,1,1,0
Director,Jordana Spiro,1,1,0
Director,Kathleen Hepburn,1,1,0
Director,Hubert Woroniecki,1,1,0
Director,Antonio Díaz,1,1,0
Director,Abir Sengupta,1,1,0
Director,Helena Coan,1,1,0
Director,Sinan Akkuş,1,1,0
Director,Jim Stenstrum,1,1,0
Director,Eric Drath,1,1,0
Director,Francis Lee,1,1,0
Director,Nora Fingscheidt,1,1,0
Director,Scott Marshall Smith,1,1,0
Director,Lauren MacMullan,1,1,0
Director,Samit Basu,1,1,0
Director,Royale Watkins,1,0,1
Director,Emil Ben-Shimon,1,1,0
Director,Reiner Holzemer,1,1,0
Director,Augusto Matte,1,1,0
Director,John Maclean,1,1,0
Director,Kevin Kolsch,1,1,0
Director,Peter Spierig,1,1,0
Director,Kasra Farahani,1,1,0
Director,Lucas Santa Ana,1,1,0
Director,Hemambar Jasti,1,1,0
Director,Ashim Ahluwalia,1,1,0
Director,Almunsif Alsuwaisi,1,1,0
Director,Matthew Hope,1,1,0
Director,Brandon Kimber,1,1,0
Director,Soham Shah,1,1,0
Director,Lin Guan-fu,1,0,1
Director,John Whitesell,1,1,0
Director,Prime Cruz,1,1,0
Director,Nathan Ives,1,1,0
Director,Sean Anders,1,1,0
Director,Pamela Romanowsky,1,1,0
Director,Colin Minihan,1,1,0
Director,Natasha Lyonne,1,1,0
Director,Quinn Kanaly,1,1,0
Director,Gary Andrews,1,1,0
Director,Van M. Pham,1,1,0
Director,Julien War,1,1,0
Director,Tim Neeves,1,1,0
Director,Éric Judor,1,1,0
Director,Shamzu Zayba,1,1,0
Director,Max Martini,1,1,0
Director,Toby Haynes,1,0,1
Director,Pantham Thongsang,1,0,1
Director,Partho Sen-Gupta,1,1,0
Director,Danny Leiner,1,1,0
Director,Ildiko Enyedi,1,1,0
Director,Antoni Krauze,1,1,0
Director,Betty Thomas,1,1,0
Director,Irek Dobrowolski,1,1,0
Director,Ramon Térmens,1,1,0
Director,David Johndrow,1,1,0
Director,Maya Gallus,1,1,0
Director,Brian Henson,1,1,0
Director,David Gelb,1,1,0
Director,Dennis Scholl,1,1,0
Director,Joe Lynch,1,1,0
Director,Steve Boettcher,1,1,0
Director,Adam Wood,1,1,0
Director,Hany Motawie,1,1,0
Director,Juan Camilo Pinzon,1,1,0
Director,Aubrey Powell,1,1,0
Director,Clara Martínez-Lázaro,1,1,0
Director,Louise Wardle,1,1,0
Director,Benny Fredman,1,1,0
Director,Alexandre Heboyan,1,1,0
Director,Kees Van Oostrum,1,1,0
Director,Elliot Silverstein,1,1,0
Director,Amarjit Virdi,1,1,0
Director,Jorge M. Fontana,1,1,0
Director,Danish Aslam,1,1,0
Director,Ticoy Rodriguez,1,1,0
Director,Suseenthiran,1,1,0
Director,Chris Eigeman,1,1,0
Director,Paul Taublieb,1,1,0
Director,Jesse Warn,1,0,1
Director,Brett Weiner,1,1,0
Director,J.M. Berrios,1,1,0
Director,Alexandra Dean,1,1,0
Director,Faraday Okoro,1,1,0
Director,Rob McKittrick,1,1,0
Director,David A. Vargas,1,1,0
Director,Otilia Portillo Padua,1,1,0
Director,Maria Burton,1,1,0
Director,Maz Jobrani,1,1,0
Director,Braden R. Duemmler,1,1,0
Director,Sophie Robinson,1,1,0
Director,Bigflo & Oli,1,1,0
Director,Marc Fouchard,1,1,0
Director,Allen Hughes,1,1,0
Director,Tanveer Khan,1,1,0
Director,Gil Kenan,1,1,0
Director,Sebastian Jones,1,1,0
Director,Woo Min-ho,1,1,0
Director,Tomer Heymann,1,1,0
Director,Moinak Biswas,1,1,0
Director,Vijay Maurya,1,1,0
Director,Cal Saville,1,1,0
Director,Onur Bilgetay,1,1,0
Director,Jean-Bernard Marlin,1,1,0
Director,Massimiliano Camaiti,1,1,0
Director,Ayman Makram,1,1,0
Director,Mark Radice,1,1,0
Director,Ross Hockrow,1,1,0
Director,Andy Serkis,1,1,0
Director,Andres Clariond,1,1,0
Director,Dylan C. Brown,1,1,0
Director,Alice Waddington,1,1,0
Director,Austin Peck,1,1,0
Director,Christian Desmares,1,1,0
Director,Ofir Raul Graizer,1,1,0
Director,Katherine Dieckmann,1,1,0
Director,James Marsh,1,1,0
Director,Mariana Tschudi,1,1,0
Director,Eric Khoo,1,1,0
Director,Emilio Martínez Lázaro,1,1,0
Director,Justin P. Lange,1,1,0
Director,Nathan Morlando,1,1,0
Director,David Grossman,1,1,0
Director,Sherif Mandour,1,1,0
Director,Kubilay Sarikaya,1,1,0
Director,Benjamin Weill,1,1,0
Director,Raja Sen,1,1,0
Director,Selvamani Selvaraj,1,1,0
Director,Augustine Frizzell,1,1,0
Director,Prasobh Vijayan,1,1,0
Director,Barbara Kopple,1,1,0
Director,Kyoko Miyake,1,1,0
Director,Frank Ariza,1,1,0
Director,Ziggy Hofmeyr,1,1,0
Director,Neil LaBute,1,1,0
Director,Dava Whisenant,1,1,0
Director,Adirek Wattaleela,1,1,0
Director,Avi Federgreen,1,1,0
Director,Michael Ware,1,1,0
Director,Michihito Fujii,1,1,0
Director,Johanna Demetrakas,1,1,0
Director,Jeff Stilson,1,1,0
Director,Joshua Rofé,1,1,0
Director,Chris Baugh,1,1,0
Director,Achille Brice,1,1,0
Director,Raymond McGrath,1,1,0
Director,Aniedi Anwah,1,1,0
Director,Vishwesh Krishnamoorthy,1,1,0
Director,Mario Cambi,1,1,0
Director,Akin Omotoso,1,1,0
Director,Drew Casson,1,1,0
Director,You-Jeong Chang,1,1,0
Director,Sukum Maetawanitch,1,1,0
Director,Sam Irvin,1,1,0
Director,Amar Kaushik,1,1,0
Director,Bob Persichetti,1,1,0
Director,Viju Mane,1,1,0
Director,Page Hurwitz,1,1,0
Director,Ben Ryder,1,1,0
Director,Roy Allen Smith,1,1,0
Director,Jon Manning,1,1,0
Director,Manop Janjarasskul,1,1,0
Director,Jon Watts,1,1,0
Director,Christopher Caldwell,1,1,0
Director,George Nolfi,1,1,0
Director,Nima Nourizadeh,1,1,0
Director,Adam B. Stein,1,1,0
Director,Scott Hussion,1,1,0
Director,Vinay Sapru,1,1,0
Director,Greg Whiteley,1,1,0
Director,Don Omope,1,1,0
Director,Judah Friedlander,1,1,0
Director,Samar Khan,1,1,0
Director,Uttung Shelar,1,1,0
Director,S. Shankar,1,1,0
Director,Hamisha Daryani Ahuja,1,1,0
Director,Sharon Shattuck,1,1,0
Director,John L. Spencer,1,1,0
Director,Yayo Herrero,1,1,0
Director,Alicky Sussman,1,1,0
Director,Cédric Jimenez,1,1,0
Director,Alfonso Arau,1,1,0
Director,Carlos Vermut,1,1,0
Director,Jean-François Richet,1,1,0
Director,Vincent Perez,1,1,0
Director,Nam Ron,1,1,0
Director,Otoja Abit,1,1,0
Director,Christopher Nolan,1,1,0
Director,Anjum Shahzad,1,1,0
Director,Tanawat Aiemjinda,1,1,0
Director,Rhiannon Bannenberg,1,1,0
Director,Sanjay Patel,1,1,0
Director,Craig Gillespie,1,1,0
Director,Josh Koury,1,1,0
Director,Filippo Gastaldi,1,1,0
Director,Stephanie Zwane,1,1,0
Director,Frank O'Connor,1,1,0
Director,Kirati Nakintanon,1,1,0
Director,Richard Attenborough,1,1,0
Director,Gary Winick,1,1,0
Director,Sameer Patil,1,1,0
Director,Richard Finn,1,1,0
Director,Theodore Witcher,1,1,0
Director,Marc Francis,1,1,0
Director,Tolu Awobiyi,1,1,0
Director,Francisco Macri,1,1,0
Director,Pramod Pawar,1,1,0
Director,Arun Vaidyanathan,1,1,0
Director,Destin Daniel Cretton,1,1,0
Director,John Musker,1,1,0
Director,N.D. Wilson,1,1,0
Director,Muh Chen,1,1,0
Director,Heitor Dhalia,1,1,0
Director,Michael Doneger,1,1,0
Director,Sam Fell,1,1,0
Director,Natalia Garagiola,1,1,0
Director,Kelly Duane de la Vega,1,1,0
Director,Joe Ksander,1,1,0
Director,Oliver Frampton,1,1,0
Director,Benoît Jacquot,1,1,0
Director,Abhinav Shiv Tiwari,1,1,0
Director,Simon Gross,1,1,0
Director,Kevin Johnson,1,1,0
Director,William Kaufman,1,1,0
Director,Agnidev Chatterjee,1,1,0
Director,Chen Rong-hui,1,0,1
Director,Roel Reiné,1,1,0
Director,Ludovic Bernard,1,1,0
Director,Mark Ritchie,1,1,0
Director,Toyin Abraham,1,1,0
Director,Hong Won-ki,1,0,1
Director,Takashi Shimizu,1,1,0
Director,Everardo Gout,1,0,1
Director,Fred M. Wilcox,1,1,0
Director,Jennifer Westcott,1,1,0
Director,Patricia Ferreira,1,1,0
Director,Simon Frederick,1,0,1
Director,Anurag Singh,1,1,0
Director,Eugenio Derbez,1,1,0
Director,JJC Skillz,1,1,0
Director,John Carchietta,1,1,0
Director,Tolulope Itegboje,1,1,0
Director,Phillip Youmans,1,1,0
Director,Alex Gibney,1,0,1
Director,Gil Baroni,1,1,0
Director,Steve Rolston,1,1,0
Director,Michael Harte,1,1,0
Director,Michael G. Kehoe,1,1,0
Director,Abhay Chopra,1,1,0
Director,Douglas McGrath,1,1,0
Director,Monty Tiwa,1,1,0
Director,Kevin Wotton,1,1,0
Director,Steve Barron,1,1,0
Director,Dan Kuenster,1,1,0
Director,Tony Elliott,1,1,0
Director,Lance Daly,1,1,0
Director,John Curran,1,1,0
Director,Jesús Torres Torres,1,1,0
Director,Rohena Gera,1,1,0
Director,Regina Welker,1,1,0
Director,Christina Clusiau,1,1,0
Director,Ísold Uggadóttir,1,1,0
Director,Matt Kay,1,1,0
Director,Mohammad Irfan Ramly,1,1,0
Director,Cheewatan Pusitsuksa,1,0,1
Director,John Edginton,1,1,0
Director,Eondeok Han,1,1,0
Director,Stephanie Laing,1,1,0
Director,Rowan Athale,1,1,0
Director,Tyler Measom,1,0,1
Director,Girish Mohite,1,1,0
Director,Richard J Montoya,1,1,0
Director,Stéphane Berla,1,1,0
Director,Damien Leone,1,1,0
Director,Brendan Toller,1,1,0
Director,Sue Ding,1,1,0
Director,Kyung Ho Lee,1,1,0
Director,Dhilip Kumar,1,1,0
Director,Byun Hyuk,1,1,0
Director,Paween Purijitpanya,1,1,0
Director,Paul G. Volk,1,1,0
Director,Anton Corbijn,1,1,0
Director,Peter McDonnell,1,0,1
Director,Wong Kar Wai,1,1,0
Director,Marston Sawyers,1,1,0
Director,John Rice,1,1,0
Director,Devika Bhagat,1,1,0
Director,Anders Falck,1,1,0
Director,A. Salaam,1,1,0
Director,Hatem Khraiche,1,1,0
Director,Ulrike Kofler,1,1,0
Director,Anand Tucker,1,1,0
Director,Todor Chapkanov,1,1,0
Director,Atsajun Sattakovit,1,1,0
Director,Rik Reinholdtsen,1,1,0
Director,Gaurav Narayanan,1,1,0
Director,Randa Chahal Sabbag,1,1,0
Director,Jarrad Paul,1,1,0
Director,Taylor Hackford,1,1,0
Director,David Sampliner,1,1,0
Director,Amit Barot,1,1,0
Director,Dylan Haegens,1,1,0
Director,Jérémie Degruson,1,1,0
Director,Joey Kern,1,1,0
Director,Chayanop Boonprakob,1,1,0
Director,Johan Vorster,1,1,0
Director,Andrew Bergman,1,1,0
Director,Kirby Dick,1,1,0
Director,Kevin Bray,1,1,0
Director,Saurabh Kabra,1,1,0
Director,Dian Sastrowardoyo,1,0,1
Director,Daniel J. Clark,1,1,0
Director,Michael Samuels,1,0,1
Director,Jesse Adang,1,1,0
Director,K. Ramanlal,1,1,0
Director,Cho Il,1,1,0
Director,Sean Menard,1,1,0
Director,Robert Eagar,1,1,0
Director,Juan Zapata,1,1,0
Director,David France,1,1,0
Director,Benson Lee,1,1,0
Director,Mat King,1,0,1
Director,Marja Lewis Ryan,1,1,0
Director,John R. Leonetti,1,1,0
Director,Kevin Hooks,1,1,0
Director,Filip Renc,1,1,0
Director,Paul Reubens,1,1,0
Director,Kristina Goolsby,1,1,0
Director,Buddhadev Dasgupta,1,1,0
Director,Maradona Dias Dos Santos,1,1,0
Director,Franck Ribière,1,1,0
Director,Gagan Puri,1,1,0
Director,Stephen Cone,1,1,0
Director,Atlee Kumar,1,1,0
Director,Pandu Adjisurya,1,1,0
Director,Amr Salama,1,1,0
Director,Christian De Vita,1,1,0
Director,Robiul Alam Robi,1,1,0
Director,Sudhish Kamath,1,1,0
Director,Piti Jaturaphat,1,1,0
Director,Shari Springer Berman,1,1,0
Director,Pat Healy,1,1,0
Director,Gurinder Chadha,1,1,0
Director,Julien Christian Lutz,1,1,0
Director,Joe Johnston,1,1,0
Director,Jordan Ross,1,1,0
Director,Saron Sakina,1,1,0
Director,Seth Henrikson,1,1,0
Director,Lance Young,1,1,0
Director,Brandon Dickerson,1,1,0
Director,Erik White,1,1,0
Director,Shojiro Nishimi,1,1,0
Director,Robyn Butler,1,1,0
Director,Hark Tsui,1,1,0
Director,Nicholas Ray,1,1,0
Director,Will McCormack,1,1,0
Director,Cassi Simonds,1,1,0
Director,Lana Wilson,1,1,0
Director,Steve Saint Leger,1,1,0
Director,Michael Pitiot,1,1,0
Director,Adele K. Thomas,1,1,0
Director,Amy Segal,1,1,0
Director,Gail Willumsen,1,1,0
Director,Joe Piscatella,1,1,0
Director,Michael Mazzola,1,1,0
Director,Gary Shore,1,1,0
Director,Hadrah Daeng Ratu,1,1,0
Director,Lonny Price,1,1,0
Director,Atharv Baluja,1,1,0
Director,Oliver Schmitz,1,1,0
Director,Dylan Southern,1,1,0
Director,Mark Landre Gould,1,1,0
Director,Ben A. Williams,1,1,0
Director,Daniel Růžička,1,1,0
Director,Chris Nelson,1,1,0
Director,Kevin Costner,1,1,0
Director,Roy Poortmans,1,1,0
Director,Dan Fraga,1,1,0
Director,Pavitra Chalam,1,1,0
Director,Pradeep Verma,1,1,0
Director,Curro Velázquez,1,1,0
Director,Phil Sgriccia,1,0,1
Director,Sam Rega,1,1,0
Director,Clay Porter,1,1,0
Director,Robert Berlinger,1,1,0
Director,Richard Brooks,1,1,0
Director,Raam Reddy,1,1,0
Director,Vipin Parashar,1,1,0
Director,Ahmed El Gendy,1,1,0
Director,April Mullen,1,1,0
Director,Awi Suryadi,1,1,0
Director,Vikram Pradhan,1,1,0
Director,B. T Thomas,1,1,0
Director,Tom Gianas,1,1,0
Director,Ali Samadi Ahadi,1,1,0
Director,Flor Salcedo,1,1,0
Director,Han Han,1,1,0
Director,Mrighdeep Singh Lamba,1,1,0
Director,Julian Schnabel,1,1,0
Director,Michael Roberts,1,1,0
Director,David Marmor,1,1,0
Director,Kwabena Gyansah,1,1,0
Director,Paul Feig,1,1,0
Director,Tugçe Soysop,1,1,0
Director,Hao Wu,1,1,0
Director,Chris Bouchard,1,1,0
Director,Jericca Cleland,1,1,0
Director,Benny Fine,1,1,0
Director,Nanfu Wang,1,1,0
Director,Benjamin Dickinson,1,1,0
Director,Kimmy Gatewood,1,1,0
Director,Jenée LaMarque,1,1,0
Director,Saheed Arafath,1,1,0
Director,Victoria Bromley,1,1,0
Director,Marta Jaenes,1,1,0
Director,Mario Rouleau,1,1,0
Director,Jake Szymanski,1,1,0
Director,Stefano Lodovichi,1,0,1
Director,Nopparoj Chotmunkongsit,1,0,1
Director,Emma Tammi,1,1,0
Director,Federico D'Alessandro,1,1,0
Director,Mostofa Sarwar Farooki,1,1,0
Director,Tamer Bassiouni,1,1,0
Director,Alexandre Espigares,1,1,0
Director,Ah Loong,1,0,1
Director,John H. Lee,1,1,0
Director,Jon Turteltaub,1,1,0
Director,David Lam,1,1,0
Director,Carlo Padial,1,1,0
Director,Rich Moore,1,1,0
Director,B.N. Shajeer Sha,1,1,0
Director,Saket Behl,1,1,0
Director,Sammaria Sari Simanjuntak,1,1,0
Director,Jeremy Seifert,1,1,0
Director,Wayne Orr,1,1,0
Director,Travis Zariwny,1,1,0
Director,Rich Schlansker,1,0,1
Director,Ian Barber,1,0,1
Director,Derek Peck,1,1,0
Director,Ricardo de Montreuil,1,1,0
Director,Ken Cunningham,1,1,0
Director,S.A. Zaidi,1,1,0
Director,Reuben Atlas,1,1,0
Director,Aziz Ansari,1,1,0
Director,Daniel Joseph,1,1,0
Director,David Lean,1,1,0
Director,Chiwetel Ejiofor,1,1,0
Director,Taranveer Singh,1,1,0
Director,Koichi Sakamoto,1,1,0
Director,Radhu Karmakar,1,1,0
Director,Richard Gabai,1,1,0
Director,Kim Tae-hyung,1,1,0
Director,Richard Donner,1,1,0
Director,Marco Deufemia,1,1,0
Director,Nikhil Pherwani,1,1,0
Director,Jose Javier Reyes,1,1,0
Director,Ryuichi Yagi,1,1,0
Director,Karl Mueller,1,1,0
Director,Gerard Barrett,1,1,0
Director,Dean Wright,1,1,0
Director,Ben Kasulke,1,1,0
Director,Wong Fei-Pang,1,1,0
Director,John Ridley,1,1,0
Director,Nikkhil Advani,1,1,0
Director,Maria Sadowska,1,1,0
Director,Sergio Barrejón,1,1,0
Director,Amanda Raymond,1,1,0
Director,Steven R. Monroe,1,1,0
Director,Jennifer Lee,1,1,0
Director,Chi Keung Fung,1,1,0
Director,Lluís Quílez,1,1,0
Director,Christopher Chambers,1,1,0
Director,Glen Goei,1,1,0
Director,Devin Chanda,1,1,0
Director,Daniel Goldhaber,1,1,0
Director,Jennifer Siebel Newsom,1,1,0
Director,Dani Levy,1,1,0
Director,Jeremy Kipp Walker,1,1,0
Director,Jennie Livingston,1,1,0
Director,Letizia Lamartire,1,1,0
Director,Edward Ellis,1,1,0
Director,Kirsten Johnson,1,1,0
Director,Jenner Furst,1,0,1
Director,Hallie Meyers-Shyer,1,1,0
Director,Martin Wood,1,1,0
Director,Fredric Lean,1,1,0
Director,John Suits,1,1,0
Director,LP,1,1,0
Director,Jay Surridge,1,1,0
Director,Shaun Mir,1,1,0
Director,Icíar Bollaín,1,1,0
Director,Alex Ranarivelo,1,1,0
Director,Laura Mañá,1,1,0
Director,Abhishek Saxena,1,1,0
Director,Andreas Pichler,1,1,0
Director,Gary Cohen,1,1,0
Director,Jim Strouse,1,1,0
Director,Walerian Borowczyk,1,1,0
Director,Tom Edmunds,1,1,0
Director,Coodie,1,1,0
Director,Ladislaus Kiraly,1,1,0
Director,David Slade,1,1,0
Director,Alan Hicks,1,1,0
Director,Fellipe Barbosa,1,1,0
Director,Oren Peli,1,1,0
Director,Robert Bahar,1,1,0
Director,Johnny Breedt,1,1,0
Director,Ziga Virc,1,1,0
Director,Jorge Michel Grau,1,1,0
Director,Peter Webber,1,1,0
Director,Joris Ivens,1,1,0
Director,Angshuman Ghosh,1,1,0
Director,Chandra Prakash Dwivedi,1,1,0
Director,Jason Moore,1,1,0
Director,Biodun Stephen,1,1,0
Director,Seth Gordon,1,1,0
Director,Hidetaka Inazuka,1,1,0
Director,Kyle Rankin,1,1,0
Director,Umer Adil,1,1,0
Director,Anna Stone,1,1,0
Director,Susan Lambert,1,1,0
Director,Guy Vasilovich,1,0,1
Director,Robbie Countryman,1,1,0
Director,Olaf de Fleur,1,1,0
Director,Brandon Somerhalder,1,1,0
Director,Kiko Mistrorigo,1,1,0
Director,James Ivory,1,1,0
Director,Seth Rogen,1,1,0
Director,Albert Sharpe,1,1,0
Director,Bashir El Deek,1,1,0
Director,Levan Gabriadze,1,1,0
Director,Kader Aoun,1,1,0
Director,Raaghav Dar,1,1,0
Director,Eric Meza,1,1,0
Director,Todd Haynes,1,1,0
Director,Sachin Kundalkar,1,1,0
Director,Jorge Granier,1,1,0
Director,Anas Khan,1,1,0
Director,Fuwad Khan,1,1,0
Director,Hussein El Ansary,1,1,0
Director,Dan Kwan,1,1,0
Director,Bill Plympton,1,1,0
Director,Jake Paltrow,1,1,0
Director,Alina Teodorescu,1,1,0
Director,Josh Webber,1,1,0
Director,Chi Fat Chan,1,1,0
Director,Dash Shaw,1,1,0
Director,Luciano Vidigal,1,1,0
Director,Gregg Bishop,1,1,0
Director,Wade Allain-Marcus,1,1,0
Director,Rudradeep Bhattacharjee,1,1,0
Director,Tanuj Chopra,1,1,0
Director,Mathias Malzieu,1,1,0
Director,Richard Laxton,1,1,0
Director,Ry Russo-Young,1,1,0
Director,Reijer Zwaan,1,1,0
Director,Avgousta Zourelidi,1,1,0
Director,James Bamford,1,0,1
Director,Damien Chazelle,1,0,1
Director,Sarah Kruchowski,1,1,0
Director,Vonda Harrell,1,1,0
Director,Junichi Sato,1,1,0
Director,Maciej Dejczer,1,1,0
Director,Javier Ambrossi,1,1,0
Director,Rachel Mason,1,1,0
Director,George Ratliff,1,1,0
Director,Felix Thompson,1,1,0
Director,Murat Kepez,1,1,0
Director,Owen Egerton,1,1,0
Director,Fred Olen Ray,1,1,0
Director,Brendan Malloy,1,1,0
Director,Michael Mayer,1,1,0
Director,Mahmood Farooqui,1,1,0
Director,Sarah Smith,1,1,0
Director,Stijn Verlinde,1,1,0
Director,Mario Miscione,1,1,0
Director,David Lowery,1,1,0
Director,Troy Byer,1,1,0
Director,Max Lang,1,1,0
Director,Onur Ünlü,1,0,1
Director,Wagner de Assis,1,1,0
Director,Keith Malloy,1,1,0
Director,Mercedes Cordova,1,1,0
Director,Arjun Jandyala,1,1,0
Director,Supavitra Babul,1,1,0
Director,Ainsley Gardiner,1,1,0
Director,Li Pei-Chuan,1,1,0
Director,Ekachai Uekrongtham,1,1,0
Director,Mariano Baez,1,1,0
Director,Kim Sung-hoon,1,1,0
Director,Jennifer Lynch,1,1,0
Director,Theo Love,1,1,0
Director,Baz Luhrmann,1,1,0
Director,Kitty Green,1,1,0
Director,Raoul Peck,1,1,0
Director,Sukhbir Singh,1,1,0
Director,Wim Wenders,1,1,0
Director,Tamas Yvan Topolanszky,1,1,0
Director,Danny Cannon,1,0,1
Director,Thom Fitzgerald,1,1,0
Director,Julius R. Nasso,1,1,0
Director,Jang Jae-hyun,1,1,0
Director,Rodrigo Guardiola,1,1,0
Director,Jason Lai,1,1,0
Director,Rosa Márquez,1,1,0
Director,Ray Jiang,1,1,0
Director,Tathagata Banerjee,1,1,0
Director,Jarand Herdal,1,1,0
Director,Samir Soni,1,1,0
Director,Rebecca Johnson,1,1,0
Director,Fritz Ofner,1,1,0
Director,Mina Shum,1,1,0
Director,Liv Ullmann,1,1,0
Director,Michael McNamara,1,1,0
Director,Jaivi Dhanda,1,1,0
Director,Krishna Vamshi,1,1,0
Director,Roger Young,1,1,0
Director,Pedro Waddington,1,0,1
Director,Dileep Narayanan,1,1,0
Director,Avinash Walzade,1,1,0
Director,Michael Larnell,1,1,0
Director,Kenny Ortega,1,0,1
Director,Jay Lyons,1,1,0
Director,Ola Flyum,1,1,0
Director,Ken Hughes,1,1,0
Director,Natalia Valdebenito,1,1,0
Director,John Bridcut,1,1,0
Director,Hallvard Bræin,1,1,0
Director,Xavier Maingon,1,1,0
Director,Tommy Wirkola,1,1,0
Director,Fredrick Munk,1,1,0
Director,David Chirchirillo,1,1,0
Director,Jon J. Whelan,1,1,0
Director,Logan Kibens,1,1,0
Director,Vishnu Govindhan,1,1,0
Director,Monière,1,1,0
Director,Juan Carlos Medina,1,0,1
Director,Marty Stalker,1,1,0
Director,Jasbir Bijendra Bhati,1,1,0
Director,Joana Mazzucchelli,1,1,0
Director,Ng Ka-Leung,1,1,0
Director,Kasper Collin,1,1,0
Director,Daniel Vernon,1,1,0
Director,Yoo Byung-jae,1,1,0
Director,Adam Collins,1,1,0
Director,Liu Bang-yao,1,0,1
Director,Paritosh Painter,1,1,0
Director,Darragh O'Connell,1,1,0
Director,Nick Gomez,1,1,0
Director,Brendan Byrne,1,1,0
Director,Mitch Dickman,1,1,0
Director,Mathew Orzel,1,1,0
Director,Carla Barros,1,0,1
Director,Ellen Seidler,1,1,0
Director,Alessandro Pepe,1,1,0
Director,M.J. Bassett,1,1,0
Director,Marcos Carnevale,1,1,0
Director,Klaus Erik Okstad,1,1,0
Director,Manav Shah,1,1,0
Director,Eduardo Pinto,1,1,0
Director,Debamitra Biswal,1,1,0
Director,Pawan Kripalani,1,1,0
Director,Clay Tweel,1,1,0
Director,Chandran Narikode,1,1,0
Director,Udoka Oyeka,1,1,0
Director,Phil Burgers,1,1,0
Director,Zatella Beatty,1,1,0
Director,Rob W. King,1,1,0
Director,Pali Yahya,1,0,1
Director,Eylem Kaftan,1,1,0
Director,Jennifer Kaytin Robinson,1,1,0
Director,Jesse Moss,1,0,1
Director,Aco Tenriyagelli,1,0,1
Director,Kazumi Fukushima,1,1,0
Director,Nobuyuki Takeuchi,1,1,0
Director,Shantrelle P. Lewis,1,1,0
Director,John Upchurch,1,1,0
Director,Kitaro Kosaka,1,1,0
Director,Aamir Khan,1,1,0
Director,Waymon Boone,1,1,0
Director,Adam Dubin,1,1,0
Director,Joachim Fest,1,1,0
Director,Trudie Styler,1,1,0
Director,James Duffy,1,1,0
Director,Steve Bencich,1,1,0
Director,Maya Zinshtein,1,1,0
Director,Josh Greenbaum,1,1,0
Director,Krish,1,1,0
Director,Kyle Newman,1,1,0
Director,Ben Falcone,1,1,0
Director,Jaki Bradley,1,1,0
Director,Maïa Sandoz,1,1,0
Director,Jacques Perrin,1,1,0
Director,Melinda Janko,1,1,0
Director,Cyrus Nowrasteh,1,1,0
Director,Victor Vu,1,1,0
Director,Mariano Mucci,1,1,0
Director,Ahmed Yousry,1,1,0
Director,Anand Ravichandran,1,1,0
Director,Chris Williams,1,1,0
Director,Choi Jin-seong,1,1,0
Director,Cheng Wei-hao,1,1,0
Director,Lars Büchel,1,1,0
Director,Nick Rowland,1,1,0
Director,Zack Whedon,1,1,0
Director,Kimo Stamboel,1,1,0
Director,Matthew Salleh,1,1,0
Director,Nadine Ibrahim,1,1,0
Director,Peter Tsi,1,1,0
Director,Robert Clouse,1,1,0
Director,Pedro Flores Maldonado,1,1,0
Director,Jim Hosking,1,1,0
Director,Ian Nelms,1,1,0
Director,Rebecca Harrison,1,1,0
Director,Eshom Nelms,1,1,0
Director,Umesh Bist,1,1,0
Director,Vijay Kumar Arora,1,1,0
Director,Michelle Johnston,1,1,0
Director,Henry Sarwer-Foner,1,1,0
Director,Daniel Effiong,1,1,0
Director,Ravi Babu,1,1,0
Director,Hari Nath,1,1,0
Director,Jill Culton,1,1,0
Director,Na Hyeon,1,1,0
Director,David Benioff,1,1,0
Director,Burr Steers,1,1,0
Director,Stephen Hopkins,1,1,0
Director,Sanjay Soorkar,1,1,0
Director,Akram Farouk,1,1,0
Director,Christopher Louie,1,1,0
Director,Zakariya,1,1,0
Director,Christopher Cain,1,1,0
Director,Liu Yi,1,0,1
Director,Perci Intalan,1,1,0
Director,Prakash Balwant Saini,1,1,0
Director,Elsa Flores Almaraz,1,1,0
Director,Deane Taylor,1,1,0
Director,Takuya Igarashi,1,0,1
Director,Chow Kwun-wai,1,1,0
Director,Sabir Khan,1,1,0
Director,Tim Hill,1,1,0
Director,Steve Rash,1,1,0
Director,Cody Cameron,1,1,0
Director,Chairun Nissa,1,1,0
Director,Andrew Douglas,1,1,0
Director,Shen Leping,1,0,1
Director,Peter Middleton,1,1,0
Director,Mark Neveldine,1,1,0
Director,Rebecca Harrell Tickell,1,1,0
Director,Joe Alves,1,1,0
Director,John Patrick Shanley,1,1,0
Director,Richard Miron,1,1,0
Director,Eric Aghimien,1,1,0
Director,Adam Alleca,1,1,0
Director,Musing Derrick,1,1,0
Director,Stefan Moore,1,1,0
Director,Dennis Bartok,1,1,0
Director,Dylan Howitt,1,1,0
Director,Karey Kirkpatrick,1,1,0
Director,Michael Paul Stephenson,1,1,0
Director,Shammi Kapoor,1,1,0
Director,Taylor Sheridan,1,1,0
Director,John Mitchell,1,1,0
Director,Will Forbes,1,1,0
Director,Reinhard Klooss,1,1,0
Director,David LaChapelle,1,1,0
Director,Fred Durst,1,1,0
Director,Julio Fernández Talamantes,1,1,0
Director,Marie Madinier,1,1,0
Director,Wilson Coneybeare,1,1,0
Director,David Morris,1,1,0
Director,Gonzalo Bendala,1,1,0
Director,Rindala Kodeih,1,1,0
Director,Karsten Kiilerich,1,1,0
Director,Luc Dardenne,1,1,0
Director,Dennis Rovira van Boekholt,1,1,0
Director,Brendon Marotta,1,1,0
Director,Vincent Kok,1,1,0
Director,Olivier Afonso,1,1,0
Director,Seema Pahwa,1,1,0
Director,Trey Parker,1,1,0
Director,Anant Balani,1,1,0
Director,Kyle Patrick Alvarez,1,1,0
Director,Dirk Laabs,1,1,0
Director,Steven Tsuchida,1,1,0
Director,David L. Cunningham,1,1,0
Director,Gregory Plotkin,1,1,0
Director,David Hebditch,1,1,0
Director,Hani Al-Shaibani,1,1,0
Director,Mark O'Connor,1,1,0
Director,Josiah Ng,1,1,0
Director,Megan Siler,1,1,0
Director,Moto Sakakibara,1,1,0
Director,Ana Lily Amirpour,1,1,0
Director,Pietro Scappini,1,1,0
Director,Ed Perkins,1,1,0
Director,Jan Belcl,1,1,0
Director,David Soren,1,1,0
Director,Sam Voutas,1,1,0
Director,Marcus Clarke,1,1,0
Director,Magdy Al-Hawwary,1,1,0
Director,John Lyde,1,1,0
Director,Pascale Lamche,1,1,0
Director,Yasir Nawaz,1,1,0
Director,Roger Graef,1,1,0
Director,Raj Amit Kumar,1,1,0
Director,Neslihan Yesilyurt,1,0,1
Director,Todd Wilderman,1,1,0
Director,Jun Falkenstein,1,1,0
Director,Bill Guttentag,1,1,0
Director,Milind Dhaimade,1,1,0
Director,Shoojit Sircar,1,1,0
Director,Müfit Can Saçıntı,1,1,0
Director,Neville Shah,1,1,0
Director,Bryan Singer,1,1,0
Director,Adam Marino,1,1,0
Director,Luis Javier M. Henaine,1,1,0
Director,Frank E. Abney III,1,1,0
Director,Pablo Aulita,1,1,0
Director,Dito Montiel,1,1,0
Director,Yee Tung-Shing,1,1,0
Director,Ariel Schulman,1,1,0
Director,A. Raajdheep,1,1,0
Director,Marco Petry,1,1,0
Director,Philip G. Atwell,1,1,0
Director,Michel Hazanavicius,1,1,0
Director,Tanuj Bhramar,1,1,0
Director,Sujeeth,1,1,0
Director,Vignesh Shivan,1,0,1
Director,Jaume Balagueró,1,1,0
Director,Alejandro G. Iñárritu,1,1,0
Director,Alison E. Rose,1,1,0
Director,Julio Quintana,1,1,0
Director,Samuel Jouy,1,1,0
Director,Sergio Goyri Jr.,1,1,0
Director,Anik Datta,1,1,0
Director,Faozan Rizal,1,1,0
Director,Francesco Carrozzini,1,1,0
Director,B. Subhash,1,1,0
Director,Madonne Ashwin,1,1,0
Director,John Trengove,1,1,0
Director,James L. Brooks,1,1,0
Director,Guillermo de Oliveira,1,1,0
Director,Shikha Makan,1,1,0
Director,Andrew Mogel,1,1,0
Director,Rikhil Bahadur,1,1,0
Director,Johnson Esthappan,1,1,0
Director,Arnab Chaudhuri,1,1,0
Director,Michael Buster,1,1,0
Director,Sridhar Jetty,1,1,0
Director,Mozez Singh,1,1,0
Director,Lev L. Spiro,1,1,0
Director,Víctor García,1,1,0
Director,Manuel Alcalá,1,1,0
Director,Brandon Oldenburg,1,1,0
Director,Renata Terra,1,1,0
Director,Kanika Batra,1,1,0
Director,Robert Tate,1,1,0
Director,Sandeep Chatterjee,1,1,0
Director,Ajay Phansekar,1,1,0
Director,Ignacio López Escrivá,1,1,0
Director,Tenzing Sonam,1,1,0
Director,Oskar Santos,1,1,0
Director,Gavin O'Connor,1,1,0
Director,Felix Van Groeningen,1,1,0
Director,Diego Kaplan,1,1,0
Director,Ron Clements,1,1,0
Director,Hua Shan,1,1,0
Director,Jeon Go-woon,1,0,1
Director,Kittiphak Thonguam,1,1,0
Director,Zach Lipovsky,1,1,0
Director,Daniel Sandu,1,1,0
Director,Adam Randall,1,1,0
Director,Dhanush,1,1,0
Director,Brett Harvey,1,1,0
Director,Rae Red,1,1,0
Director,Billy Lyons,1,1,0
Director,Sudip Bandyopadhyay,1,1,0
Director,Orson Welles,1,1,0
Director,Ayumu Watanabe,1,1,0
Director,Vijay Lalwani,1,1,0
Director,Vishal Mahadkar,1,1,0
Director,Brad Rothschild,1,1,0
Director,Khaled Youssef,1,1,0
Director,Sopon Sukdapisit,1,1,0
Director,Attila Till,1,1,0
Director,Alma Har'el,1,1,0
Director,Jérémy Clapin,1,1,0
Director,André Odendaal,1,1,0
Director,Rajshree Ojha,1,1,0
Director,Gabriela García Rivas,1,1,0
Director,Kavi Raz,1,1,0
Director,Aram van de Rest,1,1,0
Director,Paula Apsell,1,1,0
Director,Aaron Lieber,1,1,0
Director,Giulia Clark,1,1,0
Director,Mohamed Khan,1,1,0
Director,Sam Macaroni,1,1,0
Director,Simon Napier-Bell,1,1,0
Director,Miriam Chandy Menacherry,1,1,0
Director,Ian Samuels,1,1,0
Director,Victor Zarcoff,1,1,0
Director,Greg Coolidge,1,1,0
Director,Lee Jeong-beom,1,1,0
Director,Daniel Schechter,1,1,0
Director,Louis J. Horvitz,1,1,0
Director,Kanwal Sethi,1,1,0
Director,Geoff Luck,1,1,0
Director,Emcy Joseph,1,1,0
Director,John Haptas,1,1,0
Director,Mandla Dube,1,1,0
Director,Zach Clark,1,1,0
Director,Mel Stuart,1,1,0
Director,Adarsh Eshwarappa,1,1,0
Director,Yuen Wo-Ping,1,1,0
Director,Javier Gómez Santander,1,0,1
Director,Svati Chakravarty Bhatkal,1,1,0
Director,Park Joon-hwa,1,0,1
Director,Laura Terruso,1,1,0
Director,Tetsuo Yajima,1,1,0
Director,Robert Eggers,1,1,0
Director,Hari Viswanath,1,1,0
Director,Rod Lurie,1,1,0
Director,Tomm Moore,1,1,0
Director,Bernardo Arellano,1,1,0
Director,Mahin Ibrahim,1,1,0
Director,Cheang Pou Soi,1,1,0
Director,Carol Reed,1,1,0
Director,Manu Ashokan,1,1,0
Director,Brian Smith,1,1,0
Director,Vineeth Anil,1,1,0
Director,Mathieu Auvray,1,1,0
Director,Pooja Bhatt,1,1,0
Director,Gayane Petrosyan,1,1,0
Director,Edward James Olmos,1,1,0
Director,Younuts!,1,1,0
Director,Kirk DeMicco,1,1,0
Director,Andrew Sullivan,1,1,0
Director,Pablo Azorín Williams,1,1,0
Director,Cosmo Feilding-Mellen,1,1,0
Director,Hiroshi Yamazaki,1,1,0
Director,Christian Herrendoerfer,1,1,0
Director,David Lynch,1,1,0
Director,Jennifer Peedom,1,1,0
Director,Kenny Leon,1,1,0
Director,Abosi Ogba,1,1,0
Director,Jonathan Taylor,1,1,0
Director,Oscar Micheaux,1,0,1
Director,Andrew Davis,1,1,0
Director,Takuya Inaba,1,1,0
Director,Mario Van Peebles,1,1,0
Director,Partho Mitra,1,1,0
Director,Rupert Jones,1,1,0
Director,Matt Reeves,1,1,0
Director,Anita Barbosa,1,1,0
Director,Seiji Mizushima,1,1,0
Director,Greg McLean,1,1,0
Director,Bilal Lashari,1,1,0
Director,Elizabeth Chai Vasarhelyi,1,1,0
Director,Anusha Rizvi,1,1,0
Director,Kristine Samuelson,1,1,0
Director,Pierfrancesco Diliberto,1,1,0
Director,Jay Lavender,1,1,0
Director,Gabe Turner,1,1,0
Director,Roly Santos,1,1,0
Director,Xavier Durringer,1,1,0
Director,Peter Billingsley,1,1,0
Director,Pedro de Echave García,1,1,0
Director,Datta Mohan Bhandare,1,1,0
Director,Lee Chung-hyun,1,1,0
Director,Shashilal K. Nair,1,1,0
Director,Sudhanshu Saria,1,1,0
Director,Evan Katz,1,1,0
Director,Trisha Ziff,1,1,0
Director,Richard Correll,1,1,0
Director,Jon Olb,1,1,0
Director,Marina Willer,1,1,0
Director,Tariq Khan,1,1,0
Director,James D. Stern,1,1,0
Director,Lucy Cohen,1,1,0
Director,Mark Helfrich,1,1,0
Director,Jack Zagha Kababie,1,1,0
Director,Mir Mukarram Hossain,1,1,0
Director,Olivia Milch,1,1,0
Director,K.S. Ravikumar,1,1,0
Director,Numa Perrier,1,1,0
Director,Grant S. Johnson,1,1,0
Director,Chris Columbus,1,1,0
Director,Sameer Sharma,1,1,0
Director,Peter Sollett,1,1,0
Director,John Putch,1,1,0
Director,Felix Chong,1,1,0
Director,Alex Coletti,1,1,0
Director,Kevin R. Adams,1,1,0
Director,Fabio Ock,1,1,0
Director,Arthell Isom,1,1,0
Director,Krysia Plonka,1,1,0
Director,Gregory Jacobs,1,1,0
Director,Kepa Sojo,1,1,0
Director,K. Rajagopal,1,1,0
Director,Mike Doyle,1,1,0
Director,Catherine Hardwicke,1,1,0
Director,Salima Koroma,1,1,0
Director,John Madden,1,1,0
Director,Raymond Wood,1,1,0
Director,Seren Yüce,1,0,1
Director,Daniel Arasanz,1,1,0
Director,Denis Do,1,1,0
Director,Jesse Peretz,1,1,0
Director,Mati Diop,1,1,0
Director,Donick Cary,1,1,0
Director,Vic Armstrong,1,1,0
Director,David Koepp,1,1,0
Director,Casey Suchan,1,1,0
Director,Patrick Tatopoulos,1,1,0
Director,Lukas Dhont,1,1,0
Director,Andrew Loo,1,1,0
Director,Avinash Das,1,1,0
Director,Jeff Tomsic,1,1,0
Director,Liz Plonka,1,1,0
Director,Ken Marino,1,1,0
Director,Scott Cooper,1,1,0
Director,Anthony Caronna,1,1,0
Director,Kranti Redkar,1,1,0
Director,Arati Kadav,1,1,0
Director,Jeannot Szwarc,1,1,0
Director,Li Jun,1,1,0
Director,Gene Quintano,1,1,0
Director,Marco Pontecorvo,1,1,0
Director,Archie Hekagery,1,1,0
Director,Gavin Yap,1,1,0
Director,Ferzan Özpetek,1,1,0
Director,Ang Lee,1,1,0
Director,Justin Krook,1,1,0
Director,Bart Freundlich,1,1,0
Director,Bhushan Patel,1,1,0
Director,Robert Moresco,1,1,0
Director,Tània Balló,1,1,0
Director,Tunde Apalowo,1,1,0
Director,Bob Hercules,1,1,0
Director,Prasanth Varma,1,1,0
Director,Leïla Sy,1,1,0
Director,Laura VanZee Taylor,1,1,0
Director,Ashraf Fayeq,1,1,0
Director,Eric Bress,1,1,0
Director,Jerry G. Angelo,1,1,0
Director,Uriel Sinai,1,1,0
Director,Bryan Fogel,1,1,0
Director,Shazia Ali Khan,1,1,0
Director,Shreyas Talpade,1,1,0
Director,Abel Ferrara,1,1,0
Director,Jacqui Morris,1,1,0
Director,Maite Ruiz De Austri,1,0,1
Director,Joey Curtis,1,1,0
Director,Alejandro Lozano,1,0,1
Director,Anna Boden,1,1,0
Director,Bharat Nalluri,1,1,0
Director,Jos Humphrey,1,1,0
Director,Rai Yuvraj Bains,1,1,0
Director,Briar Grace-Smith,1,1,0
Director,Tomas Portella,1,1,0
Director,Tony Datis,1,1,0
Director,Susan Lacy,1,1,0
Director,Prabhakaran,1,1,0
Director,Milton Kremer,1,1,0
Director,Paul Katis,1,1,0
Director,Will Allen,1,1,0
Director,Ehtesham Uddin,1,0,1
Director,Tamara Jenkins,1,1,0
Director,Linda Saffire,1,1,0
Director,Marek Kanievska,1,1,0
Director,Mathieu Kassovitz,1,1,0
Director,Pablo Agüero,1,1,0
Director,Lone Scherfig,1,1,0
Director,Miguel Conde,1,0,1
Director,Jetarin Ratanaserikiat,1,1,0
Director,Roman Polański,1,1,0
Director,Graham Phillips,1,1,0
Director,Alice Wu,1,1,0
Director,Tomas Brickhill,1,1,0
Director,Jadesola Osiberu,1,1,0
Director,Lenin Bharathi,1,1,0
Director,Scot McFadyen,1,1,0
Director,Ben Foster,1,1,0
Director,Douglas Attal,1,1,0
Director,Sedat Kirtan,1,1,0
Director,Cris D'Amato,1,1,0
Director,Oleg Trofim,1,1,0
Director,Tom O'Brien,1,1,0
Director,Daniel Minahan,1,0,1
Director,Cavi Borges,1,1,0
Director,Alex Burunova,1,1,0
Director,Josh Izenberg,1,1,0
Director,Dustin Hoffman,1,1,0
Director,Denis Hennelly,1,1,0
Director,Jennifer Yuh Nelson,1,1,0
Director,Patrick Graham,1,0,1
Director,Samit Kakkad,1,1,0
Director,Dave Green,1,1,0
Director,Adisorn Tresirikasem,1,1,0
Director,Hernán Guerschuny,1,0,1
Director,Sandi Tan,1,1,0
Director,Rita Coburn Whack,1,1,0
Director,Sudipto Roy,1,1,0
Director,Richard Bates Jr.,1,1,0
Director,Gabriel Cruz Rivas,1,1,0
Director,Valeria Golino,1,1,0
Director,Joan C. Gratz,1,1,0
Director,Nacho G. Velilla,1,1,0
Director,Mark Dindal,1,1,0
Director,Vikram Tanajirao Patil,1,1,0
Director,Praveen Kandregula,1,1,0
Director,Will Graham,1,1,0
Director,Jayan Vannery,1,1,0
Director,Victor Cook,1,1,0
Director,Kyohei Ishiguro,1,1,0
Director,Mandie Fletcher,1,1,0
Director,Park In-je,1,1,0
Director,Rene Liu,1,1,0
Director,Yoon Sung-hyun,1,1,0
Director,Bob Rose,1,1,0
Director,Jason Stone,1,1,0
Director,Brett Donowho,1,1,0
Director,Hugo Stuven,1,1,0
Director,Bob Odenkirk,1,1,0
Director,Sam Patton,1,1,0
Director,Shin-yeon Won,1,1,0
Director,Rizki Balki,1,1,0
Director,Frank Paur,1,1,0
Director,Daniel Espinosa,1,1,0
Director,Nibal Arakji,1,1,0
Director,Paul Brizzi,1,1,0
Director,Jérémie Levypon,1,1,0
Director,Pete Jacobs,1,1,0
Director,Ilya Naishuller,1,1,0
Director,Chang-Min Lee,1,0,1
Director,Adriana Trigiani,1,1,0
Director,Advait Chandan,1,1,0
Director,Shanjey Kumar Perumal,1,1,0
Director,David L.G. Hughes,1,1,0
Director,R.J. Daniel Hanna,1,1,0
Director,Pan Nalin,1,1,0
Director,Eddie Rosas,1,1,0
Director,Umesh Ghadge,1,1,0
Director,James Mather,1,1,0
Director,Franck Phelizon,1,1,0
Director,Tariq Alkazim,1,1,0
Director,Alo Sarkar,1,1,0
Director,Mary Mazzio,1,1,0
Director,Paul Krüger,1,1,0
Director,Timothy Ware-Hill,1,1,0
Director,Nicol Paone,1,1,0
Director,Yudai Yamaguchi,1,1,0
Director,J. Michael Long,1,1,0
Director,Adam Bhala Lough,1,1,0
Director,Eva Orner,1,1,0
Director,Malik Bendjelloul,1,1,0
Director,Jeffrey Schwarz,1,1,0
Director,Ian MacAllister-McDonald,1,1,0
Director,Pablo Lejarreta,1,1,0
Director,Kurt Voelker,1,1,0
Director,Akshay Shankar,1,1,0
Director,Julia Willoughby Nason,1,0,1
Director,Marty Callner,1,1,0
Director,Michael Feifer,1,1,0
Director,Fermín Muguruza,1,1,0
Director,Izidore K. Musallam,1,1,0
Director,Henry Joost,1,1,0
Director,Peter Mortimer,1,1,0
Director,Jazz Boon,1,1,0
Director,Deep Joshi,1,1,0
Director,Victor Gatonye,1,1,0
Director,Jean-François Blais,1,1,0
Director,Chow Hin Yeung Roy,1,1,0
Director,Mark Herman,1,1,0
Director,Sathyan Anthikad,1,1,0
Director,Ted Braun,1,1,0
Director,Jeo Baby,1,1,0
Director,Roman Coppola,1,1,0
Director,Morgan Ingari,1,1,0
Director,Philip Barantini,1,1,0
Director,Alejandro Hartmann,1,0,1
Director,Lorene Scafaria,1,1,0
Director,Mark Sloper,1,1,0
Director,Picky Talarico,1,0,1
Director,Mike Rianda,1,1,0
Director,Liu Kuang-hui,1,1,0
Director,Saurabh Sinha,1,1,0
Director,Stuart Stone,1,1,0
Director,Gervasio Iglesias,1,1,0
Director,Babak Anvari,1,1,0
Director,Meisa Felaroze,1,1,0
Director,Roberto De Feo,1,1,0
Director,Michael Arias,1,1,0
Director,Shrihari Sathe,1,1,0
Director,Ravishankar Venkateswaran,1,1,0
Director,David Alvarado,1,1,0
Director,Ricardo Maldonado,1,1,0
Director,Henry Thurlow,1,1,0
Director,Isao Yukisada,1,1,0
Director,Jay Bulger,1,1,0
Director,Feng Xiaogang,1,1,0
Director,Stevie Wermers,1,1,0
Director,Chris Appelhans,1,1,0
Director,Sonia Dauger,1,1,0
Director,N. Chandra,1,1,0
Director,Mike Rohl,1,1,0
Director,Phil Lord,1,1,0
Director,Jean-Loup Felicioli,1,1,0
Director,Robert Adetuyi,1,1,0
Director,Phil Morrison,1,1,0
Director,Mahmoud Sabbagh,1,1,0
Director,Sonny Mallhi,1,1,0
Director,Lee Kirk,1,1,0
Director,Amitava Bhattacharya,1,1,0
Director,Abdulaziz Alshlahei,1,1,0
Director,Mohammed El-Tahawy,1,1,0
Director,Robert Aldrich,1,1,0
Director,Raj N. Sippy,1,1,0
Director,Ferdinando Cito Filomarino,1,1,0
Director,Richard da Costa,1,1,0
Director,Mohamed Yassin,1,1,0
Director,Atsuko Ishizuka,1,1,0
Director,Abdellatif Kechiche,1,1,0
Director,Pa. Ranjith,1,1,0
Director,Paween Purikitpanya,1,1,0
Director,Bhavik Thakore,1,0,1
Director,Tom Holland,1,1,0
Director,Dave Patten,1,1,0
Director,Scott Waugh,1,1,0
Director,Jonathan Ignatius Green,1,1,0
Director,Elisabeth Vogler,1,1,0
Director,Max Amini,1,1,0
Director,Wynn Padula,1,1,0
Director,Isabel Coixet,1,1,0
Director,David Galán Galindo,1,1,0
Director,Meenu Gaur,1,1,0
Director,Sunil Thakur,1,1,0
Director,Michael Cristofer,1,1,0
Director,Ian Daniel,1,1,0
Director,Curtis Graham,1,1,0
Director,Raman Kumar,1,1,0
Director,Neeraj Ghaywan,1,1,0
Director,Linda Korsten,1,1,0
Director,Derick Cabrido,1,1,0
Director,Katarina Launing,1,1,0
Director,Damon Cardasis,1,1,0
Director,Navjot Gulati,1,1,0
Director,Carlos Morett,1,1,0
Director,Kabir Khan,1,1,0
Director,Stephen Chbosky,1,1,0
Director,Mike Judge,1,1,0
Director,Rob Burnett,1,1,0
Director,Maïmouna Doucouré,1,1,0
Director,Tom Elkins,1,1,0
Director,Darren Grant,1,1,0
Director,Sergio Pablos,1,1,0
Director,Wouter Bouvijn,1,0,1
Director,Alex Holmes,1,1,0
Director,Eric Goode,1,0,1
Director,Akay Mason,1,1,0
Director,Mohsin Ali,1,1,0
Director,Tinu Pappachan,1,1,0
Director,Patrik Forsberg,1,1,0
Director,Erol Özlevi,1,1,0
Director,Kevin Lima,1,1,0
Director,Leopoldo Aguilar,1,1,0
Director,Shane Acker,1,1,0
Director,Paul Raschid,1,1,0
Director,Suresh Pillai,1,1,0
Director,Roger Russell,1,1,0
Director,Marc Abraham,1,1,0
Director,Craig Elrod,1,1,0
Director,Renuka Shahane,1,1,0
Director,Pedro Kos,1,1,0
Director,Brandon Jeffords,1,1,0
Director,Samir Al Asfory,1,1,0
Director,Sam O'Steen,1,1,0
Director,Seth Fuller,1,1,0
Director,Sigrid Andrea Bernardo,1,1,0
Director,Julie Taymor,1,1,0
Director,Matthew Atkinson,1,1,0
Director,Colin Dench,1,1,0
Director,Josh Vietze,1,1,0
Director,Rucha Humnabadkar,1,1,0
Director,Kranti Kanade,1,1,0
Director,Quek Shio-chuan,1,0,1
Director,Erik Ewers,1,1,0
Director,Thomas Meadmore,1,1,0
Director,Eric Juhola,1,1,0
Director,Abdul Aziz Hashad,1,1,0
Director,Alaa Eddine Aljem,1,1,0
Director,Umut Aral,1,1,0
Director,Gary Binkow,1,1,0
Director,Baltasar Kormákur,1,1,0
Director,James Sweeney,1,1,0
Director,Hannes Stöhr,1,1,0
Director,Gary Wang,1,1,0
Director,Cory Edwards,1,1,0
Director,Pablo Stoll,1,1,0
Director,Kevin Macdonald,1,1,0
Director,Tony Stone,1,1,0
Director,Alejandra Márquez Abella,1,1,0
Director,David Yarovesky,1,1,0
Director,Meghan O'Hara,1,1,0
Director,Miguel Ángel Vivas,1,1,0
Director,Gary Sing,1,0,1
Director,Elissa Down,1,1,0
Director,Esteban Sapir,1,1,0
Director,Alex Parkinson,1,1,0
Director,Rakesh Mehta,1,1,0
Director,Nick Davis,1,1,0
Director,James Dearden,1,1,0
Director,Emmanuel Mouret,1,1,0
Director,Colin Teague,1,1,0
Director,Athiyan Athirai,1,1,0
Director,Tony Bancroft,1,1,0
Director,Jumpei Mizusaki,1,1,0
Director,Tom Whitter,1,1,0
Director,Odunlade Adekola,1,1,0
Director,Akhigbe Ilozobhie,1,1,0
Director,Shadae Lamar Smith,1,1,0
Director,Suzanne Coote,1,1,0
Director,Ravikanth Perepu,1,1,0
Director,Harald Zwart,1,1,0
Director,Hakan Yonat,1,1,0
Director,Kirk Wolfinger,1,1,0
Director,Kevin Donovan,1,1,0
Director,David Dietz,1,1,0
Director,Alethea Jones,1,1,0
Director,Vivek Agnihotri,1,1,0
Director,Eddie Martin,1,1,0
Director,Stanley Menino D'Costa,1,1,0
Director,Param Gill,1,1,0
Director,Lars Kaalund,1,0,1
Director,Diego Cohen,1,1,0
Director,Alexandre Reinecke,1,1,0
Director,Caio Cobra,1,1,0
Director,Shuko Murase,1,1,0
Director,Andaç Haznedaroğlu,1,1,0
Director,Michael Socha,1,1,0
Director,Simon Curtis,1,1,0
Director,Phil Nibbelink,1,1,0
Director,Mehdi Idir,1,1,0
Director,Musthafa,1,1,0
Director,Jason Priestley,1,1,0
Director,Nicolás Silbert,1,1,0
Director,Carlos Bolado,1,0,1
Director,Bent-Jorgen Perlmutt,1,1,0
Director,Monica Floyd,1,1,0
Director,Adam Larson Broder,1,1,0
Director,Mario Briongos,1,1,0
Director,Marlene Melchior,1,1,0
Director,Carlos Sorín,1,1,0
Director,Hassan AbdulSalam,1,1,0
Director,Jay Baruchel,1,1,0
Director,Noushad,1,1,0
Director,Hiroshi Aoyama,1,1,0
Director,Ishaan Trivedi,1,1,0
Director,Michael Duggan,1,1,0
Director,Philip Marlatt,1,1,0
Director,Volker Arzt,1,1,0
Director,Muhammad Fadl,1,1,0
Director,John A. Davis,1,1,0
Director,Gurmmeet Singh,1,1,0
Director,Raja Chanda,1,1,0
Director,Pass Patthanakumjon,1,0,1
Director,Alana Waksman,1,1,0
Director,Greg Young,1,1,0
Director,Joaquín Mazón,1,1,0
Director,Shinji Takagi,1,1,0
Director,Charles Officer,1,1,0
Director,Noël Wells,1,1,0
Director,Srijit Mukherji,1,0,1
Director,Syed Ahmad Afzal,1,1,0
Director,Yang Lei,1,1,0
Director,Aadish Keluskar,1,1,0
Director,Nicholas Stoller,1,1,0
Director,Aaron Woolf,1,1,0
Director,Padraig Reynolds,1,1,0
Director,Sophia Nahli Allison,1,1,0
Director,Gary Goldman,1,1,0
Director,Jamal Hill,1,1,0
Director,Gerhard Mostert,1,0,1
Director,Célia Catunda,1,1,0
Director,Mostafa Abu Seif,1,1,0
Director,Leif Tilden,1,1,0
Director,Prateek Vats,1,1,0
Director,Jordi Llompart,1,1,0
Director,Ram,1,1,0
Director,Taron Lexton,1,1,0
Director,Michael Govier,1,1,0
Director,Ahmed Saleh,1,1,0
Director,Sanjay Gupta,1,1,0
Director,Marc-Antoine Hélard,1,1,0
Director,Lee Daniels,1,1,0
Director,Byeon Hee-sun,1,1,0
Director,Frank W Chen,1,1,0
Director,Nathan Wiley,1,1,0
Director,Ravi Udyawar,1,1,0
Director,Puneet Khanna,1,1,0
Director,Rush Sturges,1,1,0
Director,Sonia Kennebeck,1,1,0
Director,Richard Linklater,1,1,0
Director,Mickey Liddell,1,1,0
Director,John Crowley,1,1,0
Director,Dave Needham,1,1,0
Director,Lin Oeding,1,1,0
Director,Carly Stone,1,1,0
Director,Louie Gibson,1,1,0
Director,Yuval Adler,1,1,0
Director,Mohd Khairul Azri Bin Md Noor,1,1,0
Director,Ari Levinson,1,1,0
Director,Mandeep Kumar,1,1,0
Director,Abbas Tyrewala,1,1,0
Director,Michael Blieden,1,1,0
Director,Sunkanmi Adebayo,1,1,0
Director,Ramzy Bedia,1,1,0
Director,Jennifer Beamish,1,1,0
Director,Dare Olaitan,1,1,0
Director,Amaan Khan,1,1,0
Director,Jami,1,1,0
Director,Nishil Sheth,1,1,0
Director,Florian Schott,1,1,0
Director,Ben Palmer,1,1,0
Director,Trey Nelson,1,1,0
Director,Alice Mathias,1,1,0
Director,Pippa Ehrlich,1,1,0
Director,Ken Kushner,1,1,0
Director,Namcito,1,1,0
Director,Chris Sanders,1,1,0
Director,Miranda de Pencier,1,1,0
Director,Brian Niles,1,1,0
Director,Jason Orley,1,1,0
Director,Matthew Miele,1,1,0
Director,Peter Hewitt,1,1,0
Director,Thomas Stuber,1,1,0
Director,Michael Steiner,1,1,0
Director,Sean Hanish,1,1,0
Director,Tinge Krishnan,1,1,0
Director,Santiago Alvarado Ilarri,1,1,0
Director,Jim Field Smith,1,1,0
Director,Kabir Bhatia,1,1,0
Director,Stu Livingston,1,1,0
Director,Olivier Nakache,1,1,0
Director,Roxanne Benjamin,1,1,0
Director,Greg Pritikin,1,1,0
Director,Johnny Castuciano,1,1,0
Director,Jastis Arimba,1,1,0
Director,Alex Brewer,1,1,0
Director,Nicole Holofcener,1,1,0
Director,Lucy van Beek,1,1,0
Director,Apurva Dhar Badgaiyann,1,1,0
Director,Kubhaer T. Jethwani,1,1,0
Director,Jesse Gustafson,1,1,0
Director,Vibeke Idsøe,1,1,0
Director,Doug McHenry,1,1,0
Director,Garrett Bradley,1,0,1
Director,Yoav Paz,1,1,0
Director,Cüneyt Kaya,1,1,0
Director,Beeban Kidron,1,1,0
Director,Kamal Sahani,1,1,0
Director,Raj Babu,1,1,0
Director,Rob Epstein,1,1,0
Director,Elliot Hegarty,1,1,0
Director,Han Kwang Il,1,1,0
Director,Ian Kirby,1,1,0
Director,Paul Tanter,1,1,0
Director,Ben Nicholas,1,1,0
Director,Jared Moshé,1,1,0
Director,Cyrus Saidi,1,1,0
Director,Pia Sukanya,1,1,0
Director,Rémy Four,1,1,0
Director,Shady Hanna,1,1,0
Director,Emmanuel Amara,1,1,0
Director,Kim Jee-woon,1,1,0
Director,Lars Klevberg,1,1,0
Director,Visute Poolvoralaks,1,1,0
Director,Dan Lucchesi,1,0,1
Director,Hirotsugu Kawasaki,1,1,0
Director,David Frankel,1,1,0
Director,Srivinay Salian,1,1,0
Director,Lena Khan,1,1,0
Director,Allan Jacobsen,1,1,0
Director,Appie Boudellah,1,1,0
Director,Stuart Heisler,1,1,0
Director,Aurora Guerrero,1,1,0
Director,Austin Stark,1,1,0
Director,Amitabha Singh,1,1,0
Director,Yuki Yamato,1,1,0
Director,Nathaniel Warsh,1,1,0
Director,Peter Ramsey,1,1,0
Director,Amar Gupte,1,1,0
Director,Kelly Noonan,1,1,0
Director,Han Qing,1,0,1
Director,Jung Ji-woo,1,1,0
Director,Ken Loach,1,1,0
Director,Mickey Fonseca,1,1,0
Director,Santosh Manjrekar,1,1,0
Director,Michael Ritchie,1,1,0
Director,Girish Joshi,1,1,0
Director,Salvador Espinosa,1,1,0
Director,Hikaru Toda,1,0,1
Director,Sheena M. Joyce,1,1,0
Director,Jessica Yu,1,1,0
Director,Puri Jagannadh,1,1,0
Director,Daan Jansen,1,1,0
Director,Christopher Miller,1,1,0
Director,L. Frazier,1,1,0
Director,Alejandro De Grazia,1,1,0
Director,Richard Curtis,1,1,0
Director,María Jose Cuevas,1,1,0
Director,Michael Kennedy,1,1,0
Director,Venky Kudumula,1,1,0
Director,Owll Mina,1,1,0
Director,Henrik Martin Dahlsbakken,1,1,0
Director,Jeffrey W. Byrd,1,1,0
Director,Jim Gable,1,1,0
Director,Jean-Claude Flamand-Barny,1,1,0
Director,Matt Angel,1,1,0
Director,Karen Maine,1,1,0
Director,Marco Schnabel,1,1,0
Director,Ayush Raina,1,1,0
Director,Derek Hui,1,1,0
Director,Scott Walker,1,1,0
Director,Madhumita,1,1,0
Director,Clarence Yiu-leung Fok,1,1,0
Director,Tinnu Anand,1,1,0
Director,Trey Borzillieri,1,0,1
Director,Shaad Ali,1,1,0
Director,Yann Gozlan,1,1,0
Director,Satish Manwar,1,1,0
Director,Steve Greenwood,1,0,1
Director,Will Eubank,1,1,0
Director,Nidhi Sharma,1,1,0
Director,Robert Radler,1,1,0
Director,Xavier Gens,1,1,0
Director,Amal Neerad,1,1,0
Director,Bronwen Hughes,1,1,0
Director,Trevor Ryan,1,1,0
Director,Rakshith Thirthahalli,1,1,0
Director,Bumpy,1,0,1
Director,Milind Rau,1,1,0
Director,Vetri Maaran,1,0,1
Director,Isaac Rentz,1,1,0
Director,Jude Weng,1,1,0
Director,Dana Nachman,1,1,0
Director,Evan Spiridellis,1,1,0
Director,Mike McCoy,1,1,0
Director,Heather Walsh,1,1,0
Director,Blair Hayes,1,1,0
Director,Curtis Hanson,1,1,0
Director,Hiroshi Katagiri,1,1,0
Director,M.S. Prem Nath,1,1,0
Director,Teng Huatao,1,1,0
Director,Andrés Beltrán,1,0,1
Director,Olivier Abbou,1,1,0
Director,Sandeep Reddy Vanga,1,1,0
Director,Eleonore Pourriat,1,1,0
Director,Kike Maíllo,1,1,0
Director,John Barnard,1,1,0
Director,Jenny Carchman,1,1,0
Director,Joel Crawford,1,1,0
Director,Roger Christian,1,1,0
Director,Steve Loter,1,1,0
Director,Julie Dash,1,1,0
Director,Yulene Olaizola,1,1,0
Director,Sushil Majumdar,1,1,0
Director,Handan İpekçi,1,1,0
Director,Mohammed Saeed Harib,1,1,0
Director,Norm Hiscock,1,0,1
Director,Ally Pankiw,1,0,1
Director,Felix van Groeningen,1,1,0
Director,Ivan Silvestrini,1,1,0
Director,George Mendeluk,1,1,0
Director,Harry Baweja,1,1,0
Director,Greg Berlanti,1,1,0
Director,Marc Levin,1,1,0
Director,Espen Sandberg,1,1,0
Director,Sebastián Hofmann,1,1,0
Director,Jacques Cluzaud,1,1,0
Director,Damon Davis,1,1,0
Director,Jeremy Rush,1,1,0
Director,Mike Elliott,1,1,0
Director,Jeremy David White,1,1,0
Director,Mary Lambert,1,1,0
Director,Partho Ghosh,1,1,0
Director,Robert Cannan,1,1,0
Director,Matthew Robinson,1,1,0
Director,Mangesh Hadawale,1,1,0
Director,Harrison Smith,1,1,0
Director,Diego Luna,1,1,0
Director,Ajay Bahl,1,1,0
Director,Pablo Martin Farina,1,1,0
Director,Paul Shoulberg,1,1,0
Director,Perry Lang,1,1,0
Director,Sunil Soraya,1,1,0
Director,Jeffrey G. Hunt,1,1,0
Director,Michelle Caputo,1,1,0
Director,Manoj Beedha,1,1,0
Director,Diego Enrique Osorno,1,0,1
Director,Rahul Ravindran,1,1,0
Director,Teddy Chan,1,1,0
Director,Richard Kelly,1,1,0
Director,Kevin Pang,1,1,0
Director,Ben Shelton,1,1,0
Director,Debaloy Dey,1,1,0
Director,Saurav Palodhi,1,1,0
Director,Tomotaka Shibayama,1,1,0
Director,Jessie Nelson,1,1,0
Director,Daniela Goggi,1,1,0
Director,Jonathan Augustin,1,1,0
Director,Guillaume Pierret,1,1,0
Director,Sian Heder,1,1,0
Director,Jeremy Grant,1,1,0
Director,Fernando Frías De La Parra,1,1,0
Director,John Mikulak,1,1,0
Director,Alex Winter,1,1,0
Director,James Foley,1,1,0
Director,Tony Collingwood,1,0,1
Director,Alê Abreu,1,1,0
Director,Sabaah Folayan,1,1,0
Director,Daniel Monzón,1,1,0
Director,Paul Munger,1,1,0
Director,Peter Lord,1,1,0
Director,Chinaza Onuzo,1,1,0
Director,Sydney Pollack,1,1,0
Director,Nick Simon,1,1,0
Director,Camilla Nielsson,1,1,0
Director,Fazila Allana,1,1,0
Director,William Eubank,1,1,0
Director,Nicholas McCarthy,1,1,0
Director,Yu Yang,1,1,0
Director,Fabrizio Copano,1,1,0
Director,Yasir Al Yasiri,1,1,0
Director,Peter Yost,1,1,0
Director,Lonzo Nzekwe,1,1,0
Director,Zeek Earl,1,1,0
Director,Krishna D.K.,1,1,0
Director,Mfanelo Ngoma,1,1,0
Director,Raj Nidimoru,1,1,0
Director,Marina Zenovich,1,1,0
Director,Will Lowell,1,1,0
Director,Bruce McDonald,1,1,0
Director,Fab Five Freddie,1,1,0
Director,Lisa Cortés,1,1,0
Director,Kate Melville,1,1,0
Director,Marina Seresesky,1,1,0
Director,Anna Wieczur-Bluszcz,1,1,0
Director,David Batra,1,1,0
Director,Houssam El-Din Mustafa,1,1,0
Director,Mariano Barroso,1,0,1
Director,Zuko Nodada,1,1,0
Director,Paco Cabezas,1,1,0
Director,Grant Heslov,1,1,0
Director,Jody Hill,1,1,0
Director,Sonny Marler,1,1,0
Director,Omung Kumar,1,1,0
Director,Peter Svatek,1,1,0
Director,Kaspar Astrup Schröder,1,1,0
Director,Jan-Peter Horns,1,1,0
Director,Nancy Schwartzman,1,1,0
Director,John Smithson,1,1,0
Director,Alan Poul,1,0,1
Director,Milla Harrison-Hansley,1,1,0
Director,Christophe Honoré,1,1,0
Director,Koji Morimoto,1,1,0
Director,Tudor Giurgiu,1,1,0
Director,Theodore Melfi,1,1,0
Director,Tom Barton-Humphreys,1,1,0
Director,Justin Baldoni,1,1,0
Director,Don Argott,1,1,0
Director,Brett Hedlund,1,1,0
Director,Harmony Korine,1,1,0
Director,Iman Brotoseno,1,1,0
Director,Brian O'Malley,1,1,0
Director,Jonathan Clay,1,1,0
Director,Yasushi Muraki,1,1,0
Director,Jorge Blanco,1,1,0
Director,Khalid Kashogi,1,1,0
Director,Roman Polanski,1,1,0
Director,Chuang Shiang-an,1,0,1
Director,Richard Mears,1,1,0
Director,William Bindley,1,1,0
Director,Akiva Goldsman,1,1,0
Director,Adam Egypt Mortimer,1,1,0
Director,Andrea Arnold,1,1,0
Director,Ali Scher,1,1,0
Director,Johnny To,1,1,0
Director,Rajeev Chaudhari,1,1,0
Director,Birkan Pusa,1,1,0
Director,Ali Yorgancıoğlu,1,1,0
Director,Adam Deyoe,1,1,0
Director,Lee Yoon-jung,1,0,1
Director,Tom O'Dell,1,1,0
Director,André D'Elia,1,1,0
Director,Sadeq Behbehani,1,1,0
Director,Samu Fuentes,1,1,0
Director,Robert Cullen,1,1,0
Director,Ellen Weissbrod,1,1,0
Director,Antoine Bardou-Jacquet,1,1,0
Director,Michelle MacLaren,1,1,0
Director,Benjamin Ross,1,1,0
Director,Alex Law,1,1,0
Director,Michael Petroni,1,1,0
Director,Robin Bissell,1,1,0
Director,Brandon Camp,1,1,0
Director,Elle Callahan,1,1,0
Director,Geoffrey Orthwein,1,1,0
Director,Almudena Carracedo,1,1,0
Director,Duncan McMath,1,1,0
Director,Josef Fares,1,1,0
Director,Chike,1,1,0
Director,Hans Petter Moland,1,1,0
Director,Bruce Leddy,1,1,0
Director,Xu Zhang,1,1,0
Director,Takashi Doscher,1,1,0
Director,Sung-soo Kim,1,1,0
Director,Praveen Nischol,1,1,0
Director,David Raynr,1,1,0
Director,M.J. Isakson,1,1,0
Director,Andrés Couturier,1,1,0
Director,Eric Abrams,1,0,1
Director,Daniel Gordon,1,1,0
Director,Pawan Kumar,1,1,0
Director,Chris Moukarbel,1,1,0
Director,Milton Horowitz,1,1,0
Director,Shekhar Kapur,1,1,0
Director,Amit Roy,1,1,0
Director,Steven Knight,1,1,0
Director,Harold Becker,1,1,0
Director,Hepi Mita,1,1,0
Director,Taketoshi Sado,1,1,0
Director,Lennart Ruff,1,1,0
Director,Michael Rymer,1,1,0
Director,Monika Mitchell,1,1,0
Director,Anoop Sathyan,1,1,0
Director,Alberto Arnaut Estrada,1,1,0
Director,Scott McAboy,1,1,0
Director,Harshavardhan Kulkarni,1,1,0
Director,Vishal Mishra,1,1,0
Director,Dean DeBlois,1,1,0
Director,Patrice Laliberté,1,1,0
Director,Vadim Jean,1,1,0
Director,Ginny Mohler,1,1,0
Director,Sacha Wolff,1,1,0
Director,Kunal Deshmukh,1,1,0
Director,Jenny Gage,1,1,0
Director,Thurop Van Orman,1,1,0
Director,Aaron Hann,1,1,0
Director,Gerry Blaksley,1,1,0
Director,Tim Rouhana,1,1,0
Director,Steve McLean,1,1,0
Director,Oliver Kienle,1,1,0
Director,Yasushi Kawamura,1,1,0
Director,Jelle de Jonge,1,1,0
Director,Shagufta Rafique,1,1,0
Director,Ignacio Jaunsolo,1,1,0
Director,Eric Schlosser,1,1,0
Director,Greta Gerwig,1,1,0
Director,Oded Raz,1,1,0
Director,Michael Steed,1,1,0
Director,Max Pugh,1,1,0
Director,Christian Ditter,1,1,0
Director,Elisa Fuksas,1,1,0
Director,Atanu Mukherjee,1,1,0
Director,Dawn Porter,1,0,1
Director,Gary David Goldberg,1,1,0
Director,Saeed Hamed,1,1,0
Director,Matt Aselton,1,1,0
Director,Jennifer Phang,1,1,0
Director,Michael Curtiz,1,1,0
Director,Mario Mattei,1,1,0
Director,Cecilia Peck,1,0,1
Director,Prabhuraj,1,1,0
Director,Cal Brunker,1,1,0
Director,Fred Ouro Preto,1,1,0
Director,Kornél Mundruczó,1,1,0
Director,Stephen Amezdroz,1,1,0
Director,Luca Vullo,1,1,0
Director,Syamsul Yusof,1,1,0
Director,Michael Radford,1,1,0
Director,Yeo Siew Hua,1,1,0
Director,Dani de la Torre,1,1,0
Director,Mamoru Hosoda,1,1,0
Director,Narendra Nath,1,1,0
Director,Bin Bunluerit,1,1,0
Director,Nora Ephron,1,1,0
Director,Jonathan Teplitzky,1,1,0
Director,John Luessenhop,1,1,0
Director,Bao Nhan,1,1,0
Director,Mimi Leder,1,1,0
Director,Joshua Zeman,1,0,1
Director,Jaime Rayo,1,0,1
Director,Prabhu Deva,1,1,0
Director,Amro Salah,1,1,0
Director,Kathryn Fasegha,1,1,0
Director,Christophe Charrier,1,1,0
Director,Andy Capper,1,1,0
Director,Patrick Osborne,1,1,0
Director,Phil Alden Robinson,1,1,0
Director,David Chuang,1,0,1
Director,Deborah Kaplan,1,1,0
Director,Biyi Bandele,1,1,0
Director,Susannah Heath-Eves,1,1,0
Director,KVR Mahendra,1,1,0
Director,TT The Artist,1,1,0
Director,John Murlowski,1,1,0
Director,Maribel Sánchez-Maroto,1,0,1
Director,Matthew Michael Carnahan,1,1,0
Director,Adam MacDonald,1,1,0
Director,Callie Khouri,1,1,0
Director,Daryl Hannah,1,1,0
Director,Mansore,1,1,0
Director,Sittisiri Mongkolsiri,1,1,0
Director,Robert McCullough Jr.,1,1,0
Director,Thor Freudenthal,1,1,0
Director,Barbara Białowąs,1,1,0
Director,Kim Jong-kwan,1,0,1
Director,Óskar Thór Axelsson,1,1,0
Director,Will Lovelace,1,1,0
Director,Carles Torras,1,1,0
Director,Marcus Nispel,1,1,0
Director,Manish Saini,1,1,0
Director,James Brown,1,1,0
Director,Angel Kristi Williams,1,1,0
Director,Diego Corsini,1,1,0
Director,Shawn Rech,1,1,0
Director,Sean Foley,1,1,0
Director,Glenn Weiss,1,0,1
Director,Brandon Jones,1,1,0
Director,Jathin Sanker Raj,1,1,0
Director,Stacia Crawford,1,1,0
Director,Syed Saleh Ahmed Sobhan,1,1,0
Director,Rushmore DeNooyer,1,1,0
Director,Jeff Margolis,1,1,0
Director,Fumihiko Sori,1,1,0
Director,To-hoi Kong,1,1,0
Director,Joshua Oppenheimer,1,1,0
Director,Lai Chun-yu,1,0,1
Director,Leslye Davis,1,1,0
Director,Liao Shih-han,1,1,0
Director,Tatiana Villela,1,0,1
Director,Peter Foott,1,1,0
Director,Takeshi Nozue,1,1,0
Director,Iwao Takamoto,1,1,0
Director,Coerte Voorhees,1,1,0
Director,Gitanjali Rao,1,1,0
Director,Takanobu Mizuno,1,1,0
Director,Owen Trevor,1,1,0
Director,Jack Starrett,1,1,0
Director,Myriam Fares,1,1,0
Director,Peggy Holmes,1,1,0
Director,Rachel Bell,1,0,1
Director,Michael Jones,1,1,0
Director,Pranav Singh,1,1,0
Director,Anthony Wonke,1,1,0
Director,Rahat Kazmi,1,1,0
Director,Torquil Jones,1,1,0
Director,Jason Krawczyk,1,1,0
Director,Sue Kim,1,1,0
Director,Eva Vives,1,1,0
Director,Eric Notarnicola,1,1,0
Director,Ritesh Batra,1,1,0
Director,Rethabile Ramaphakela,1,1,0
Director,Nzingha Stewart,1,1,0
Director,Meshal Aljaser,1,0,1
Director,Gabriel Clarke,1,1,0
Director,Nottapon Boonprakob,1,1,0
Director,Claire McCarthy,1,1,0
Director,Blake Harris,1,1,0
Director,Vetrimaaran,1,1,0
Director,Andrew Goth,1,1,0
Director,V. K. Prakash,1,1,0
Director,Peter Winther,1,1,0
Director,Malik Vitthal,1,1,0
Director,Azazel Jacobs,1,1,0
Director,Raúl Arévalo,1,1,0
Director,Michael Thelin,1,1,0
Director,Jon Alpert,1,1,0
Director,Sanjib Dey,1,1,0
Director,P.K. Baaburaaj,1,1,0
Director,Afia Nathaniel,1,1,0
Director,Anil Thomas,1,1,0
Director,Dan Krauss,1,1,0
Director,Ricardo Trogi,1,1,0
Director,Parveen Kumar,1,1,0
Director,Yesim Ustaoglu,1,1,0
Director,Jerry Kolber,1,1,0
Director,David Briggs,1,1,0
Director,Ananda Krishnan,1,1,0
Director,Martin Prakkat,1,1,0
Director,Luke Holland,1,1,0
Director,Gerardo Gatica,1,1,0
Director,Cary Murnion,1,1,0
Director,Tim Van Someren,1,1,0
Director,Huw Cordey,1,1,0
Director,Vijay Yelakanti,1,1,0
Director,Francine Parker,1,1,0
Director,Vijay Milton,1,1,0
Director,Lea Glob,1,1,0
Director,Megha Ramaswamy,1,1,0
Director,Anthony Lucero,1,1,0
Director,Eduardo Casanova,1,1,0
Director,Sam Taylor-Johnson,1,1,0
Director,Adam Darke,1,1,0
Director,Liu Jie,1,1,0
Director,Hasan Aljaberi,1,1,0
Director,Jon Hurwitz,1,1,0
Director,Amarpreet G S Chabbra,1,1,0
Director,Sandy Chronopoulos,1,1,0
Director,Ángel Gómez Hernández,1,1,0
Director,Katy Chevigny,1,1,0
Director,John Stevenson,1,1,0
Director,Myles Kane,1,1,0
Director,Olivier Loustau,1,1,0
Director,David Mirkin,1,1,0
Director,Woo Ming Jin,1,1,0
Director,Joe Russo,1,1,0
Director,Yandy Laurens,1,1,0
Director,K.C. Bokadia,1,1,0
Director,Michael Apted,1,1,0
Director,Skye Borgman,1,1,0
Director,Gaspar Antillo,1,1,0
Director,Craig Johnson,1,1,0
Director,Haoling Li,1,1,0
Director,Chineze Anyaene,1,1,0
Director,Michael Martin,1,1,0
Director,Cristina Costantini,1,1,0
Director,Joel Oliansky,1,1,0
Director,Richard Arellano,1,0,1
Director,Shanavas K. Bavakutty,1,1,0
Director,Corey Grant,1,1,0
Director,Gina Prince-Bythewood,1,1,0
Director,Florian Schnell,1,1,0
Director,Nabil Ayouch,1,1,0
Director,Takuma Sato,1,1,0
Director,Ken Kwapis,1,1,0
Director,Kenzo Maihara,1,1,0
Director,Christopher Amos,1,1,0
Director,Vondie Curtis-Hall,1,1,0
Director,Claus Wehlisch,1,1,0
Director,Robert Smigel,1,1,0
Director,Maria Pulera,1,1,0
Director,Ananth Narayan Mahadevan,1,1,0
Director,Sharon Grimberg,1,0,1
Director,Ben C. Lucas,1,1,0
Director,Sara Dosa,1,1,0
Director,Sharan Koppisetty,1,1,0
Director,Iain Softley,1,1,0
Director,Matt Piedmont,1,1,0
Director,Svetlana Cvetko,1,1,0
Director,Anthony Byrne,1,1,0
Director,Alan J. Pakula,1,1,0
Director,Gaëtan Brizzi,1,1,0
Director,Pieter-Jan De Pue,1,1,0
Director,Samir Karnik,1,1,0
Director,Andy Caballero,1,1,0
Director,Johane Matte,1,1,0
Director,Dean Craig,1,1,0
Director,Cassia Dian,1,0,1
Director,Jon Freeman,1,1,0
Director,Pierre Greco,1,1,0
Director,Hikari,1,1,0
Director,Natalie Portman,1,1,0
Director,Charles A. Nichols,1,1,0
Director,Anthony Abrams,1,1,0
Director,Stephanie Soechtig,1,1,0
Director,Scott Mosier,1,1,0
Director,Hassan Hegazy,1,1,0
Director,C.J. Wallis,1,1,0
Director,Melanie Mayron,1,1,0
Director,Amardeep Singh Gill,1,1,0
Director,Jayaraj Rajasekharan Nair,1,1,0
Director,Suman Ghosh,1,1,0
Director,Brian Webber,1,1,0
Director,Josh Aronson,1,1,0
Director,Aaron Woodley,1,1,0
Director,Juan Pablo Buscarini,1,1,0
Director,Joseduardo Giordano,1,1,0
Director,Aleksey Tsitsilin,1,1,0
Director,Muzi Mthembu,1,1,0
Director,Michael Tolajian,1,1,0
Director,Andrew Stanton,1,1,0
Director,Farhad Safinia,1,1,0
Director,Claude Lelouch,1,1,0
Director,James Redford,1,1,0
Director,Ahmed Medhat,1,1,0
Director,Greg Tiernan,1,0,1
Director,Todd Biermann,1,1,0
Director,John Irvin,1,1,0
Director,Chad L. Scheifele,1,1,0
Director,Keiichi Hara,1,1,0
Director,Pedro Coutinho,1,1,0
Director,Santwana Bardoloi,1,1,0
Director,André Øvredal,1,1,0
Director,Varun Narvekar,1,1,0
Director,Christian Duguay,1,1,0
Director,Buzz Kulik,1,1,0
Director,Alessio Cremonini,1,1,0
Director,Tom Stubberfield,1,1,0
Director,Kery James,1,1,0
Director,P.T. Kunju Muhammad,1,1,0
Director,Sidharta Tata,1,0,1
Director,Lawrence Kasdan,1,1,0
Director,Olivia Newman,1,1,0
Director,Paul M. Green,1,1,0
Director,Laïla Marrakchi,1,0,1
Director,Laura Mulleavy,1,1,0
Director,Peter Howitt,1,1,0
Director,Robb Dipple,1,1,0
Director,Mark Risley,1,1,0
Director,James Gunn,1,1,0
Director,Jason James,1,1,0
Director,Anubhav Sinha,1,1,0
Director,Jeffrey Nachmanoff,1,1,0
Director,Manbhavan Singh,1,1,0
Director,Kate Horne,1,1,0
Director,James Haslam,1,1,0
Director,Lotje Sodderland,1,1,0
Director,Lionel C. Martin,1,1,0
Director,Patrick Leung,1,1,0
Director,Juan José Campanella,1,1,0
Director,Julien Seri,1,1,0
Director,Valeria Pivato,1,1,0
Director,Michael Bonfiglio,1,1,0
Director,Joseph Chou,1,1,0
Director,David Lee Miller,1,1,0
Director,Tom Tykwer,1,1,0
Director,Cecilia Verheyden,1,1,0
Director,Kenneth Müller,1,1,0
Director,Radhika Rao,1,1,0
Director,Sam Cullman,1,1,0
Director,Chiaki Kon,1,0,1
Director,Saravana Rajendran,1,1,0
Director,David Leveaux,1,1,0
Director,Stefan Brogren,1,0,1
Director,Peter Fison,1,1,0
Director,Donald Petrie,1,1,0
Director,James Rogan,1,1,0
Director,Gustavo Ron,1,1,0
Director,Julia Hart,1,1,0
Director,Michelle Bello,1,1,0
Director,Bedabrata Pain,1,1,0
Director,Henry Hathaway,1,1,0
Director,Y. Joon Chung,1,1,0
Director,Mike Rossiter,1,1,0
Director,Brian M. Conley,1,1,0
Director,Alain Desrochers,1,1,0
Director,Bruce Robinson,1,1,0
Director,Chakri Toleti,1,1,0
Director,Manjeet Maan,1,1,0
Director,Thanabodee Uawithya,1,1,0
Director,Asim Abbasi,1,1,0
Director,Sam Loh,1,1,0
Director,Tony Zierra,1,1,0
Director,Keiko Yagi,1,1,0
Director,David Hackl,1,1,0
Director,David Bruckner,1,1,0
Director,Roy Campanella II,1,1,0
Director,Juan Manuel Cotelo,1,1,0
Director,Merawi Gerima,1,1,0
Director,Erik Matti,1,1,0
Director,Paakhi Tyrewala,1,1,0
Director,Christopher Loren Ewers,1,1,0
Director,Pieter Kuijpers,1,1,0
Director,Joanna Lombardi,1,1,0
Director,Mike Gabriel,1,1,0
Director,Alankrita Shrivastava,1,1,0
Director,Greg Mottola,1,1,0
Director,Nic Mathieu,1,1,0
Director,Ari Folman,1,1,0
Director,Eva Müller,1,1,0
Director,Anand Tiwari,1,1,0
Director,Isaki Lacuesta,1,1,0
Director,Mika Kaurismäki,1,1,0
Director,Marek Piwowski,1,1,0
Director,Ti West,1,1,0
Director,Tommy Avallone,1,1,0
Director,Llewellyn M. Smith,1,1,0
Director,Armando Croda,1,1,0
Director,Debbie Allen,1,1,0
Director,David Allensworth,1,1,0
Director,Jakub Piątek,1,1,0
Director,Bas van Teylingen,1,1,0
Director,John Banas,1,1,0
Director,Padraic McKinley,1,0,1
Director,Ahmad Samir Farag,1,1,0
Director,Koichi Mashimo,1,1,0
Director,James Woodroffe,1,1,0
Director,QLF,1,1,0
Director,Tommy O'Haver,1,1,0
Director,Donovan Marsh,1,1,0
Director,Nicole Conn,1,1,0
Director,Digo Ricio,1,1,0
Director,V C Abhilash,1,1,0
Director,Wim Bonte,1,1,0
Director,Mukesh Vohra,1,1,0
Director,Rolfe Kanefsky,1,1,0
Director,Mike Hodges,1,1,0
Director,Ryan Moody,1,1,0
Director,Barney Clay,1,1,0
Director,Aanand Rai,1,1,0
Director,Michael Lennox,1,1,0
Director,Afonso Poyart,1,1,0
Director,Martha Coolidge,1,1,0
Director,Grand Corps Malade,1,1,0
Director,Castille Landon,1,1,0
Director,Dean Wellins,1,1,0
Director,Guillaume Renard,1,1,0
Director,Chris Burkard,1,1,0
Director,Paul Berczeller,1,1,0
Director,Naseef Yusuf Izuddin,1,1,0
Director,Stephen Gyllenhaal,1,1,0
Director,Falz,1,1,0
Director,Jean-Pierre Devillers,1,1,0
Director,Eliane Brum,1,1,0
Director,Kuntz Agus,1,1,0
Director,Fouad El-Mohandes,1,1,0
Director,Norton Virgien,1,1,0
Director,Raz Degan,1,1,0
Director,John Kahrs,1,1,0
Director,Michael Kampa,1,1,0
Director,Andrew Renzi,1,1,0
Director,Greg Strause,1,1,0
Director,Charles Martin Smith,1,1,0
Director,James Watkins,1,1,0
Director,Jo Sung-hee,1,1,0
Director,Steven Rinella,1,1,0
Director,Marc Pons,1,0,1
Director,Jay Oliva,1,0,1
Director,Kirk Wise,1,1,0
Director,Olivier Roland,1,1,0
Director,Alice Rohrwacher,1,1,0
Director,Jakob Verbruggen,1,0,1
Director,Manika Sharma,1,1,0
Director,Chris Roland,1,1,0
Director,Chad Hartigan,1,1,0
Director,Shonali Bose,1,1,0
Director,Marti Noxon,1,1,0
Director,Yacine Belhousse,1,1,0
Director,Gabe Ibáñez,1,1,0
Director,Michael A. Nickles,1,1,0
Director,Nekfeu,1,1,0
Director,Mick Grogan,1,0,1
Director,John Herzfeld,1,1,0
Director,Jeff Garlin,1,1,0
Director,Ham Tran,1,1,0
Director,Erik Nelson,1,1,0
Director,Indrajit Nattoji,1,1,0
Director,Anil V. Kumar,1,1,0
Director,William Friedkin,1,1,0
Director,Gaurav Bavdankar,1,1,0
Director,Thomas Carter,1,1,0
Director,Charles Gozali,1,1,0
Director,Laura Fairrie,1,1,0
Director,Bhagyaraj,1,1,0
Director,Hajime Sasaki,1,1,0
Director,Nishanth Ravindaran,1,1,0
Director,Irwin Winkler,1,1,0
Director,Jeferson De,1,1,0
Director,Kristian Levring,1,1,0
Director,Zara Hayes,1,1,0
Director,Kiran Rao,1,1,0
Director,Måns Herngren,1,1,0
Director,Juani Libonatti,1,1,0
Director,Rakesh Ranjan Kumar,1,1,0
Director,Scot Armstrong,1,1,0
Director,Clive Tonge,1,1,0
Director,Rachit Kusonkoonsiri,1,0,1
Director,Roman Gackowski,1,1,0
Director,Saara Cantell,1,1,0
Director,Matthew McManus,1,1,0
Director,Julia Knowles,1,1,0
Director,Martin Desmond Roe,1,1,0
Director,Matthew Heineman,1,1,0
Director,Golam Kibria Farooki,1,1,0
Director,Joseph Hsu,1,1,0
Director,David Tryhorn,1,1,0
Director,Hideaki Takizawa,1,1,0
Director,Kiko Cruz Claverol,1,0,1
Director,Paco Aguilar,1,1,0
Director,Osman Ali,1,1,0
Director,César Rodrigues,1,1,0
Director,Adrien Lagier,1,0,1
Director,Gerard McMurray,1,1,0
Director,Aruna Raje,1,1,0
Director,Scott Christian Sava,1,1,0
Director,Roger Spottiswoode,1,1,0
Director,Peter Pardini,1,1,0
Director,Manjeet Singh,1,1,0
Director,Manatsanun Phanlerdwongsakul,1,1,0
Director,Joe Wright,1,1,0
Director,Sırrı Süreyya Önder,1,1,0
Director,Samar Shaikh,1,1,0
Director,Anthony Pierce,1,1,0
Director,Roy Boulting,1,1,0
Director,J.C. Falcón,1,1,0
Director,Christopher Alender,1,1,0
Director,Dustin Nguyen,1,1,0
Director,Brant Sersen,1,1,0
Director,Massy Tadjedin,1,1,0
Director,Isabel Sandoval,1,1,0
Director,Storm Theunissen,1,1,0
Director,George Miller,1,1,0
Director,Anissa Bonnefont,1,1,0
Director,Filip Zylber,1,1,0
Director,Radha Blank,1,1,0
Director,Jared Stern,1,1,0
Director,Frant Gwo,1,1,0
Director,Go Koga,1,0,1
Director,Francesco Amato,1,1,0
Director,Scott Pleydell-Pearce,1,1,0
Director,Ken Barbet,1,1,0
Director,Marcel Barrena,1,1,0
Director,Freddie Waters,1,1,0
Director,Justin McConnell,1,1,0
Director,Jonnie Hughes,1,1,0
Director,Tan Bing,1,1,0
Director,Will Eisenberg,1,1,0
Director,Kushal Srivastava,1,1,0
Director,Gareth Sacala,1,1,0
Director,Kongkiat Khomsiri,1,0,1
Director,Phil Johnston,1,1,0
Director,Storm Saulter,1,1,0
Director,Colin Strause,1,1,0
Director,Pradip Kurbah,1,1,0
Director,Vinod Kapri,1,1,0
Director,Luis Javier Henaine,1,1,0
Director,Francesco Carnesecchi,1,1,0
Director,Troy Nixey,1,1,0
Director,Valli Bindana,1,1,0
Director,Kinka Usher,1,1,0
Director,Rod Daniel,1,1,0
Director,Kurt Wimmer,1,1,0
Director,Peter Ho,1,0,1
Director,Sohail Tatari,1,1,0
Director,Constance Marks,1,1,0
Director,Elías León,1,0,1
Director,Karan Bali,1,1,0
Director,Daniel Ablin,1,1,0
Director,Atul Malhotra,1,1,0
Director,Yvan Attal,1,1,0
Director,Kumaran,1,1,0
Director,Sanjeev Gupta,1,1,0
Director,Jayaprakash Radhakrishnan,1,1,0
Director,Chia Tang,1,1,0
Director,Noor Imran Mithu,1,1,0
Director,Larry Elikann,1,1,0
Director,Anatole Litvak,1,1,0
Director,Dar Gai,1,1,0
Director,Nik Amir Mustapha,1,1,0
Director,Alexis Almström,1,1,0
Director,Andrew Sandler,1,1,0
Director,Sneha Taurani,1,1,0
Director,Samuel D. Pollard,1,1,0
Director,Parthiban,1,1,0
Director,Stephan Rick,1,1,0
Director,Matei Dima,1,1,0
Director,Chris Sparling,1,1,0
Director,James Lee,1,0,1
Director,Joshua Tickell,1,1,0
Director,Adam Bolt,1,1,0
Director,Antonio Piazza,1,1,0
Director,Roberto Girault Facha,1,1,0
Director,Jonathan A. Rosenbaum,1,1,0
Director,Farhan Alam,1,1,0
Director,Fouad Al Shatti,1,1,0
Director,Jen McGowan,1,1,0
Director,Sooni Taraporevala,1,1,0
Director,Akshay Akkineni,1,1,0
Director,Arnon Manor,1,1,0
Director,Mike Mills,1,1,0
Director,Niki Caro,1,1,0
Director,Miguel Ángel Lamata,1,1,0
Director,Marcelo Piñeyro,1,1,0
Director,Tanit Jitnukul,1,1,0
Director,Vrinda Samartha,1,1,0
Director,Norihisa Hiranuma,1,1,0
Director,Jacob LaMendola,1,1,0
Director,Max Jabs,1,1,0
Director,Christopher S. Rech,1,1,0
Director,Azfar Jafri,1,1,0
Director,Ding Sheng,1,1,0
Director,Oliver Bokelberg,1,1,0
Director,Stefan Aust,1,1,0
Director,Akihiko Yamashita,1,1,0
Director,Garth Davis,1,1,0
Director,Patricia Tourancheau,1,1,0
Director,Fred Cavayé,1,1,0
Director,Steve Antin,1,1,0
Director,Aniruddha Roy Chowdhury,1,1,0
Director,Jennifer Brea,1,1,0
Director,Ted Geoghegan,1,1,0
Director,Michael Fahey,1,1,0
Director,Nonzee Nimibutr,1,1,0
Director,Adam Del Giudice,1,1,0
Director,Arthur Penn,1,1,0
Director,Matt Bell,1,1,0
Director,Peter Facinelli,1,1,0
Director,Sabina Fedeli,1,1,0
Director,Sivaroj Kongsakul,1,0,1
Director,Jon Izen,1,1,0
Director,Joshua Brown,1,1,0
Director,Mehmet Ada Öztekin,1,1,0
Director,Danny J. Boyle,1,1,0
Director,Atul Sabharwal,1,1,0
Director,Deepti Kakkar,1,0,1
Director,Olav Njaastad,1,1,0
Director,Gary Wheeler,1,1,0
Director,David Felix Sutcliffe,1,1,0
Director,Venkatesh Maha,1,1,0
Director,Tony Abulu,1,1,0
Director,Ramesh Sippy,1,1,0
Director,Holger Tappe,1,1,0
Director,Majid Majidi,1,1,0
Director,Alex Stapleton,1,1,0
Director,Elizabeth Wood,1,1,0
Director,Oren Uziel,1,1,0
Director,Gary Young,1,1,0
Director,Tarek Abdel Moaty,1,1,0
Director,Tatsushi Omori,1,1,0
Director,Barry Jenkins,1,1,0
Director,Rob LaDuca,1,1,0
Director,Tekin Girgin,1,1,0
Director,Amir Galvan Cervera,1,1,0
Director,Santram Varma,1,1,0
Director,Krzysztof Zanussi,1,1,0
Director,Che Sandoval,1,1,0
Director,Honey Trehan,1,1,0
Director,Rajesh Mapuskar,1,1,0
Director,Nicholas de Pencier,1,1,0
Director,Asim Raza,1,1,0
Director,Alejandro Martinez-Beltran,1,1,0
Director,Jan Komasa,1,1,0
Director,Marc Meyers,1,1,0
Director,Elle-Máijá Tailfeathers,1,1,0
Director,Zach Braff,1,1,0
Director,Barry Gonzalez,1,1,0
Director,Sandra Restrepo,1,1,0
Director,Ousmane Ly,1,0,1
Director,Neri Parenti,1,1,0
Director,Rusty Nixon,1,1,0
Director,Alejandro Ruax,1,1,0
Director,Maya Forbes,1,1,0
Director,Ariel Vromen,1,1,0
Director,David Hunt,1,1,0
Director,Prawal Raman,1,1,0
Director,Chandra Liow,1,1,0
Director,Alex Garland,1,1,0
Director,Juliana Vicente,1,0,1
Director,Edgar Wright,1,1,0
Director,Fernando Villena,1,1,0
Director,Mahmoud al Massad,1,1,0
Director,Gurudev Bhalla,1,1,0
Director,George Stevens,1,1,0
Director,Shanawaz Nellikunnil,1,1,0
Director,Phyllida Lloyd,1,1,0
Director,Richard Greenberg,1,1,0
Director,Andrucha Waddington,1,0,1
Director,Nicky Slimting Walker,1,1,0
Director,Gabriel Sabloff,1,1,0
Director,Benjamin Arfmann,1,1,0
Director,Pulkit,1,1,0
Director,Aleksey German,1,1,0
Director,Brian Skiba,1,1,0
Director,V. Scott Balcerek,1,1,0
Director,Raúl Campos Delgado,1,1,0
Director,Fernando Sariñana,1,1,0
Director,Adam Nee,1,1,0
Director,Borja Cobeaga,1,1,0
Director,Jee-woon Kim,1,1,0
Director,Akshay Sanjeev Chavan,1,1,0
Director,Matt Wechsler,1,1,0
Director,Einar Gabbassov,1,1,0
Director,Joe Swanberg,1,1,0
Director,Charlie Haskell,1,1,0
Director,Richard Phelan,1,1,0
Director,Jesse Vile,1,0,1
Director,Louis Leterrier,1,1,0
Director,Mitch Gould,1,1,0
Director,Todd Wider,1,1,0
Director,Renato De Maria,1,1,0
Director,Geetu Mohandas,1,1,0
Director,Mark McQueen,1,1,0
Director,Adam Salky,1,1,0
Director,Alessandra de Rossi,1,1,0
Director,Will Canon,1,1,0
Director,Ben Patterson,1,1,0
Director,Albert Hughes,1,1,0
Director,Michel Tikhomiroff,1,0,1
Director,Nicholas Hytner,1,1,0
Director,Rodrigo Eba,1,1,0
Director,Ahmet Katıksız,1,0,1
Director,Giancarlo Esposito,1,1,0
Director,Mark Craig,1,1,0
Director,Abhishek Varman,1,1,0
Director,Jaume Collet-Serra,1,1,0
Director,Remi Weekes,1,1,0
Director,Vincente Minnelli,1,1,0
Director,Charles Walters,1,1,0
Director,Siu-hung Chung,1,1,0
Director,Christian Zübert,1,1,0
Director,David Guy Levy,1,1,0
Director,Henrik Ruben Genz,1,1,0
Director,Ramiro Martínez,1,1,0
Director,Joel Hopkins,1,1,0
Director,Norberto López Amado,1,1,0
Director,Rodrigo Triana,1,1,0
Director,Junior Carelli,1,1,0
Director,Haissam Hussain,1,1,0
Director,Puneet Sira,1,1,0
Director,So Yong Kim,1,1,0
Director,Erich Sturm,1,1,0
Director,Tony Kaye,1,1,0
Director,Hanno Olderdissen,1,1,0
Director,Sakon Tiacharoen,1,0,1
Director,Matheus Souza,1,1,0
Director,Songyos Sugmakanan,1,1,0
Director,Leandro Mark,1,1,0
Director,Nuhash Humayun,1,1,0
Director,Robert C. Ramirez,1,1,0
Director,Alan Yang,1,1,0
Director,Armando Iannucci,1,1,0
Director,Manjari Makijany,1,1,0
Director,Jon Reiner,1,1,0
Director,Kyle Rideout,1,1,0
Director,Brit McAdams,1,1,0
Director,Lucien Bourjeily,1,1,0
Director,Amy Rice,1,1,0
Director,Tiffanie Hsu,1,1,0
Director,Louis Pepe,1,1,0
Director,Dheeraj Berry,1,0,1
Director,Joe Nussbaum,1,1,0
Director,Adam Davis,1,1,0
Director,Kalvadour Peterson,1,1,0
Director,Jamie M. Dagg,1,1,0
Director,Isa Campo,1,1,0
Director,Sam de Jong,1,1,0
